eval_accuracy = 0.7818627450980392
eval_combined_score = 0.8138083222890543
eval_f1 = 0.8457538994800694
eval_loss = 0.49248895049095154
eval_runtime = 1.5216
eval_samples_per_second = 268.142
