eval_accuracy = 0.7745098039215687
eval_combined_score = 0.8090236094437775
eval_f1 = 0.8435374149659864
eval_loss = 0.4908553957939148
eval_runtime = 1.525
eval_samples_per_second = 267.542
