eval_accuracy = 0.7867647058823529
eval_combined_score = 0.8185114407208667
eval_f1 = 0.8502581755593803
eval_loss = 0.4847334921360016
eval_runtime = 1.5206
eval_samples_per_second = 268.317
