eval_accuracy = 0.7279411764705882
eval_combined_score = 0.7639705882352941
eval_f1 = 0.8
eval_loss = 0.5666669607162476
eval_runtime = 1.6306
eval_samples_per_second = 250.213
