eval_accuracy = 0.7696078431372549
eval_combined_score = 0.8045991434116309
eval_f1 = 0.8395904436860069
eval_loss = 0.4990440011024475
eval_runtime = 1.5193
eval_samples_per_second = 268.538
