eval_accuracy = 0.7132352941176471
eval_combined_score = 0.7530778240499739
eval_f1 = 0.7929203539823008
eval_loss = 0.567747175693512
eval_runtime = 1.5154
eval_samples_per_second = 269.231
