eval_accuracy = 0.7671568627450981
eval_combined_score = 0.8015404348267805
eval_f1 = 0.8359240069084628
eval_loss = 0.5048593282699585
eval_runtime = 1.6007
eval_samples_per_second = 254.891
