eval_accuracy = 0.7867647058823529
eval_combined_score = 0.8179924049342441
eval_f1 = 0.8492201039861352
eval_loss = 0.48810771107673645
eval_runtime = 1.5566
eval_samples_per_second = 262.104
