eval_accuracy = 0.7818627450980392
eval_combined_score = 0.8148629964806435
eval_f1 = 0.847863247863248
eval_loss = 0.4831932783126831
eval_runtime = 1.5138
eval_samples_per_second = 269.521
