eval_accuracy = 0.7573529411764706
eval_combined_score = 0.7960387410389866
eval_f1 = 0.8347245409015026
eval_loss = 0.5088173151016235
eval_runtime = 1.6605
eval_samples_per_second = 245.713
