eval_accuracy = 0.7843137254901961
eval_combined_score = 0.8168143969916734
eval_f1 = 0.8493150684931506
eval_loss = 0.48252782225608826
eval_runtime = 1.5444
eval_samples_per_second = 264.181
