eval_accuracy = 0.7524509803921569
eval_combined_score = 0.790486950297946
eval_f1 = 0.8285229202037352
eval_loss = 0.5163590908050537
eval_runtime = 1.5464
eval_samples_per_second = 263.834
