eval_accuracy = 0.75
eval_combined_score = 0.7897157190635451
eval_f1 = 0.8294314381270903
eval_loss = 0.5147655606269836
eval_runtime = 1.5693
eval_samples_per_second = 259.986
