eval_accuracy = 0.7598039215686274
eval_combined_score = 0.7957095209217707
eval_f1 = 0.831615120274914
eval_loss = 0.5083513855934143
eval_runtime = 1.5152
eval_samples_per_second = 269.267
