eval_accuracy = 0.7818627450980392
eval_combined_score = 0.8140747231535101
eval_f1 = 0.8462867012089811
eval_loss = 0.4894145131111145
eval_runtime = 1.5258
eval_samples_per_second = 267.406
