eval_accuracy = 0.7696078431372549
eval_combined_score = 0.8051429046194749
eval_f1 = 0.8406779661016949
eval_loss = 0.4900440573692322
eval_runtime = 1.6713
eval_samples_per_second = 244.115
