eval_accuracy = 0.75
eval_combined_score = 0.7924757281553398
eval_f1 = 0.8349514563106796
eval_loss = 0.5374776124954224
eval_runtime = 1.5226
eval_samples_per_second = 267.967
