eval_accuracy = 0.7352941176470589
eval_combined_score = 0.7779460621457885
eval_f1 = 0.8205980066445182
eval_loss = 0.5456257462501526
eval_runtime = 1.5252
eval_samples_per_second = 267.513
