eval_accuracy = 0.6862745098039216
eval_combined_score = 0.7205318909172864
eval_f1 = 0.7547892720306514
eval_loss = 0.5952423214912415
eval_runtime = 1.6449
eval_samples_per_second = 248.041
