eval_accuracy = 0.7303921568627451
eval_combined_score = 0.7753267973856209
eval_f1 = 0.8202614379084968
eval_loss = 0.5640231370925903
eval_runtime = 1.5257
eval_samples_per_second = 267.421
