eval_accuracy = 0.7377450980392157
eval_combined_score = 0.7786533247363027
eval_f1 = 0.8195615514333896
eval_loss = 0.5360554456710815
eval_runtime = 1.5794
eval_samples_per_second = 258.323
