eval_accuracy = 0.7745098039215687
eval_combined_score = 0.8059828171551306
eval_f1 = 0.8374558303886926
eval_loss = 0.4901878535747528
eval_runtime = 1.5015
eval_samples_per_second = 271.735
