eval_accuracy = 0.7377450980392157
eval_combined_score = 0.7843543815630518
eval_f1 = 0.8309636650868878
eval_loss = 0.5758729577064514
eval_runtime = 1.5197
eval_samples_per_second = 268.474
