eval_accuracy = 0.7671568627450981
eval_combined_score = 0.8006813982137357
eval_f1 = 0.8342059336823735
eval_loss = 0.5039864182472229
eval_runtime = 1.5895
eval_samples_per_second = 256.679
