eval_accuracy = 0.7328431372549019
eval_combined_score = 0.7685759671911853
eval_f1 = 0.8043087971274686
eval_loss = 0.5499899387359619
eval_runtime = 1.5509
eval_samples_per_second = 263.076
