eval_accuracy = 0.7279411764705882
eval_combined_score = 0.7768434296795641
eval_f1 = 0.82574568288854
eval_loss = 0.57843416929245
eval_runtime = 1.5169
eval_samples_per_second = 268.965
