eval_accuracy = 0.7647058823529411
eval_combined_score = 0.8009970089730807
eval_f1 = 0.8372881355932202
eval_loss = 0.5102443695068359
eval_runtime = 1.8372
eval_samples_per_second = 222.081
