eval_accuracy = 0.7622549019607843
eval_combined_score = 0.7993399299011341
eval_f1 = 0.836424957841484
eval_loss = 0.5121074318885803
eval_runtime = 1.5703
eval_samples_per_second = 259.83
