eval_accuracy = 0.7598039215686274
eval_combined_score = 0.7976871956836425
eval_f1 = 0.8355704697986577
eval_loss = 0.49745216965675354
eval_runtime = 1.5972
eval_samples_per_second = 255.44
