eval_accuracy = 0.7475490196078431
eval_combined_score = 0.7848280503911409
eval_f1 = 0.8221070811744386
eval_loss = 0.5294671654701233
eval_runtime = 1.5184
eval_samples_per_second = 268.703
