eval_accuracy = 0.7720588235294118
eval_combined_score = 0.8065422322775264
eval_f1 = 0.841025641025641
eval_loss = 0.4923672378063202
eval_runtime = 1.5118
eval_samples_per_second = 269.878
