epoch = 1.37
eval_accuracy = 0.9293428519128684
eval_loss = 0.25229713320732117
eval_runtime = 24.8905
eval_samples_per_second = 219.482
