epoch = 6.6
eval_accuracy = 0.9344682408932821
eval_loss = 0.5705994963645935
eval_runtime = 25.1285
eval_samples_per_second = 217.402
