epoch = 3.02
eval_accuracy = 0.9361156873512722
eval_loss = 0.3842938244342804
eval_runtime = 24.2851
eval_samples_per_second = 224.953
