epoch = 2.93
eval_accuracy = 0.9295259015193117
eval_loss = 0.31666839122772217
eval_runtime = 25.2461
eval_samples_per_second = 216.39
