epoch = 4.81
eval_accuracy = 0.9311733479773019
eval_loss = 0.4331468939781189
eval_runtime = 25.8425
eval_samples_per_second = 211.396
