epoch = 3.46
eval_accuracy = 0.9344682408932821
eval_loss = 0.3446922302246094
eval_runtime = 24.5286
eval_samples_per_second = 222.72
