epoch = 5.73
eval_accuracy = 0.9350173897126122
eval_loss = 0.4927748441696167
eval_runtime = 26.6363
eval_samples_per_second = 205.096
