epoch = 4.67
eval_accuracy = 0.9267801574226615
eval_loss = 0.5440707206726074
eval_runtime = 24.7571
eval_samples_per_second = 220.664
