epoch = 0.6
eval_accuracy = 0.9189090243455976
eval_loss = 0.2246069610118866
eval_runtime = 28.2403
eval_samples_per_second = 193.447
