epoch = 5.98
eval_accuracy = 0.9348343401061687
eval_loss = 0.5638253092765808
eval_runtime = 25.1698
eval_samples_per_second = 217.046
