epoch = 6.8
eval_accuracy = 0.9368478857770456
eval_loss = 0.5821570158004761
eval_runtime = 24.2913
eval_samples_per_second = 224.895
