epoch = 0.89
eval_accuracy = 0.9313563975837452
eval_loss = 0.18704216182231903
eval_runtime = 24.6934
eval_samples_per_second = 221.234
