epoch = 6.94
eval_accuracy = 0.9355665385319422
eval_loss = 0.5869327783584595
eval_runtime = 25.3279
eval_samples_per_second = 215.691
