epoch = 0.46
eval_accuracy = 0.9159802306425041
eval_loss = 0.2101535052061081
eval_runtime = 24.2382
eval_samples_per_second = 225.388
