epoch = 4.31
eval_accuracy = 0.9315394471901886
eval_loss = 0.4359820783138275
eval_runtime = 26.774
eval_samples_per_second = 204.041
