epoch = 3.8
eval_accuracy = 0.9298920007321985
eval_loss = 0.45210880041122437
eval_runtime = 26.1218
eval_samples_per_second = 209.136
