epoch = 4.93
eval_accuracy = 0.9317224967966319
eval_loss = 0.48755770921707153
eval_runtime = 23.3103
eval_samples_per_second = 234.36
