epoch = 3.83
eval_accuracy = 0.9306241991579718
eval_loss = 0.4363780617713928
eval_runtime = 24.2657
eval_samples_per_second = 225.133
