epoch = 1.49
eval_accuracy = 0.9174446274940509
eval_loss = 0.2565334141254425
eval_runtime = 27.6902
eval_samples_per_second = 197.29
