epoch = 2.52
eval_accuracy = 0.9304411495515285
eval_loss = 0.30057626962661743
eval_runtime = 25.2219
eval_samples_per_second = 216.598
