epoch = 6.97
eval_accuracy = 0.9357495881383855
eval_loss = 0.5878633856773376
eval_runtime = 23.5544
eval_samples_per_second = 231.931
