epoch = 1.54
eval_accuracy = 0.9216547684422478
eval_loss = 0.2728296220302582
eval_runtime = 25.0855
eval_samples_per_second = 217.775
