epoch = 5.5
eval_accuracy = 0.9352004393190555
eval_loss = 0.5070013999938965
eval_runtime = 26.1797
eval_samples_per_second = 208.673
