epoch = 6.48
eval_accuracy = 0.9355665385319422
eval_loss = 0.6062522530555725
eval_runtime = 25.811
eval_samples_per_second = 211.654
