epoch = 5.68
eval_accuracy = 0.9348343401061687
eval_loss = 0.4957730174064636
eval_runtime = 25.3074
eval_samples_per_second = 215.866
