epoch = 6.74
eval_accuracy = 0.9355665385319422
eval_loss = 0.5744273066520691
eval_runtime = 24.7633
eval_samples_per_second = 220.609
