epoch = 1.92
eval_accuracy = 0.9317224967966319
eval_loss = 0.20660613477230072
eval_runtime = 24.632
eval_samples_per_second = 221.785
