epoch = 6.44
eval_accuracy = 0.9344682408932821
eval_loss = 0.5987868309020996
eval_runtime = 24.8956
eval_samples_per_second = 219.437
