epoch = 5.87
eval_accuracy = 0.9346512904997254
eval_loss = 0.5208234190940857
eval_runtime = 29.0157
eval_samples_per_second = 188.278
