epoch = 5.38
eval_accuracy = 0.9350173897126122
eval_loss = 0.5410540699958801
eval_runtime = 26.4233
eval_samples_per_second = 206.75
