epoch = 6.83
eval_accuracy = 0.9352004393190555
eval_loss = 0.5870020389556885
eval_runtime = 25.4308
eval_samples_per_second = 214.818
