epoch = 5.45
eval_accuracy = 0.9357495881383855
eval_loss = 0.5288517475128174
eval_runtime = 23.8965
eval_samples_per_second = 228.611
