epoch = 4.38
eval_accuracy = 0.9298920007321985
eval_loss = 0.4631916582584381
eval_runtime = 23.9509
eval_samples_per_second = 228.091
