epoch = 4.54
eval_accuracy = 0.9348343401061687
eval_loss = 0.4586319923400879
eval_runtime = 28.3902
eval_samples_per_second = 192.426
