epoch = 2.77
eval_accuracy = 0.9348343401061687
eval_loss = 0.33666175603866577
eval_runtime = 25.044
eval_samples_per_second = 218.136
