epoch = 5.61
eval_accuracy = 0.9353834889254988
eval_loss = 0.5401412844657898
eval_runtime = 25.5777
eval_samples_per_second = 213.585
