epoch = 3.85
eval_accuracy = 0.9326377448288486
eval_loss = 0.37162262201309204
eval_runtime = 24.8787
eval_samples_per_second = 219.585
