epoch = 2.68
eval_accuracy = 0.9309902983708584
eval_loss = 0.34440356492996216
eval_runtime = 25.0572
eval_samples_per_second = 218.021
