epoch = 6.3
eval_accuracy = 0.9357495881383855
eval_loss = 0.5647786259651184
eval_runtime = 23.9959
eval_samples_per_second = 227.664
