epoch = 3.48
eval_accuracy = 0.9361156873512722
eval_loss = 0.37959590554237366
eval_runtime = 24.3097
eval_samples_per_second = 224.726
