epoch = 2.41
eval_accuracy = 0.928610653487095
eval_loss = 0.32710424065589905
eval_runtime = 25.9934
eval_samples_per_second = 210.169
