epoch = 2.43
eval_accuracy = 0.9313563975837452
eval_loss = 0.321420282125473
eval_runtime = 25.4375
eval_samples_per_second = 214.762
