epoch = 4.51
eval_accuracy = 0.9352004393190555
eval_loss = 0.4542568624019623
eval_runtime = 25.98
eval_samples_per_second = 210.277
