epoch = 4.99
eval_accuracy = 0.9320885960095185
eval_loss = 0.47987866401672363
eval_runtime = 25.5258
eval_samples_per_second = 214.018
