epoch = 5.48
eval_accuracy = 0.9335529928610653
eval_loss = 0.5382694005966187
eval_runtime = 25.3277
eval_samples_per_second = 215.693
