epoch = 1.28
eval_accuracy = 0.9304411495515285
eval_loss = 0.2852270007133484
eval_runtime = 24.3954
eval_samples_per_second = 223.935
