epoch = 5.04
eval_accuracy = 0.933369943254622
eval_loss = 0.5360358357429504
eval_runtime = 24.6561
eval_samples_per_second = 221.568
