epoch = 6.92
eval_accuracy = 0.9355665385319422
eval_loss = 0.5882500410079956
eval_runtime = 24.4666
eval_samples_per_second = 223.284
