epoch = 5.11
eval_accuracy = 0.9319055464030752
eval_loss = 0.5137102007865906
eval_runtime = 23.5543
eval_samples_per_second = 231.933
