epoch = 4.26
eval_accuracy = 0.9344682408932821
eval_loss = 0.447660893201828
eval_runtime = 24.5881
eval_samples_per_second = 222.181
