epoch = 1.51
eval_accuracy = 0.9315394471901886
eval_loss = 0.20709320902824402
eval_runtime = 24.1618
eval_samples_per_second = 226.101
