epoch = 4.86
eval_accuracy = 0.9308072487644151
eval_loss = 0.49718543887138367
eval_runtime = 24.3891
eval_samples_per_second = 223.994
