epoch = 3.05
eval_accuracy = 0.9324546952224053
eval_loss = 0.3730219304561615
eval_runtime = 25.5976
eval_samples_per_second = 213.418
