epoch = 1.63
eval_accuracy = 0.9275123558484349
eval_loss = 0.3027735650539398
eval_runtime = 24.4351
eval_samples_per_second = 223.571
