epoch = 1.26
eval_accuracy = 0.9251327109646714
eval_loss = 0.24317555129528046
eval_runtime = 24.4721
eval_samples_per_second = 223.233
