epoch = 5.77
eval_accuracy = 0.9359326377448288
eval_loss = 0.5214015245437622
eval_runtime = 24.5358
eval_samples_per_second = 222.655
