epoch = 2.66
eval_accuracy = 0.9319055464030752
eval_loss = 0.3178345263004303
eval_runtime = 24.3657
eval_samples_per_second = 224.208
