epoch = 3.39
eval_accuracy = 0.9330038440417353
eval_loss = 0.3811591565608978
eval_runtime = 24.7911
eval_samples_per_second = 220.361
