epoch = 1.1
eval_accuracy = 0.929159802306425
eval_loss = 0.29381901025772095
eval_runtime = 25.1746
eval_samples_per_second = 217.004
