epoch = 2.25
eval_accuracy = 0.9346512904997254
eval_loss = 0.33782491087913513
eval_runtime = 25.059
eval_samples_per_second = 218.005
