epoch = 3.53
eval_accuracy = 0.9331868936481786
eval_loss = 0.3901107609272003
eval_runtime = 24.2718
eval_samples_per_second = 225.076
