epoch = 2.27
eval_accuracy = 0.9339190920739521
eval_loss = 0.3244728147983551
eval_runtime = 24.3302
eval_samples_per_second = 224.535
