epoch = 1.21
eval_accuracy = 0.9253157605711148
eval_loss = 0.2233942151069641
eval_runtime = 24.9357
eval_samples_per_second = 219.083
