epoch = 4.74
eval_accuracy = 0.9326377448288486
eval_loss = 0.4623356759548187
eval_runtime = 24.9076
eval_samples_per_second = 219.331
