epoch = 5.18
eval_accuracy = 0.9319055464030752
eval_loss = 0.5111134052276611
eval_runtime = 28.289
eval_samples_per_second = 193.114
