epoch = 5.57
eval_accuracy = 0.9352004393190555
eval_loss = 0.5290480256080627
eval_runtime = 25.3159
eval_samples_per_second = 215.793
