epoch = 5.64
eval_accuracy = 0.9352004393190555
eval_loss = 0.5252294540405273
eval_runtime = 26.6166
eval_samples_per_second = 205.248
