epoch = 4.15
eval_accuracy = 0.9298920007321985
eval_loss = 0.479097455739975
eval_runtime = 23.6599
eval_samples_per_second = 230.897
