epoch = 3.55
eval_accuracy = 0.9362987369577156
eval_loss = 0.36244991421699524
eval_runtime = 25.1293
eval_samples_per_second = 217.396
