epoch = 1.15
eval_accuracy = 0.9355665385319422
eval_loss = 0.26248854398727417
eval_runtime = 26.2968
eval_samples_per_second = 207.744
