epoch = 2.34
eval_accuracy = 0.9311733479773019
eval_loss = 0.29275956749916077
eval_runtime = 25.2164
eval_samples_per_second = 216.644
