epoch = 3.64
eval_accuracy = 0.9344682408932821
eval_loss = 0.42770567536354065
eval_runtime = 24.6446
eval_samples_per_second = 221.671
