epoch = 5.13
eval_accuracy = 0.9350173897126122
eval_loss = 0.5308165550231934
eval_runtime = 23.7496
eval_samples_per_second = 230.025
