epoch = 3.62
eval_accuracy = 0.9324546952224053
eval_loss = 0.4055468440055847
eval_runtime = 26.6925
eval_samples_per_second = 204.664
