epoch = 4.9
eval_accuracy = 0.9326377448288486
eval_loss = 0.4707028567790985
eval_runtime = 23.6824
eval_samples_per_second = 230.677
