epoch = 1.56
eval_accuracy = 0.9271462566355483
eval_loss = 0.2628316283226013
eval_runtime = 25.4223
eval_samples_per_second = 214.89
