epoch = 1.47
eval_accuracy = 0.9319055464030752
eval_loss = 0.23607245087623596
eval_runtime = 24.3421
eval_samples_per_second = 224.426
