epoch = 6.23
eval_accuracy = 0.9366648361706023
eval_loss = 0.5689736604690552
eval_runtime = 27.1818
eval_samples_per_second = 200.98
