epoch = 4.63
eval_accuracy = 0.9353834889254988
eval_loss = 0.4834690988063812
eval_runtime = 25.7971
eval_samples_per_second = 211.768
