epoch = 0.48
eval_accuracy = 0.9218378180486912
eval_loss = 0.20528090000152588
eval_runtime = 24.3111
eval_samples_per_second = 224.712
