epoch = 2.02
eval_accuracy = 0.9320885960095185
eval_loss = 0.3462238907814026
eval_runtime = 24.1473
eval_samples_per_second = 226.236
