epoch = 3.25
eval_accuracy = 0.9337360424675087
eval_loss = 0.38781991600990295
eval_runtime = 24.3367
eval_samples_per_second = 224.475
