epoch = 6.32
eval_accuracy = 0.9346512904997254
eval_loss = 0.5816953778266907
eval_runtime = 25.6077
eval_samples_per_second = 213.334
