epoch = 5.96
eval_accuracy = 0.9355665385319422
eval_loss = 0.5492004156112671
eval_runtime = 24.333
eval_samples_per_second = 224.51
