epoch = 0.69
eval_accuracy = 0.9275123558484349
eval_loss = 0.206107959151268
eval_runtime = 23.6147
eval_samples_per_second = 231.339
