epoch = 0.44
eval_accuracy = 0.9163463298553908
eval_loss = 0.2303290069103241
eval_runtime = 23.6768
eval_samples_per_second = 230.732
