epoch = 2.96
eval_accuracy = 0.9326377448288486
eval_loss = 0.3502277433872223
eval_runtime = 24.8334
eval_samples_per_second = 219.986
