epoch = 4.56
eval_accuracy = 0.9335529928610653
eval_loss = 0.445436954498291
eval_runtime = 25.2399
eval_samples_per_second = 216.443
