epoch = 6.85
eval_accuracy = 0.9353834889254988
eval_loss = 0.5869646668434143
eval_runtime = 24.3592
eval_samples_per_second = 224.268
