epoch = 6.16
eval_accuracy = 0.9361156873512722
eval_loss = 0.5916948318481445
eval_runtime = 25.3887
eval_samples_per_second = 215.175
