epoch = 6.76
eval_accuracy = 0.9355665385319422
eval_loss = 0.5787361860275269
eval_runtime = 25.1083
eval_samples_per_second = 217.578
