epoch = 6.58
eval_accuracy = 0.9352004393190555
eval_loss = 0.5864906907081604
eval_runtime = 24.3886
eval_samples_per_second = 223.998
