epoch = 4.95
eval_accuracy = 0.9341021416803954
eval_loss = 0.4697703719139099
eval_runtime = 24.9959
eval_samples_per_second = 218.555
