epoch = 1.9
eval_accuracy = 0.9306241991579718
eval_loss = 0.2752452492713928
eval_runtime = 24.8121
eval_samples_per_second = 220.175
