epoch = 0.39
eval_accuracy = 0.9218378180486912
eval_loss = 0.22341309487819672
eval_runtime = 24.3765
eval_samples_per_second = 224.109
