epoch = 1.05
eval_accuracy = 0.9298920007321985
eval_loss = 0.2523421049118042
eval_runtime = 25.1336
eval_samples_per_second = 217.359
