epoch = 5.82
eval_accuracy = 0.9330038440417353
eval_loss = 0.5396047830581665
eval_runtime = 23.5335
eval_samples_per_second = 232.137
