epoch = 4.24
eval_accuracy = 0.9348343401061687
eval_loss = 0.47071871161460876
eval_runtime = 25.848
eval_samples_per_second = 211.351
