epoch = 2.38
eval_accuracy = 0.9304411495515285
eval_loss = 0.3141308128833771
eval_runtime = 24.8072
eval_samples_per_second = 220.219
