epoch = 3.41
eval_accuracy = 0.9341021416803954
eval_loss = 0.3675951063632965
eval_runtime = 25.6266
eval_samples_per_second = 213.177
