epoch = 3.21
eval_accuracy = 0.9330038440417353
eval_loss = 0.40246686339378357
eval_runtime = 28.7482
eval_samples_per_second = 190.029
