epoch = 1.83
eval_accuracy = 0.9280615046677649
eval_loss = 0.26158323884010315
eval_runtime = 25.1592
eval_samples_per_second = 217.138
