epoch = 3.44
eval_accuracy = 0.9324546952224053
eval_loss = 0.3635779619216919
eval_runtime = 24.6094
eval_samples_per_second = 221.988
