epoch = 4.1
eval_accuracy = 0.9309902983708584
eval_loss = 0.4759448766708374
eval_runtime = 24.6794
eval_samples_per_second = 221.359
