epoch = 1.33
eval_accuracy = 0.928610653487095
eval_loss = 0.27034640312194824
eval_runtime = 25.014
eval_samples_per_second = 218.398
