epoch = 6.67
eval_accuracy = 0.9368478857770456
eval_loss = 0.5761573910713196
eval_runtime = 25.0869
eval_samples_per_second = 217.763
