epoch = 3.6
eval_accuracy = 0.9267801574226615
eval_loss = 0.41075626015663147
eval_runtime = 25.61
eval_samples_per_second = 213.315
