epoch = 0.85
eval_accuracy = 0.9218378180486912
eval_loss = 0.21074381470680237
eval_runtime = 25.2783
eval_samples_per_second = 216.114
