epoch = 1.97
eval_accuracy = 0.9295259015193117
eval_loss = 0.2795184850692749
eval_runtime = 25.717
eval_samples_per_second = 212.427
