epoch = 2.15
eval_accuracy = 0.9315394471901886
eval_loss = 0.33863064646720886
eval_runtime = 24.6171
eval_samples_per_second = 221.919
