epoch = 3.09
eval_accuracy = 0.9326377448288486
eval_loss = 0.3795139789581299
eval_runtime = 25.8184
eval_samples_per_second = 211.594
