epoch = 6.87
eval_accuracy = 0.9348343401061687
eval_loss = 0.5881007313728333
eval_runtime = 25.5418
eval_samples_per_second = 213.884
