epoch = 4.08
eval_accuracy = 0.9295259015193117
eval_loss = 0.4883047640323639
eval_runtime = 25.1724
eval_samples_per_second = 217.023
