epoch = 2.82
eval_accuracy = 0.9287937030935384
eval_loss = 0.3564086854457855
eval_runtime = 24.7458
eval_samples_per_second = 220.765
