epoch = 3.71
eval_accuracy = 0.9341021416803954
eval_loss = 0.3767379820346832
eval_runtime = 25.1427
eval_samples_per_second = 217.28
