eval_combined_score = 0.813672675056861
eval_loss = 0.8247286677360535
eval_pearson = 0.8164250759073128
eval_runtime = 5.6789
eval_samples_per_second = 264.136
eval_spearmanr = 0.8109202742064093
