eval_combined_score = 0.8400793330479914
eval_loss = 0.7458077669143677
eval_pearson = 0.8419626898165441
eval_runtime = 5.748
eval_samples_per_second = 260.962
eval_spearmanr = 0.8381959762794386
