eval_combined_score = 0.8265380079205278
eval_loss = 0.7901042699813843
eval_pearson = 0.8282013174262056
eval_runtime = 5.7246
eval_samples_per_second = 262.028
eval_spearmanr = 0.8248746984148498
