eval_combined_score = 0.7556553912658737
eval_loss = 1.0303200483322144
eval_pearson = 0.7571661346449486
eval_runtime = 5.7512
eval_samples_per_second = 260.816
eval_spearmanr = 0.7541446478867988
