eval_combined_score = 0.8253575031912808
eval_loss = 0.76352858543396
eval_pearson = 0.8276914498129538
eval_runtime = 6.1203
eval_samples_per_second = 245.087
eval_spearmanr = 0.8230235565696076
