eval_combined_score = 0.654004969332136
eval_loss = 1.2962925434112549
eval_pearson = 0.654255271000463
eval_runtime = 5.7166
eval_samples_per_second = 262.393
eval_spearmanr = 0.6537546676638091
