eval_combined_score = 0.8039576765012442
eval_loss = 0.9155454039573669
eval_pearson = 0.8054858604488224
eval_runtime = 5.9844
eval_samples_per_second = 250.652
eval_spearmanr = 0.8024294925536659
