eval_combined_score = 0.7889657872350754
eval_loss = 0.9573352932929993
eval_pearson = 0.7897849084864987
eval_runtime = 5.8835
eval_samples_per_second = 254.95
eval_spearmanr = 0.788146665983652
