eval_combined_score = 0.8474397967126936
eval_loss = 0.723334550857544
eval_pearson = 0.8489295068194405
eval_runtime = 5.69
eval_samples_per_second = 263.621
eval_spearmanr = 0.8459500866059468
