eval_combined_score = 0.842628407227233
eval_loss = 0.7542293071746826
eval_pearson = 0.8446570162335634
eval_runtime = 6.0721
eval_samples_per_second = 247.033
eval_spearmanr = 0.8405997982209027
