eval_combined_score = 0.8474961408812423
eval_loss = 0.722018301486969
eval_pearson = 0.8489872146915977
eval_runtime = 5.6638
eval_samples_per_second = 264.838
eval_spearmanr = 0.8460050670708869
