eval_combined_score = 0.7659428790556637
eval_loss = 0.9916702508926392
eval_pearson = 0.7671678591649718
eval_runtime = 5.6945
eval_samples_per_second = 263.41
eval_spearmanr = 0.7647178989463556
