eval_combined_score = 0.8461364774278177
eval_loss = 0.7490289807319641
eval_pearson = 0.8477483336449617
eval_runtime = 5.7647
eval_samples_per_second = 260.205
eval_spearmanr = 0.8445246212106736
