eval_combined_score = 0.5062158924112184
eval_loss = 3.4602503776550293
eval_pearson = 0.5141263915574407
eval_runtime = 5.6914
eval_samples_per_second = 263.554
eval_spearmanr = 0.49830539326499623
