eval_combined_score = 0.8471762898613144
eval_loss = 0.7227691411972046
eval_pearson = 0.8486003064202792
eval_runtime = 6.4525
eval_samples_per_second = 232.467
eval_spearmanr = 0.8457522733023498
