eval_combined_score = 0.8405642578699571
eval_loss = 0.7929850220680237
eval_pearson = 0.8423209447329013
eval_runtime = 6.0172
eval_samples_per_second = 249.286
eval_spearmanr = 0.838807571007013
