eval_combined_score = 0.8313412603696572
eval_loss = 0.7931988835334778
eval_pearson = 0.8319576172247601
eval_runtime = 5.9976
eval_samples_per_second = 250.099
eval_spearmanr = 0.8307249035145542
