eval_combined_score = 0.7582231072852176
eval_loss = 0.9507589340209961
eval_pearson = 0.7607473592067489
eval_runtime = 6.2835
eval_samples_per_second = 238.722
eval_spearmanr = 0.7556988553636863
