eval_combined_score = 0.8407383067823536
eval_loss = 0.7969629168510437
eval_pearson = 0.8423522789941782
eval_runtime = 5.8344
eval_samples_per_second = 257.096
eval_spearmanr = 0.839124334570529
