eval_combined_score = 0.7032817649953473
eval_loss = 1.159313678741455
eval_pearson = 0.7009052360688726
eval_runtime = 5.8126
eval_samples_per_second = 258.058
eval_spearmanr = 0.705658293921822
