eval_combined_score = 0.8397024261405195
eval_loss = 0.7192342281341553
eval_pearson = 0.8418095258817734
eval_runtime = 5.7178
eval_samples_per_second = 262.338
eval_spearmanr = 0.8375953263992656
