eval_combined_score = 0.8413393268963831
eval_loss = 0.7769166827201843
eval_pearson = 0.8427534467841378
eval_runtime = 6.3155
eval_samples_per_second = 237.509
eval_spearmanr = 0.8399252070086286
