eval_combined_score = 0.8467291171456128
eval_loss = 0.7202227115631104
eval_pearson = 0.8484444597185057
eval_runtime = 5.9482
eval_samples_per_second = 252.177
eval_spearmanr = 0.84501377457272
