eval_combined_score = 0.8190444771555839
eval_loss = 0.8285266757011414
eval_pearson = 0.8207765867312171
eval_runtime = 5.7179
eval_samples_per_second = 262.334
eval_spearmanr = 0.8173123675799507
