eval_combined_score = 0.8304368166175747
eval_loss = 0.752103328704834
eval_pearson = 0.8322446546526968
eval_runtime = 5.8312
eval_samples_per_second = 257.235
eval_spearmanr = 0.8286289785824527
