eval_combined_score = 0.7930086589092611
eval_loss = 0.8988386988639832
eval_pearson = 0.7944873648055261
eval_runtime = 5.7412
eval_samples_per_second = 261.269
eval_spearmanr = 0.7915299530129961
