eval_combined_score = 0.8367997955366813
eval_loss = 0.7348560094833374
eval_pearson = 0.8389504126121198
eval_runtime = 5.7339
eval_samples_per_second = 261.602
eval_spearmanr = 0.8346491784612429
