eval_combined_score = 0.7216006495553311
eval_loss = 1.0835044384002686
eval_pearson = 0.7223363129509668
eval_runtime = 5.7021
eval_samples_per_second = 263.062
eval_spearmanr = 0.7208649861596954
