eval_combined_score = 0.8429426588698352
eval_loss = 0.7334869503974915
eval_pearson = 0.8450594392917739
eval_runtime = 5.9608
eval_samples_per_second = 251.644
eval_spearmanr = 0.8408258784478965
