eval_combined_score = 0.8473221980549809
eval_loss = 0.7259979844093323
eval_pearson = 0.848805416342158
eval_runtime = 5.8938
eval_samples_per_second = 254.505
eval_spearmanr = 0.8458389797678038
