eval_combined_score = 0.834419568941625
eval_loss = 0.769618809223175
eval_pearson = 0.8364644734451676
eval_runtime = 5.7116
eval_samples_per_second = 262.622
eval_spearmanr = 0.8323746644380823
