eval_combined_score = 0.8472384851065125
eval_loss = 0.714975118637085
eval_pearson = 0.8487035420918242
eval_runtime = 5.7424
eval_samples_per_second = 261.217
eval_spearmanr = 0.8457734281212007
