eval_combined_score = 0.7916753795321199
eval_loss = 0.9469639658927917
eval_pearson = 0.7928240843227962
eval_runtime = 5.7295
eval_samples_per_second = 261.803
eval_spearmanr = 0.7905266747414437
