eval_combined_score = 0.8200642837373657
eval_loss = 0.8838879466056824
eval_pearson = 0.8218688060033821
eval_runtime = 5.701
eval_samples_per_second = 263.111
eval_spearmanr = 0.8182597614713495
