eval_combined_score = 0.8168955173922215
eval_loss = 0.7926038503646851
eval_pearson = 0.8190758576066322
eval_runtime = 5.6462
eval_samples_per_second = 265.664
eval_spearmanr = 0.814715177177811
