eval_combined_score = 0.7090661485196851
eval_loss = 1.1654784679412842
eval_pearson = 0.7070636183432473
eval_runtime = 6.1675
eval_samples_per_second = 243.212
eval_spearmanr = 0.7110686786961229
