eval_combined_score = 0.8123675502302281
eval_loss = 0.8227270245552063
eval_pearson = 0.8144797929045271
eval_runtime = 5.8733
eval_samples_per_second = 255.394
eval_spearmanr = 0.810255307555929
