eval_combined_score = 0.84147063471623
eval_loss = 0.7630432844161987
eval_pearson = 0.8429127758757754
eval_runtime = 5.7827
eval_samples_per_second = 259.393
eval_spearmanr = 0.8400284935566844
