eval_combined_score = 0.8323031359984745
eval_loss = 0.7733340859413147
eval_pearson = 0.8330564924690325
eval_runtime = 5.8245
eval_samples_per_second = 257.532
eval_spearmanr = 0.8315497795279166
