eval_combined_score = 0.8461571379591182
eval_loss = 0.7538040280342102
eval_pearson = 0.8476354909002422
eval_runtime = 5.7925
eval_samples_per_second = 258.954
eval_spearmanr = 0.8446787850179943
