eval_combined_score = 0.8442852933324303
eval_loss = 0.7374838590621948
eval_pearson = 0.8461391644057622
eval_runtime = 5.8939
eval_samples_per_second = 254.498
eval_spearmanr = 0.8424314222590985
