eval_combined_score = 0.8144279997939741
eval_loss = 0.8932512998580933
eval_pearson = 0.8159830923631437
eval_runtime = 5.7587
eval_samples_per_second = 260.475
eval_spearmanr = 0.8128729072248043
