eval_combined_score = 0.8431352061779573
eval_loss = 0.7516682744026184
eval_pearson = 0.8451510176914857
eval_runtime = 5.7423
eval_samples_per_second = 261.218
eval_spearmanr = 0.841119394664429
