eval_combined_score = 0.8351304629303752
eval_loss = 0.7329246401786804
eval_pearson = 0.8372806880515571
eval_runtime = 5.7061
eval_samples_per_second = 262.876
eval_spearmanr = 0.8329802378091933
