eval_combined_score = 0.8087718614004684
eval_loss = 0.8018883466720581
eval_pearson = 0.8116489431614106
eval_runtime = 6.6327
eval_samples_per_second = 226.152
eval_spearmanr = 0.8058947796395262
