eval_combined_score = 0.8374777694570151
eval_loss = 0.7248144745826721
eval_pearson = 0.839723623396348
eval_runtime = 6.0621
eval_samples_per_second = 247.439
eval_spearmanr = 0.8352319155176823
