eval_combined_score = 0.763546091624088
eval_loss = 0.9502937197685242
eval_pearson = 0.7655612188826668
eval_runtime = 5.7554
eval_samples_per_second = 260.626
eval_spearmanr = 0.7615309643655093
