eval_combined_score = 0.8463263324684238
eval_loss = 0.7338446974754333
eval_pearson = 0.8478755239791781
eval_runtime = 5.7321
eval_samples_per_second = 261.684
eval_spearmanr = 0.8447771409576695
