eval_combined_score = 0.8475295140960045
eval_loss = 0.7222428321838379
eval_pearson = 0.8490049166033338
eval_runtime = 5.7422
eval_samples_per_second = 261.223
eval_spearmanr = 0.8460541115886753
