eval_combined_score = 0.6962716638597348
eval_loss = 1.2115110158920288
eval_pearson = 0.6926348115194443
eval_runtime = 5.7258
eval_samples_per_second = 261.973
eval_spearmanr = 0.6999085162000254
