eval_combined_score = 0.6796029791166898
eval_loss = 1.3409154415130615
eval_pearson = 0.6751255134406262
eval_runtime = 5.717
eval_samples_per_second = 262.377
eval_spearmanr = 0.6840804447927532
