eval_combined_score = 0.5549667970331036
eval_loss = 1.538090467453003
eval_pearson = 0.5667034936815404
eval_runtime = 5.7347
eval_samples_per_second = 261.565
eval_spearmanr = 0.5432301003846667
