eval_combined_score = 0.8125807434134613
eval_loss = 0.8229944109916687
eval_pearson = 0.8153954625263675
eval_runtime = 5.7513
eval_samples_per_second = 260.809
eval_spearmanr = 0.809766024300555
