eval_combined_score = 0.835526813983436
eval_loss = 0.7700338363647461
eval_pearson = 0.8374920748104042
eval_runtime = 5.7355
eval_samples_per_second = 261.529
eval_spearmanr = 0.8335615531564677
