eval_combined_score = 0.7779986309423564
eval_loss = 0.9696559309959412
eval_pearson = 0.7783442543790704
eval_runtime = 5.7431
eval_samples_per_second = 261.185
eval_spearmanr = 0.7776530075056425
