eval_combined_score = 0.6688107279456095
eval_loss = 1.2716084718704224
eval_pearson = 0.6667062123430276
eval_runtime = 5.7494
eval_samples_per_second = 260.897
eval_spearmanr = 0.6709152435481912
