eval_combined_score = 0.6189584999238804
eval_loss = 1.4386041164398193
eval_pearson = 0.614517313959359
eval_runtime = 6.0291
eval_samples_per_second = 248.795
eval_spearmanr = 0.6233996858884018
