eval_combined_score = 0.843622697391408
eval_loss = 0.7630219459533691
eval_pearson = 0.8454808377520187
eval_runtime = 5.9723
eval_samples_per_second = 251.159
eval_spearmanr = 0.8417645570307973
