eval_combined_score = 0.8330006903842434
eval_loss = 0.7248207926750183
eval_pearson = 0.8350577653594193
eval_runtime = 5.7164
eval_samples_per_second = 262.402
eval_spearmanr = 0.8309436154090675
