eval_combined_score = 0.8380978744070282
eval_loss = 0.7534477710723877
eval_pearson = 0.8401078380444817
eval_runtime = 5.8962
eval_samples_per_second = 254.399
eval_spearmanr = 0.8360879107695746
