eval_combined_score = 0.6042389570928826
eval_loss = 1.4500374794006348
eval_pearson = 0.6048113753498356
eval_runtime = 5.9153
eval_samples_per_second = 253.58
eval_spearmanr = 0.6036665388359296
