eval_combined_score = 0.8436509965511478
eval_loss = 0.7546729445457458
eval_pearson = 0.8456189183340637
eval_runtime = 6.6985
eval_samples_per_second = 223.931
eval_spearmanr = 0.8416830747682321
