eval_combined_score = 0.7965446080902132
eval_loss = 0.8513768911361694
eval_pearson = 0.7992117241829073
eval_runtime = 5.7397
eval_samples_per_second = 261.337
eval_spearmanr = 0.7938774919975191
