eval_combined_score = 0.8018089199305591
eval_loss = 0.9437118172645569
eval_pearson = 0.8033254626594022
eval_runtime = 5.7215
eval_samples_per_second = 262.171
eval_spearmanr = 0.800292377201716
