eval_combined_score = 0.7907096102665481
eval_loss = 0.9580153822898865
eval_pearson = 0.7919106817246907
eval_runtime = 5.7349
eval_samples_per_second = 261.555
eval_spearmanr = 0.7895085388084055
