eval_combined_score = 0.8471642927944931
eval_loss = 0.7299585938453674
eval_pearson = 0.848721102422016
eval_runtime = 5.8185
eval_samples_per_second = 257.798
eval_spearmanr = 0.8456074831669702
