eval_combined_score = 0.8411166781024171
eval_loss = 0.7655721306800842
eval_pearson = 0.8427099110389449
eval_runtime = 5.9227
eval_samples_per_second = 253.262
eval_spearmanr = 0.8395234451658894
