eval_combined_score = 0.8109237238437828
eval_loss = 0.795362651348114
eval_pearson = 0.813812344508825
eval_runtime = 5.7368
eval_samples_per_second = 261.469
eval_spearmanr = 0.8080351031787406
