eval_combined_score = 0.8123579962014527
eval_loss = 0.8519601225852966
eval_pearson = 0.8141748732620884
eval_runtime = 5.7218
eval_samples_per_second = 262.156
eval_spearmanr = 0.810541119140817
