eval_combined_score = 0.8157074768451056
eval_loss = 0.8297969698905945
eval_pearson = 0.8179079374874398
eval_runtime = 5.7205
eval_samples_per_second = 262.217
eval_spearmanr = 0.8135070162027714
