eval_combined_score = 0.8410304545365392
eval_loss = 0.7116152048110962
eval_pearson = 0.8432396067398756
eval_runtime = 5.7089
eval_samples_per_second = 262.75
eval_spearmanr = 0.8388213023332028
