eval_combined_score = 0.813498227171555
eval_loss = 0.8239031434059143
eval_pearson = 0.8155967189521529
eval_runtime = 5.7404
eval_samples_per_second = 261.306
eval_spearmanr = 0.8113997353909569
