eval_combined_score = 0.5802825823943443
eval_loss = 1.5943822860717773
eval_pearson = 0.5883014892333069
eval_runtime = 5.7469
eval_samples_per_second = 261.01
eval_spearmanr = 0.5722636755553815
