eval_combined_score = 0.7958991932537747
eval_loss = 0.9363155961036682
eval_pearson = 0.7974792233871156
eval_runtime = 6.9138
eval_samples_per_second = 216.957
eval_spearmanr = 0.7943191631204338
