eval_combined_score = 0.8067111294019382
eval_loss = 0.8511659502983093
eval_pearson = 0.8090763378831031
eval_runtime = 5.7468
eval_samples_per_second = 261.015
eval_spearmanr = 0.8043459209207734
