eval_combined_score = 0.5364634455782782
eval_loss = 1.9859684705734253
eval_pearson = 0.5459668891742082
eval_runtime = 5.724
eval_samples_per_second = 262.052
eval_spearmanr = 0.5269600019823483
