eval_combined_score = 0.8291916725230712
eval_loss = 0.7539544105529785
eval_pearson = 0.8311076200654206
eval_runtime = 5.7742
eval_samples_per_second = 259.777
eval_spearmanr = 0.8272757249807218
