eval_combined_score = 0.8472172183434178
eval_loss = 0.7134933471679688
eval_pearson = 0.8487422648493965
eval_runtime = 6.136
eval_samples_per_second = 244.46
eval_spearmanr = 0.845692171837439
