eval_combined_score = 0.8419934624749137
eval_loss = 0.7296819686889648
eval_pearson = 0.8441382873889897
eval_runtime = 5.8026
eval_samples_per_second = 258.503
eval_spearmanr = 0.8398486375608376
