eval_combined_score = 0.8472848388920262
eval_loss = 0.7189892530441284
eval_pearson = 0.8487805485844148
eval_runtime = 6.1335
eval_samples_per_second = 244.557
eval_spearmanr = 0.8457891291996378
