eval_combined_score = 0.7293810333345132
eval_loss = 1.0885167121887207
eval_pearson = 0.7300467781876397
eval_runtime = 5.7211
eval_samples_per_second = 262.188
eval_spearmanr = 0.7287152884813867
