eval_combined_score = 0.7831216588203116
eval_loss = 0.9328303933143616
eval_pearson = 0.7838466823104089
eval_runtime = 6.4646
eval_samples_per_second = 232.034
eval_spearmanr = 0.7823966353302142
