eval_combined_score = 0.8237377773431935
eval_loss = 0.8206760883331299
eval_pearson = 0.8261145650989556
eval_runtime = 5.7621
eval_samples_per_second = 260.323
eval_spearmanr = 0.8213609895874313
