eval_combined_score = 0.8433072148373474
eval_loss = 0.7453372478485107
eval_pearson = 0.8454088943815008
eval_runtime = 6.5554
eval_samples_per_second = 228.817
eval_spearmanr = 0.841205535293194
