eval_combined_score = 0.846201797688152
eval_loss = 0.7384116053581238
eval_pearson = 0.8476735647713884
eval_runtime = 5.7602
eval_samples_per_second = 260.406
eval_spearmanr = 0.8447300306049154
