eval_combined_score = 0.8311849188348901
eval_loss = 0.7730031609535217
eval_pearson = 0.832419947144898
eval_runtime = 6.1866
eval_samples_per_second = 242.459
eval_spearmanr = 0.8299498905248823
