eval_combined_score = 0.8470686175592661
eval_loss = 0.7159178853034973
eval_pearson = 0.8488949906374562
eval_runtime = 5.7688
eval_samples_per_second = 260.022
eval_spearmanr = 0.8452422444810761
