eval_combined_score = 0.8461471360358348
eval_loss = 0.7449791431427002
eval_pearson = 0.8476041792167001
eval_runtime = 6.0174
eval_samples_per_second = 249.276
eval_spearmanr = 0.8446900928549694
