eval_combined_score = 0.8336706979381057
eval_loss = 0.7352517247200012
eval_pearson = 0.8359322445590978
eval_runtime = 5.7203
eval_samples_per_second = 262.223
eval_spearmanr = 0.8314091513171135
