eval_combined_score = 0.7470212441573338
eval_loss = 1.0191998481750488
eval_pearson = 0.7483108480056564
eval_runtime = 5.89
eval_samples_per_second = 254.668
eval_spearmanr = 0.7457316403090112
