eval_combined_score = 0.8451841355097767
eval_loss = 0.7380732297897339
eval_pearson = 0.8469729281672742
eval_runtime = 5.7557
eval_samples_per_second = 260.609
eval_spearmanr = 0.8433953428522792
