eval_combined_score = 0.831616510502712
eval_loss = 0.8114402890205383
eval_pearson = 0.8317772326454911
eval_runtime = 5.8146
eval_samples_per_second = 257.973
eval_spearmanr = 0.8314557883599331
