eval_combined_score = 0.751178236057483
eval_loss = 1.0428515672683716
eval_pearson = 0.7522406810974699
eval_runtime = 6.2399
eval_samples_per_second = 240.387
eval_spearmanr = 0.750115791017496
