eval_combined_score = 0.7180535290062711
eval_loss = 1.1006556749343872
eval_pearson = 0.7185567431765363
eval_runtime = 5.7289
eval_samples_per_second = 261.833
eval_spearmanr = 0.7175503148360058
