eval_combined_score = 0.8005150532086226
eval_loss = 0.8974804878234863
eval_pearson = 0.8031223376206192
eval_runtime = 5.7396
eval_samples_per_second = 261.344
eval_spearmanr = 0.797907768796626
