eval_combined_score = 0.8459595379972633
eval_loss = 0.7333764433860779
eval_pearson = 0.8476429193679116
eval_runtime = 5.772
eval_samples_per_second = 259.875
eval_spearmanr = 0.844276156626615
