eval_combined_score = 0.6295044051589281
eval_loss = 1.4511706829071045
eval_pearson = 0.6236016748725199
eval_runtime = 6.0742
eval_samples_per_second = 246.946
eval_spearmanr = 0.6354071354453363
