eval_combined_score = 0.8430364734895233
eval_loss = 0.7377366423606873
eval_pearson = 0.845119418976979
eval_runtime = 6.0153
eval_samples_per_second = 249.363
eval_spearmanr = 0.8409535280020675
