eval_combined_score = 0.7942940442692348
eval_loss = 0.9259023666381836
eval_pearson = 0.7957293730438252
eval_runtime = 6.436
eval_samples_per_second = 233.064
eval_spearmanr = 0.7928587154946444
