eval_combined_score = 0.6404069995848187
eval_loss = 1.3482807874679565
eval_pearson = 0.6397869772886755
eval_runtime = 5.7474
eval_samples_per_second = 260.989
eval_spearmanr = 0.6410270218809621
