eval_combined_score = 0.7869410053849323
eval_loss = 0.9404650330543518
eval_pearson = 0.7875129413977855
eval_runtime = 5.7501
eval_samples_per_second = 260.867
eval_spearmanr = 0.7863690693720791
