eval_combined_score = 0.8469745452101112
eval_loss = 0.7085930109024048
eval_pearson = 0.8488902695531104
eval_runtime = 6.2485
eval_samples_per_second = 240.059
eval_spearmanr = 0.8450588208671119
