eval_combined_score = 0.847504271024702
eval_loss = 0.7220385670661926
eval_pearson = 0.8489947881397899
eval_runtime = 5.7124
eval_samples_per_second = 262.587
eval_spearmanr = 0.8460137539096142
