eval_combined_score = 0.8131895314315731
eval_loss = 0.8908214569091797
eval_pearson = 0.8149247562602003
eval_runtime = 6.7138
eval_samples_per_second = 223.421
eval_spearmanr = 0.8114543066029458
