eval_combined_score = 0.7986830379019776
eval_loss = 0.8656898736953735
eval_pearson = 0.8019374706377309
eval_runtime = 6.1227
eval_samples_per_second = 244.99
eval_spearmanr = 0.7954286051662242
