eval_combined_score = 0.7716457163492096
eval_loss = 0.9863144755363464
eval_pearson = 0.7718409721723337
eval_runtime = 5.731
eval_samples_per_second = 261.734
eval_spearmanr = 0.7714504605260856
