eval_combined_score = 0.8360339105583152
eval_loss = 0.7742872834205627
eval_pearson = 0.8379761679506782
eval_runtime = 6.0533
eval_samples_per_second = 247.801
eval_spearmanr = 0.8340916531659524
