eval_combined_score = 0.8276823629027741
eval_loss = 0.7855756878852844
eval_pearson = 0.8291630496077889
eval_runtime = 5.7292
eval_samples_per_second = 261.815
eval_spearmanr = 0.8262016761977592
