eval_combined_score = 0.3414157359069885
eval_loss = 5.846010208129883
eval_pearson = 0.3347492639366063
eval_runtime = 5.6989
eval_samples_per_second = 263.211
eval_spearmanr = 0.3480822078773706
