eval_combined_score = 0.8180465908697555
eval_loss = 0.7838045358657837
eval_pearson = 0.8201476869877596
eval_runtime = 5.7725
eval_samples_per_second = 259.851
eval_spearmanr = 0.8159454947517514
