eval_combined_score = 0.847196361382756
eval_loss = 0.7288784384727478
eval_pearson = 0.8486694512625103
eval_runtime = 5.7112
eval_samples_per_second = 262.643
eval_spearmanr = 0.8457232715030018
