eval_combined_score = 0.8456305244694071
eval_loss = 0.7306534051895142
eval_pearson = 0.8473070188687353
eval_runtime = 5.7185
eval_samples_per_second = 262.305
eval_spearmanr = 0.8439540300700789
