eval_combined_score = 0.8397421973814558
eval_loss = 0.722465991973877
eval_pearson = 0.8417429846330688
eval_runtime = 5.7464
eval_samples_per_second = 261.034
eval_spearmanr = 0.8377414101298429
