eval_combined_score = 0.8391503396359106
eval_loss = 0.7552533149719238
eval_pearson = 0.8409543263537621
eval_runtime = 5.7452
eval_samples_per_second = 261.088
eval_spearmanr = 0.8373463529180591
