eval_combined_score = 0.6348433800399833
eval_loss = 1.3604376316070557
eval_pearson = 0.6316871744492806
eval_runtime = 5.7124
eval_samples_per_second = 262.589
eval_spearmanr = 0.637999585630686
