eval_combined_score = 0.7608395148025267
eval_loss = 0.9390196800231934
eval_pearson = 0.7633308432338958
eval_runtime = 5.7393
eval_samples_per_second = 261.354
eval_spearmanr = 0.7583481863711576
