eval_combined_score = 0.8473386477917355
eval_loss = 0.7225987315177917
eval_pearson = 0.8488433264952774
eval_runtime = 6.2399
eval_samples_per_second = 240.388
eval_spearmanr = 0.8458339690881937
