eval_combined_score = 0.8473916274267375
eval_loss = 0.7242836952209473
eval_pearson = 0.8488892376811903
eval_runtime = 5.6967
eval_samples_per_second = 263.309
eval_spearmanr = 0.8458940171722847
