eval_accuracy = 0.9320885960095185
eval_loss = 0.25844496488571167
eval_runtime = 24.5541
eval_samples_per_second = 222.488
