eval_accuracy = 0.9298920007321985
eval_loss = 0.30049315094947815
eval_runtime = 29.0044
eval_samples_per_second = 188.351
