eval_accuracy = 0.9326377448288486
eval_loss = 0.43220093846321106
eval_runtime = 24.6512
eval_samples_per_second = 221.612
