eval_accuracy = 0.9326377448288486
eval_loss = 0.41169875860214233
eval_runtime = 25.0543
eval_samples_per_second = 218.046
