eval_accuracy = 0.9280615046677649
eval_loss = 0.22948458790779114
eval_runtime = 25.0697
eval_samples_per_second = 217.913
