eval_accuracy = 0.9289767526999817
eval_loss = 0.3844592273235321
eval_runtime = 26.031
eval_samples_per_second = 209.865
