eval_accuracy = 0.9342851912868387
eval_loss = 0.5519478917121887
eval_runtime = 24.2123
eval_samples_per_second = 225.629
