eval_accuracy = 0.9315394471901886
eval_loss = 0.30980566143989563
eval_runtime = 26.153
eval_samples_per_second = 208.886
