eval_accuracy = 0.9306241991579718
eval_loss = 0.5339161157608032
eval_runtime = 24.8164
eval_samples_per_second = 220.137
