eval_accuracy = 0.9017023613399231
eval_loss = 0.25810763239860535
eval_runtime = 25.7342
eval_samples_per_second = 212.285
