eval_accuracy = 0.9348343401061687
eval_loss = 0.5642468333244324
eval_runtime = 26.2953
eval_samples_per_second = 207.755
