eval_accuracy = 0.9317224967966319
eval_loss = 0.45167645812034607
eval_runtime = 25.5655
eval_samples_per_second = 213.686
