eval_accuracy = 0.932820794435292
eval_loss = 0.5430974364280701
eval_runtime = 25.8705
eval_samples_per_second = 211.167
