eval_accuracy = 0.8832143510891451
eval_loss = 0.46597036719322205
eval_runtime = 28.6604
eval_samples_per_second = 190.611
