eval_accuracy = 0.9306241991579718
eval_loss = 0.23414118587970734
eval_runtime = 24.8463
eval_samples_per_second = 219.872
