eval_accuracy = 0.9331868936481786
eval_loss = 0.22449983656406403
eval_runtime = 24.0367
eval_samples_per_second = 227.278
