eval_accuracy = 0.9350173897126122
eval_loss = 0.48274052143096924
eval_runtime = 24.5224
eval_samples_per_second = 222.776
