eval_accuracy = 0.9368478857770456
eval_loss = 0.4560178220272064
eval_runtime = 24.7779
eval_samples_per_second = 220.479
