eval_accuracy = 0.8779059125022881
eval_loss = 0.3354480564594269
eval_runtime = 24.9037
eval_samples_per_second = 219.365
