eval_accuracy = 0.9322716456159619
eval_loss = 0.3330901861190796
eval_runtime = 25.0884
eval_samples_per_second = 217.75
