eval_accuracy = 0.9350173897126122
eval_loss = 0.4820373058319092
eval_runtime = 24.6495
eval_samples_per_second = 221.627
