eval_accuracy = 0.9331868936481786
eval_loss = 0.4707677364349365
eval_runtime = 27.8325
eval_samples_per_second = 196.281
