eval_accuracy = 0.9320885960095185
eval_loss = 0.37781795859336853
eval_runtime = 25.9312
eval_samples_per_second = 210.673
