eval_accuracy = 0.9337360424675087
eval_loss = 0.48858532309532166
eval_runtime = 24.3651
eval_samples_per_second = 224.214
