eval_accuracy = 0.9313563975837452
eval_loss = 0.4457346498966217
eval_runtime = 26.9725
eval_samples_per_second = 202.54
