eval_accuracy = 0.9335529928610653
eval_loss = 0.5610138773918152
eval_runtime = 25.7992
eval_samples_per_second = 211.751
