eval_accuracy = 0.932820794435292
eval_loss = 0.373043030500412
eval_runtime = 25.2806
eval_samples_per_second = 216.094
