eval_combined_score = 0.8988727720219302
eval_loss = 0.5511690378189087
eval_pearson = 0.8983618583327329
eval_runtime = 6.9674
eval_samples_per_second = 215.289
eval_spearmanr = 0.8993836857111275
