eval_combined_score = 0.9019787388422151
eval_loss = 0.6842671036720276
eval_pearson = 0.9020223471542933
eval_runtime = 6.9356
eval_samples_per_second = 216.275
eval_spearmanr = 0.901935130530137
