eval_combined_score = 0.8948891859883943
eval_loss = 0.9780504703521729
eval_pearson = 0.8888255749527438
eval_runtime = 6.786
eval_samples_per_second = 221.043
eval_spearmanr = 0.9009527970240448
