eval_combined_score = 0.9041641829281792
eval_loss = 0.5084785223007202
eval_pearson = 0.9043227232230229
eval_runtime = 6.8975
eval_samples_per_second = 217.47
eval_spearmanr = 0.9040056426333357
