eval_combined_score = 0.8949063873587164
eval_loss = 0.8756615519523621
eval_pearson = 0.8910076765936927
eval_runtime = 7.1601
eval_samples_per_second = 209.493
eval_spearmanr = 0.8988050981237402
