eval_combined_score = 0.8940355682611002
eval_loss = 0.6370553374290466
eval_pearson = 0.8917209226526974
eval_runtime = 6.7111
eval_samples_per_second = 223.511
eval_spearmanr = 0.896350213869503
