eval_combined_score = 0.8920380148582466
eval_loss = 0.8695693612098694
eval_pearson = 0.8853034956721365
eval_runtime = 7.1357
eval_samples_per_second = 210.211
eval_spearmanr = 0.8987725340443568
