eval_combined_score = 0.8790857104601988
eval_loss = 0.7686072587966919
eval_pearson = 0.8756955030902301
eval_runtime = 6.9582
eval_samples_per_second = 215.573
eval_spearmanr = 0.8824759178301675
