eval_combined_score = 0.8764358519040164
eval_loss = 0.9213876724243164
eval_pearson = 0.8733111598733254
eval_runtime = 7.2485
eval_samples_per_second = 206.938
eval_spearmanr = 0.8795605439347074
