eval_combined_score = 0.8564808699581166
eval_loss = 1.1003180742263794
eval_pearson = 0.8487258506717256
eval_runtime = 6.9097
eval_samples_per_second = 217.085
eval_spearmanr = 0.8642358892445077
