eval_combined_score = 0.896309691426638
eval_loss = 0.5922065377235413
eval_pearson = 0.8955835937781634
eval_runtime = 7.081
eval_samples_per_second = 211.833
eval_spearmanr = 0.8970357890751124
