eval_accuracy = 0.9309902983708584
eval_loss = 0.34903228282928467
eval_runtime = 25.637
eval_samples_per_second = 213.09
