eval_accuracy = 0.9352004393190555
eval_loss = 0.3385147750377655
eval_runtime = 25.8672
eval_samples_per_second = 211.194
