eval_accuracy = 0.9341021416803954
eval_loss = 0.39024972915649414
eval_runtime = 27.3452
eval_samples_per_second = 199.779
