eval_accuracy = 0.9353834889254988
eval_loss = 0.5341285467147827
eval_runtime = 25.3812
eval_samples_per_second = 215.238
