eval_accuracy = 0.9359326377448288
eval_loss = 0.5086278319358826
eval_runtime = 25.1461
eval_samples_per_second = 217.25
