eval_accuracy = 0.9258649093904449
eval_loss = 0.21971583366394043
eval_runtime = 25.6782
eval_samples_per_second = 212.749
