eval_accuracy = 0.9335529928610653
eval_loss = 0.4827515184879303
eval_runtime = 25.0768
eval_samples_per_second = 217.85
