eval_accuracy = 0.9320885960095185
eval_loss = 0.38492828607559204
eval_runtime = 25.3209
eval_samples_per_second = 215.751
