eval_accuracy = 0.8769906644700713
eval_loss = 0.31045499444007874
eval_runtime = 29.4735
eval_samples_per_second = 185.353
