eval_accuracy = 0.9298920007321985
eval_loss = 0.373802125453949
eval_runtime = 25.409
eval_samples_per_second = 215.002
