eval_accuracy = 0.9346512904997254
eval_loss = 0.3154914379119873
eval_runtime = 25.5263
eval_samples_per_second = 214.014
