eval_accuracy = 0.9337360424675087
eval_loss = 0.4845114052295685
eval_runtime = 24.9485
eval_samples_per_second = 218.971
