eval_accuracy = 0.9342851912868387
eval_loss = 0.36242446303367615
eval_runtime = 26.0906
eval_samples_per_second = 209.385
