eval_accuracy = 0.9282445542742083
eval_loss = 0.229683980345726
eval_runtime = 25.062
eval_samples_per_second = 217.979
