eval_accuracy = 0.9167124290682775
eval_loss = 0.22875113785266876
eval_runtime = 25.4207
eval_samples_per_second = 214.903
