eval_accuracy = 0.9300750503386418
eval_loss = 0.2758806645870209
eval_runtime = 25.2694
eval_samples_per_second = 216.191
