eval_accuracy = 0.9355665385319422
eval_loss = 0.5402014851570129
eval_runtime = 25.538
eval_samples_per_second = 213.916
