eval_accuracy = 0.9352004393190555
eval_loss = 0.43830522894859314
eval_runtime = 25.4456
eval_samples_per_second = 214.693
