eval_accuracy = 0.932820794435292
eval_loss = 0.38983458280563354
eval_runtime = 25.6355
eval_samples_per_second = 213.103
