eval_accuracy = 0.9341021416803954
eval_loss = 0.5592269897460938
eval_runtime = 24.9855
eval_samples_per_second = 218.647
