eval_accuracy = 0.932820794435292
eval_loss = 0.4913744032382965
eval_runtime = 25.1533
eval_samples_per_second = 217.188
