eval_accuracy = 0.9308072487644151
eval_loss = 0.40092289447784424
eval_runtime = 25.9281
eval_samples_per_second = 210.698
