eval_accuracy = 0.9320885960095185
eval_loss = 0.24662283062934875
eval_runtime = 25.3084
eval_samples_per_second = 215.857
