eval_accuracy = 0.9364817865641589
eval_loss = 0.46906542778015137
eval_runtime = 25.0221
eval_samples_per_second = 218.327
