eval_accuracy = 0.9355665385319422
eval_loss = 0.5378678441047668
eval_runtime = 25.3269
eval_samples_per_second = 215.7
