eval_accuracy = 0.7440966501922021
eval_loss = 0.5230305790901184
eval_runtime = 26.5189
eval_samples_per_second = 206.004
