eval_accuracy = 0.9322716456159619
eval_loss = 0.39365676045417786
eval_runtime = 25.3345
eval_samples_per_second = 215.635
