eval_accuracy = 0.9317224967966319
eval_loss = 0.23638573288917542
eval_runtime = 25.6551
eval_samples_per_second = 212.941
