eval_accuracy = 0.9289767526999817
eval_loss = 0.33845800161361694
eval_runtime = 25.243
eval_samples_per_second = 216.416
