eval_accuracy = 0.9300750503386418
eval_loss = 0.3059059679508209
eval_runtime = 25.1525
eval_samples_per_second = 217.195
