eval_accuracy = 0.9322716456159619
eval_loss = 0.3132019340991974
eval_runtime = 25.1485
eval_samples_per_second = 217.229
