eval_accuracy = 0.9341021416803954
eval_loss = 0.4119603931903839
eval_runtime = 25.4112
eval_samples_per_second = 214.984
