eval_accuracy = 0.914332784184514
eval_loss = 0.2685239017009735
eval_runtime = 25.4561
eval_samples_per_second = 214.604
