eval_accuracy = 0.9229361156873512
eval_loss = 0.24051319062709808
eval_runtime = 27.4663
eval_samples_per_second = 198.898
