eval_accuracy = 0.9353834889254988
eval_loss = 0.4800214171409607
eval_runtime = 24.7298
eval_samples_per_second = 220.908
