eval_accuracy = 0.929159802306425
eval_loss = 0.24716465175151825
eval_runtime = 25.0238
eval_samples_per_second = 218.312
