eval_accuracy = 0.9309902983708584
eval_loss = 0.26082900166511536
eval_runtime = 25.4366
eval_samples_per_second = 214.769
