eval_accuracy = 0.928610653487095
eval_loss = 0.5171971321105957
eval_runtime = 24.8551
eval_samples_per_second = 219.794
