eval_accuracy = 0.9271462566355483
eval_loss = 0.36013656854629517
eval_runtime = 25.7679
eval_samples_per_second = 212.008
