eval_accuracy = 0.9308072487644151
eval_loss = 0.2146400511264801
eval_runtime = 25.2676
eval_samples_per_second = 216.206
