eval_accuracy = 0.9337360424675087
eval_loss = 0.4448223114013672
eval_runtime = 25.7829
eval_samples_per_second = 211.885
