eval_accuracy = 0.9352004393190555
eval_loss = 0.5411666035652161
eval_runtime = 29.5183
eval_samples_per_second = 185.071
