eval_accuracy = 0.9330038440417353
eval_loss = 0.28693637251853943
eval_runtime = 25.8203
eval_samples_per_second = 211.577
