eval_accuracy = 0.9346512904997254
eval_loss = 0.3764408826828003
eval_runtime = 25.3415
eval_samples_per_second = 215.575
