eval_accuracy = 0.9350173897126122
eval_loss = 0.545767605304718
eval_runtime = 25.3327
eval_samples_per_second = 215.65
