eval_accuracy = 0.9300750503386418
eval_loss = 0.5217504501342773
eval_runtime = 24.5981
eval_samples_per_second = 222.091
