eval_accuracy = 0.9287937030935384
eval_loss = 0.23398463428020477
eval_runtime = 27.7615
eval_samples_per_second = 196.783
