eval_accuracy = 0.9375800842028189
eval_loss = 0.4927799105644226
eval_runtime = 25.2091
eval_samples_per_second = 216.708
