eval_accuracy = 0.932820794435292
eval_loss = 0.379136323928833
eval_runtime = 25.6933
eval_samples_per_second = 212.623
