eval_accuracy = 0.9330038440417353
eval_loss = 0.4140082597732544
eval_runtime = 24.8573
eval_samples_per_second = 219.774
