eval_accuracy = 0.9342851912868387
eval_loss = 0.49836695194244385
eval_runtime = 25.2336
eval_samples_per_second = 216.497
