eval_accuracy = 0.9350173897126122
eval_loss = 0.47067269682884216
eval_runtime = 25.3636
eval_samples_per_second = 215.387
