eval_accuracy = 0.9337360424675087
eval_loss = 0.5567485690116882
eval_runtime = 25.4791
eval_samples_per_second = 214.411
