eval_accuracy = 0.9344682408932821
eval_loss = 0.48879921436309814
eval_runtime = 24.7375
eval_samples_per_second = 220.839
