eval_accuracy = 0.9313563975837452
eval_loss = 0.3863733112812042
eval_runtime = 29.7792
eval_samples_per_second = 183.45
