eval_accuracy = 0.8420281896393923
eval_loss = 0.3726694881916046
eval_runtime = 29.395
eval_samples_per_second = 185.848
