eval_accuracy = 0.9355665385319422
eval_loss = 0.4776586592197418
eval_runtime = 25.0652
eval_samples_per_second = 217.952
