eval_accuracy = 0.9198242723778144
eval_loss = 0.2513584494590759
eval_runtime = 25.4529
eval_samples_per_second = 214.631
