eval_accuracy = 0.9319055464030752
eval_loss = 0.5357894897460938
eval_runtime = 24.9812
eval_samples_per_second = 218.684
