eval_accuracy = 0.9092073952041003
eval_loss = 0.24596714973449707
eval_runtime = 25.8635
eval_samples_per_second = 211.224
