eval_accuracy = 0.9348343401061687
eval_loss = 0.5562199950218201
eval_runtime = 24.6946
eval_samples_per_second = 221.222
