eval_accuracy = 0.9350173897126122
eval_loss = 0.5432286858558655
eval_runtime = 24.7762
eval_samples_per_second = 220.494
