eval_accuracy = 0.9287937030935384
eval_loss = 0.20251582562923431
eval_runtime = 25.6134
eval_samples_per_second = 213.287
