eval_accuracy = 0.9357495881383855
eval_loss = 0.5563479661941528
eval_runtime = 25.2631
eval_samples_per_second = 216.244
