eval_accuracy = 0.9319055464030752
eval_loss = 0.5303955078125
eval_runtime = 24.8891
eval_samples_per_second = 219.493
