eval_accuracy = 0.932820794435292
eval_loss = 0.30972856283187866
eval_runtime = 25.3207
eval_samples_per_second = 215.753
