eval_accuracy = 0.9183598755262676
eval_loss = 0.21490596234798431
eval_runtime = 25.4201
eval_samples_per_second = 214.909
