eval_accuracy = 0.9326377448288486
eval_loss = 0.43305596709251404
eval_runtime = 24.9857
eval_samples_per_second = 218.645
