eval_accuracy = 0.9330038440417353
eval_loss = 0.5042380094528198
eval_runtime = 24.9515
eval_samples_per_second = 218.945
