eval_accuracy = 0.9315394471901886
eval_loss = 0.5417571663856506
eval_runtime = 28.8925
eval_samples_per_second = 189.08
