eval_accuracy = 0.9342851912868387
eval_loss = 0.49582749605178833
eval_runtime = 25.1958
eval_samples_per_second = 216.822
