eval_accuracy = 0.9024345597656965
eval_loss = 0.2795056402683258
eval_runtime = 25.0452
eval_samples_per_second = 218.126
