eval_accuracy = 0.9311733479773019
eval_loss = 0.4805079996585846
eval_runtime = 25.1434
eval_samples_per_second = 217.273
