eval_accuracy = 0.9269632070291048
eval_loss = 0.25199076533317566
eval_runtime = 25.4788
eval_samples_per_second = 214.414
