eval_accuracy = 0.9348343401061687
eval_loss = 0.5376805663108826
eval_runtime = 25.4138
eval_samples_per_second = 214.962
