eval_accuracy = 0.9348343401061687
eval_loss = 0.49246832728385925
eval_runtime = 25.0836
eval_samples_per_second = 217.792
