eval_accuracy = 0.9324546952224053
eval_loss = 0.33118385076522827
eval_runtime = 25.8684
eval_samples_per_second = 211.184
