eval_accuracy = 0.9223869668680212
eval_loss = 0.3633357584476471
eval_runtime = 25.7962
eval_samples_per_second = 211.775
