eval_loss = 0.4910610020160675
eval_matthews_correlation = 0.5666951156337826
eval_runtime = 4.7909
eval_samples_per_second = 217.705
