eval_loss = 0.4784563183784485
eval_matthews_correlation = 0.610871836940491
eval_runtime = 4.7871
eval_samples_per_second = 217.878
