eval_loss = 0.5054132342338562
eval_matthews_correlation = 0.6282019580480633
eval_runtime = 4.8145
eval_samples_per_second = 216.639
