eval_loss = 0.5317597389221191
eval_matthews_correlation = 0.6008475155631261
eval_runtime = 4.7382
eval_samples_per_second = 220.126
