eval_loss = 0.5168192386627197
eval_matthews_correlation = 0.6434514580893359
eval_runtime = 4.7259
eval_samples_per_second = 220.697
