eval_loss = 0.45683449506759644
eval_matthews_correlation = 0.5552845087956161
eval_runtime = 4.5388
eval_samples_per_second = 229.798
