eval_loss = 0.4255674183368683
eval_matthews_correlation = 0.6319911054099576
eval_runtime = 4.6908
eval_samples_per_second = 222.351
