eval_loss = 0.5760114789009094
eval_matthews_correlation = 0.45951234403139457
eval_runtime = 4.6055
eval_samples_per_second = 226.47
