eval_loss = 0.5185472369194031
eval_matthews_correlation = 0.550099930047131
eval_runtime = 4.8278
eval_samples_per_second = 216.04
