eval_loss = 0.7449125647544861
eval_matthews_correlation = 0.32688211378387777
eval_runtime = 4.5338
eval_samples_per_second = 230.052
