eval_loss = 0.4043352007865906
eval_matthews_correlation = 0.6123085786668939
eval_runtime = 4.9071
eval_samples_per_second = 212.547
