eval_loss = 0.44493231177330017
eval_matthews_correlation = 0.5661745589126856
eval_runtime = 4.6787
eval_samples_per_second = 222.927
