eval_loss = 0.4298873543739319
eval_matthews_correlation = 0.5547962503782369
eval_runtime = 4.7588
eval_samples_per_second = 219.175
