eval_loss = 0.4863513708114624
eval_matthews_correlation = 0.5779841591999347
eval_runtime = 4.994
eval_samples_per_second = 208.851
