eval_loss = 0.48599228262901306
eval_matthews_correlation = 0.6257458548083874
eval_runtime = 4.6359
eval_samples_per_second = 224.982
