eval_loss = 0.4448077380657196
eval_matthews_correlation = 0.6352032367163551
eval_runtime = 4.4816
eval_samples_per_second = 232.73
