eval_loss = 0.5061541199684143
eval_matthews_correlation = 0.4107465567016423
eval_runtime = 4.7869
eval_samples_per_second = 217.885
