eval_loss = 0.5386849641799927
eval_matthews_correlation = 0.44561177658768747
eval_runtime = 5.5936
eval_samples_per_second = 186.462
