eval_loss = 0.4242260456085205
eval_matthews_correlation = 0.6285125993469022
eval_runtime = 4.8084
eval_samples_per_second = 216.911
