eval_loss = 0.5435366034507751
eval_matthews_correlation = 0.6107363335829461
eval_runtime = 5.1951
eval_samples_per_second = 200.768
