eval_loss = 0.4289936423301697
eval_matthews_correlation = 0.5756584003915552
eval_runtime = 5.2761
eval_samples_per_second = 197.686
