eval_loss = 0.5050099492073059
eval_matthews_correlation = 0.5116452842824137
eval_runtime = 4.5317
eval_samples_per_second = 230.158
