eval_loss = 0.39748096466064453
eval_matthews_correlation = 0.6137218790341886
eval_runtime = 4.8835
eval_samples_per_second = 213.578
