eval_loss = 0.41407936811447144
eval_matthews_correlation = 0.6394949291150869
eval_runtime = 4.6524
eval_samples_per_second = 224.184
