eval_loss = 0.5201818346977234
eval_matthews_correlation = 0.6384814558737449
eval_runtime = 4.655
eval_samples_per_second = 224.06
