eval_combined_score = -0.033664054648315025
eval_loss = 2.3239989280700684
eval_pearson = -0.02911498506057648
eval_runtime = 5.5432
eval_samples_per_second = 270.603
eval_spearmanr = -0.038213124236053574
