eval_combined_score = 0.6943974673109687
eval_loss = 1.7766414880752563
eval_pearson = 0.698475177699733
eval_runtime = 5.9992
eval_samples_per_second = 250.033
eval_spearmanr = 0.6903197569222046
