eval_combined_score = 0.7626629832247327
eval_loss = 1.1593142747879028
eval_pearson = 0.7475036901438853
eval_runtime = 5.4933
eval_samples_per_second = 273.059
eval_spearmanr = 0.7778222763055802
