eval_combined_score = 0.801761118234543
eval_loss = 0.8350645899772644
eval_pearson = 0.7938412816221807
eval_runtime = 5.4901
eval_samples_per_second = 273.221
eval_spearmanr = 0.8096809548469053
