eval_combined_score = 0.22669015685699
eval_loss = 2.314046621322632
eval_pearson = 0.2615362971492676
eval_runtime = 5.5382
eval_samples_per_second = 270.848
eval_spearmanr = 0.19184401656471237
