eval_combined_score = 0.6476012379301189
eval_loss = 1.4859280586242676
eval_pearson = 0.6656589707907627
eval_runtime = 5.6813
eval_samples_per_second = 264.025
eval_spearmanr = 0.6295435050694751
