eval_combined_score = 0.16062681935811332
eval_loss = 2.231281042098999
eval_pearson = 0.16198364816096145
eval_runtime = 5.5999
eval_samples_per_second = 267.86
eval_spearmanr = 0.1592699905552652
