eval_combined_score = 0.7698678283954329
eval_loss = 0.9672149419784546
eval_pearson = 0.7576668989108312
eval_runtime = 5.4872
eval_samples_per_second = 273.361
eval_spearmanr = 0.7820687578800346
