eval_combined_score = 0.7773106839382441
eval_loss = 0.9475387930870056
eval_pearson = 0.7681757920332362
eval_runtime = 5.5353
eval_samples_per_second = 270.987
eval_spearmanr = 0.786445575843252
