eval_combined_score = 0.7676897515303445
eval_loss = 1.0234442949295044
eval_pearson = 0.7606618552294058
eval_runtime = 5.4802
eval_samples_per_second = 273.712
eval_spearmanr = 0.7747176478312832
