eval_combined_score = 0.7182301122440011
eval_loss = 1.1206152439117432
eval_pearson = 0.7115360593740486
eval_runtime = 5.4995
eval_samples_per_second = 272.752
eval_spearmanr = 0.7249241651139535
