eval_combined_score = 0.7803727577403085
eval_loss = 1.0001778602600098
eval_pearson = 0.7680638143428501
eval_runtime = 5.6847
eval_samples_per_second = 263.865
eval_spearmanr = 0.7926817011377668
