eval_combined_score = 0.7720205673367533
eval_loss = 1.0103317499160767
eval_pearson = 0.7591294442290787
eval_runtime = 5.5306
eval_samples_per_second = 271.22
eval_spearmanr = 0.784911690444428
