eval_combined_score = 0.16408273388051714
eval_loss = 2.785949468612671
eval_pearson = 0.1865827313890925
eval_runtime = 5.5191
eval_samples_per_second = 271.783
eval_spearmanr = 0.14158273637194177
