eval_combined_score = 0.7694172763037923
eval_loss = 1.1714519262313843
eval_pearson = 0.7544891223399124
eval_runtime = 5.4996
eval_samples_per_second = 272.745
eval_spearmanr = 0.7843454302676722
