eval_combined_score = 0.23122508339446934
eval_loss = 4.4445881843566895
eval_pearson = 0.3494208884073505
eval_runtime = 5.7584
eval_samples_per_second = 260.489
eval_spearmanr = 0.11302927838158819
