eval_combined_score = -0.15232818231988612
eval_loss = 3.072798490524292
eval_pearson = -0.1815635146769434
eval_runtime = 5.4941
eval_samples_per_second = 273.023
eval_spearmanr = -0.12309284996282883
