eval_combined_score = 0.8010357893014839
eval_loss = 0.8387121558189392
eval_pearson = 0.7930154373539575
eval_runtime = 5.4925
eval_samples_per_second = 273.099
eval_spearmanr = 0.8090561412490104
