eval_combined_score = 0.7598960261117043
eval_loss = 1.0151859521865845
eval_pearson = 0.7577277173835272
eval_runtime = 5.5108
eval_samples_per_second = 272.191
eval_spearmanr = 0.7620643348398813
