eval_combined_score = 0.6901954686938215
eval_loss = 1.1914056539535522
eval_pearson = 0.6969979023213367
eval_runtime = 5.4767
eval_samples_per_second = 273.89
eval_spearmanr = 0.6833930350663063
