eval_combined_score = 0.6315026303985636
eval_loss = 1.6440790891647339
eval_pearson = 0.6437341537162242
eval_runtime = 5.8933
eval_samples_per_second = 254.527
eval_spearmanr = 0.6192711070809029
