eval_combined_score = 0.6779150520260728
eval_loss = 1.6062783002853394
eval_pearson = 0.6455891305528296
eval_runtime = 5.5055
eval_samples_per_second = 272.456
eval_spearmanr = 0.710240973499316
