eval_combined_score = 0.713975833825303
eval_loss = 1.3375285863876343
eval_pearson = 0.7077543583571764
eval_runtime = 5.5784
eval_samples_per_second = 268.895
eval_spearmanr = 0.7201973092934297
