eval_combined_score = 0.6864677256322835
eval_loss = 1.2049118280410767
eval_pearson = 0.7009136191677262
eval_runtime = 5.9342
eval_samples_per_second = 252.77
eval_spearmanr = 0.672021832096841
