eval_combined_score = 0.6982987901424362
eval_loss = 1.6319153308868408
eval_pearson = 0.6796947587776955
eval_runtime = 6.3158
eval_samples_per_second = 237.501
eval_spearmanr = 0.716902821507177
