eval_combined_score = 0.27336337139978484
eval_loss = 2.731673240661621
eval_pearson = 0.32250723041204554
eval_runtime = 5.5195
eval_samples_per_second = 271.765
eval_spearmanr = 0.22421951238752416
