eval_combined_score = 0.6785856388659361
eval_loss = 1.365657925605774
eval_pearson = 0.6995429223448524
eval_runtime = 6.5151
eval_samples_per_second = 230.234
eval_spearmanr = 0.6576283553870198
