eval_combined_score = 0.5746137718752738
eval_loss = 2.388230323791504
eval_pearson = 0.5744524389070599
eval_runtime = 5.5263
eval_samples_per_second = 271.429
eval_spearmanr = 0.5747751048434878
