eval_combined_score = 0.4284441273740421
eval_loss = 1.92402184009552
eval_pearson = 0.42719500841620234
eval_runtime = 5.6136
eval_samples_per_second = 267.207
eval_spearmanr = 0.42969324633188183
