eval_combined_score = 0.3229462415714104
eval_loss = 2.5538394451141357
eval_pearson = 0.31353828106628406
eval_runtime = 5.5319
eval_samples_per_second = 271.152
eval_spearmanr = 0.33235420207653676
