eval_combined_score = 0.7438873595947877
eval_loss = 1.0848729610443115
eval_pearson = 0.7470489097328271
eval_runtime = 5.5183
eval_samples_per_second = 271.824
eval_spearmanr = 0.7407258094567484
