eval_combined_score = 0.5965745373322001
eval_loss = 1.762925148010254
eval_pearson = 0.6368654724004134
eval_runtime = 5.4774
eval_samples_per_second = 273.855
eval_spearmanr = 0.5562836022639869
