eval_combined_score = 0.5912651899591344
eval_loss = 1.4496041536331177
eval_pearson = 0.6076401616273499
eval_runtime = 5.6442
eval_samples_per_second = 265.758
eval_spearmanr = 0.5748902182909189
