eval_combined_score = 0.48177352945781216
eval_loss = 1.9585307836532593
eval_pearson = 0.47968072499430303
eval_runtime = 6.6606
eval_samples_per_second = 225.206
eval_spearmanr = 0.4838663339213213
