eval_combined_score = 0.6246312321387759
eval_loss = 1.4216347932815552
eval_pearson = 0.6262302750837181
eval_runtime = 5.6243
eval_samples_per_second = 266.699
eval_spearmanr = 0.6230321891938339
