eval_combined_score = 0.4277761563361091
eval_loss = 2.7846882343292236
eval_pearson = 0.4462621764880137
eval_runtime = 5.5351
eval_samples_per_second = 270.998
eval_spearmanr = 0.40929013618420457
