eval_combined_score = 0.7979503198917013
eval_loss = 0.8562459349632263
eval_pearson = 0.7895925449123915
eval_runtime = 5.6198
eval_samples_per_second = 266.915
eval_spearmanr = 0.8063080948710112
