eval_combined_score = 0.7890667788744135
eval_loss = 0.9153330326080322
eval_pearson = 0.7796400200451099
eval_runtime = 5.512
eval_samples_per_second = 272.132
eval_spearmanr = 0.798493537703717
