eval_combined_score = 0.7918218288191614
eval_loss = 0.8896137475967407
eval_pearson = 0.7826145859786832
eval_runtime = 5.4905
eval_samples_per_second = 273.198
eval_spearmanr = 0.8010290716596397
