eval_combined_score = 0.7825166723821351
eval_loss = 0.9076167941093445
eval_pearson = 0.7745642038703091
eval_runtime = 5.7382
eval_samples_per_second = 261.407
eval_spearmanr = 0.7904691408939609
