eval_combined_score = -0.05243189263268487
eval_loss = 2.621605396270752
eval_pearson = -0.050641292378032214
eval_runtime = 5.5133
eval_samples_per_second = 272.072
eval_spearmanr = -0.05422249288733753
