eval_combined_score = 0.5704465818599833
eval_loss = 1.9757460355758667
eval_pearson = 0.5840807945823631
eval_runtime = 5.9094
eval_samples_per_second = 253.834
eval_spearmanr = 0.5568123691376036
