eval_combined_score = 0.13515429234661994
eval_loss = 2.2269070148468018
eval_pearson = 0.1378246428486133
eval_runtime = 5.5441
eval_samples_per_second = 270.56
eval_spearmanr = 0.13248394184462658
