eval_combined_score = 0.6636091872797756
eval_loss = 1.6345429420471191
eval_pearson = 0.695745484475406
eval_runtime = 6.0334
eval_samples_per_second = 248.617
eval_spearmanr = 0.6314728900841451
