eval_combined_score = 0.2829414358637301
eval_loss = 2.8728463649749756
eval_pearson = 0.2914464974404581
eval_runtime = 5.5233
eval_samples_per_second = 271.578
eval_spearmanr = 0.2744363742870021
