eval_combined_score = 0.7165875123429757
eval_loss = 1.430483102798462
eval_pearson = 0.7099831901942951
eval_runtime = 6.0221
eval_samples_per_second = 249.084
eval_spearmanr = 0.7231918344916561
