eval_combined_score = 0.6538242753009912
eval_loss = 1.2562098503112793
eval_pearson = 0.6842154228552303
eval_runtime = 5.498
eval_samples_per_second = 272.824
eval_spearmanr = 0.6234331277467521
