eval_combined_score = 0.5382700448060176
eval_loss = 2.191087245941162
eval_pearson = 0.5797476956104715
eval_runtime = 6.1734
eval_samples_per_second = 242.979
eval_spearmanr = 0.49679239400156366
