eval_combined_score = 0.6804252964905335
eval_loss = 1.412873387336731
eval_pearson = 0.6835041492708152
eval_runtime = 5.5525
eval_samples_per_second = 270.151
eval_spearmanr = 0.6773464437102518
