eval_combined_score = 0.7897534642175661
eval_loss = 0.8944070935249329
eval_pearson = 0.7803860235710698
eval_runtime = 5.4891
eval_samples_per_second = 273.27
eval_spearmanr = 0.7991209048640625
