eval_combined_score = 0.5899282587754421
eval_loss = 1.5440473556518555
eval_pearson = 0.6109693692337108
eval_runtime = 6.2042
eval_samples_per_second = 241.772
eval_spearmanr = 0.5688871483171734
