eval_combined_score = 0.7713639205611162
eval_loss = 1.1084742546081543
eval_pearson = 0.7567745093904878
eval_runtime = 5.4989
eval_samples_per_second = 272.783
eval_spearmanr = 0.7859533317317448
