eval_combined_score = 0.7814070696818868
eval_loss = 1.011548638343811
eval_pearson = 0.7741591260546685
eval_runtime = 5.4766
eval_samples_per_second = 273.892
eval_spearmanr = 0.788655013309105
