eval_combined_score = 0.7275294993066219
eval_loss = 1.1076300144195557
eval_pearson = 0.720699122369658
eval_runtime = 5.5222
eval_samples_per_second = 271.631
eval_spearmanr = 0.7343598762435858
