eval_combined_score = 0.6017953590971838
eval_loss = 1.6167734861373901
eval_pearson = 0.617234753566843
eval_runtime = 6.3456
eval_samples_per_second = 236.385
eval_spearmanr = 0.5863559646275247
