eval_combined_score = 0.7774769051621182
eval_loss = 0.9569864869117737
eval_pearson = 0.7638639999633506
eval_runtime = 5.5665
eval_samples_per_second = 269.468
eval_spearmanr = 0.7910898103608857
