eval_combined_score = 0.6097781710458382
eval_loss = 1.5799084901809692
eval_pearson = 0.6624092911276398
eval_runtime = 5.8267
eval_samples_per_second = 257.438
eval_spearmanr = 0.5571470509640366
