eval_combined_score = 0.7927209897654661
eval_loss = 0.8971843123435974
eval_pearson = 0.7837478629289434
eval_runtime = 5.4952
eval_samples_per_second = 272.963
eval_spearmanr = 0.801694116601989
