eval_combined_score = 0.11045483649289112
eval_loss = 14.113057136535645
eval_pearson = 0.12947950179200018
eval_runtime = 5.4001
eval_samples_per_second = 277.772
eval_spearmanr = 0.09143017119378206
