eval_combined_score = 0.01885194776154269
eval_loss = 2.833785057067871
eval_pearson = 0.01244533978235257
eval_runtime = 5.7437
eval_samples_per_second = 261.157
eval_spearmanr = 0.02525855574073281
