eval_combined_score = 0.11980455037975041
eval_loss = 4.005023002624512
eval_pearson = 0.1374840288509627
eval_runtime = 5.199
eval_samples_per_second = 288.517
eval_spearmanr = 0.10212507190853812
