eval_combined_score = 0.12119188984685969
eval_loss = 2.2726850509643555
eval_pearson = 0.13445177466000396
eval_runtime = 5.3396
eval_samples_per_second = 280.92
eval_spearmanr = 0.1079320050337154
