eval_combined_score = -0.06661854278591084
eval_loss = 63.8032341003418
eval_pearson = -0.06530784395798916
eval_runtime = 4.9786
eval_samples_per_second = 301.292
eval_spearmanr = -0.06792924161383251
