eval_combined_score = 0.10686965237672416
eval_loss = 2.2622241973876953
eval_pearson = 0.12201609975228135
eval_runtime = 4.991
eval_samples_per_second = 300.54
eval_spearmanr = 0.09172320500116699
