eval_combined_score = 0.018334627406523765
eval_loss = 33.094051361083984
eval_pearson = -0.01903943660750719
eval_runtime = 5.0406
eval_samples_per_second = 297.582
eval_spearmanr = 0.05570869142055472
