eval_combined_score = 0.1252304946718444
eval_loss = 2.3312220573425293
eval_pearson = 0.1438106833772436
eval_runtime = 5.0425
eval_samples_per_second = 297.473
eval_spearmanr = 0.10665030596644523
