eval_combined_score = 0.045519352487119955
eval_loss = 2.4667017459869385
eval_pearson = 0.05443179177932552
eval_runtime = 5.3982
eval_samples_per_second = 277.87
eval_spearmanr = 0.03660691319491438
