eval_combined_score = 0.7654423239998928
eval_loss = 1.53742516040802
eval_pearson = 0.7679668463795054
eval_runtime = 6.2221
eval_samples_per_second = 241.075
eval_spearmanr = 0.7629178016202801
