eval_combined_score = 0.6135990347638491
eval_loss = 5.571458339691162
eval_pearson = 0.5688168452943826
eval_runtime = 5.7362
eval_samples_per_second = 261.495
eval_spearmanr = 0.6583812242333156
