eval_combined_score = 0.7673325359715335
eval_loss = 1.063043475151062
eval_pearson = 0.7658592787201708
eval_runtime = 5.7566
eval_samples_per_second = 260.569
eval_spearmanr = 0.7688057932228962
