eval_combined_score = 0.7080354021054589
eval_loss = 5.4349284172058105
eval_pearson = 0.7040905821819128
eval_runtime = 5.7018
eval_samples_per_second = 263.075
eval_spearmanr = 0.711980222029005
