eval_combined_score = 0.7575977762628272
eval_loss = 1.514620065689087
eval_pearson = 0.7577474148175345
eval_runtime = 7.0617
eval_samples_per_second = 212.413
eval_spearmanr = 0.7574481377081199
