eval_combined_score = 0.7788951397915654
eval_loss = 1.017298698425293
eval_pearson = 0.7824496686890361
eval_runtime = 5.7356
eval_samples_per_second = 261.523
eval_spearmanr = 0.7753406108940948
