eval_combined_score = 0.7782202354136463
eval_loss = 1.0169109106063843
eval_pearson = 0.7816634101436728
eval_runtime = 5.9323
eval_samples_per_second = 252.855
eval_spearmanr = 0.7747770606836196
