eval_combined_score = 0.6783222009862313
eval_loss = 6.750977039337158
eval_pearson = 0.6402451252963256
eval_runtime = 5.7098
eval_samples_per_second = 262.705
eval_spearmanr = 0.7163992766761371
