eval_combined_score = 0.7385583317627187
eval_loss = 3.399765968322754
eval_pearson = 0.7347464917253943
eval_runtime = 6.3354
eval_samples_per_second = 236.766
eval_spearmanr = 0.742370171800043
