eval_combined_score = 0.7336795360544031
eval_loss = 5.186352252960205
eval_pearson = 0.7266738979113814
eval_runtime = 5.7241
eval_samples_per_second = 262.052
eval_spearmanr = 0.7406851741974247
