eval_combined_score = 0.6261455878873017
eval_loss = 9.229585647583008
eval_pearson = 0.6262547603109029
eval_runtime = 6.2152
eval_samples_per_second = 241.343
eval_spearmanr = 0.6260364154637004
