eval_combined_score = 0.75162822403566
eval_loss = 2.7676568031311035
eval_pearson = 0.7523094144880309
eval_runtime = 5.7299
eval_samples_per_second = 261.787
eval_spearmanr = 0.7509470335832892
