eval_loss = 0.561823308467865
eval_matthews_correlation = 0.204726747794256
eval_runtime = 4.0211
eval_samples_per_second = 259.379
