eval_loss = 0.599978506565094
eval_matthews_correlation = 0.3196011977154161
eval_runtime = 4.0771
eval_samples_per_second = 255.82
