eval_loss = 0.43381398916244507
eval_matthews_correlation = 0.5448474753283539
eval_runtime = 3.9542
eval_samples_per_second = 263.768
