eval_loss = 0.47981759905815125
eval_matthews_correlation = 0.5315332344895993
eval_runtime = 3.9756
eval_samples_per_second = 262.352
