eval_loss = 0.47060808539390564
eval_matthews_correlation = 0.49394998193355627
eval_runtime = 4.0308
eval_samples_per_second = 258.757
