eval_loss = 0.4565613567829132
eval_matthews_correlation = 0.4856483967190665
eval_runtime = 4.3817
eval_samples_per_second = 238.035
