eval_loss = 0.5947745442390442
eval_matthews_correlation = 0.08036809130702588
eval_runtime = 3.9678
eval_samples_per_second = 262.869
