eval_loss = 0.45238935947418213
eval_matthews_correlation = 0.5232427655095763
eval_runtime = 4.6098
eval_samples_per_second = 226.255
