eval_loss = 0.7288897037506104
eval_matthews_correlation = -0.020702674026557004
eval_runtime = 4.4276
eval_samples_per_second = 235.566
