eval_loss = 0.5914691686630249
eval_matthews_correlation = 0.08036809130702588
eval_runtime = 4.3304
eval_samples_per_second = 240.855
