eval_loss = 0.6060977578163147
eval_matthews_correlation = 0.0463559874942472
eval_runtime = 3.9663
eval_samples_per_second = 262.967
