eval_loss = 0.4564456641674042
eval_matthews_correlation = 0.5311708468019721
eval_runtime = 3.9865
eval_samples_per_second = 261.631
