eval_loss = 0.4963889718055725
eval_matthews_correlation = 0.5079531963854501
eval_runtime = 4.1567
eval_samples_per_second = 250.922
