eval_loss = 0.47159600257873535
eval_matthews_correlation = 0.5313214843751437
eval_runtime = 3.9753
eval_samples_per_second = 262.371
