eval_loss = 0.48015403747558594
eval_matthews_correlation = 0.5315332344895993
eval_runtime = 3.9586
eval_samples_per_second = 263.474
