eval_loss = 0.46009591221809387
eval_matthews_correlation = 0.5443411760365089
eval_runtime = 4.0424
eval_samples_per_second = 258.012
