eval_loss = 0.5792398452758789
eval_matthews_correlation = 0.1883103190340171
eval_runtime = 4.2476
eval_samples_per_second = 245.551
