eval_loss = 0.48279401659965515
eval_matthews_correlation = 0.529206928614411
eval_runtime = 4.0487
eval_samples_per_second = 257.615
