eval_loss = 0.6029136776924133
eval_matthews_correlation = 0.0463559874942472
eval_runtime = 4.0826
eval_samples_per_second = 255.472
