eval_loss = 0.474164217710495
eval_matthews_correlation = 0.5046718184221465
eval_runtime = 3.9979
eval_samples_per_second = 260.885
