eval_loss = 0.48546043038368225
eval_matthews_correlation = 0.5322407163754954
eval_runtime = 4.0076
eval_samples_per_second = 260.254
