eval_loss = 0.5351284146308899
eval_matthews_correlation = 0.46372083907511125
eval_runtime = 4.2974
eval_samples_per_second = 242.702
