eval_loss = 0.603682279586792
eval_matthews_correlation = 0.0463559874942472
eval_runtime = 4.0044
eval_samples_per_second = 260.464
