eval_loss = 0.6009410619735718
eval_matthews_correlation = 0.0463559874942472
eval_runtime = 4.0429
eval_samples_per_second = 257.986
