eval_accuracy = 0.9317224967966319
eval_loss = 0.5604366064071655
eval_runtime = 26.4806
eval_samples_per_second = 206.302
