eval_accuracy = 0.9317224967966319
eval_loss = 0.42730745673179626
eval_runtime = 24.3147
eval_samples_per_second = 224.679
