eval_accuracy = 0.9256818597840014
eval_loss = 0.24647919833660126
eval_runtime = 24.2327
eval_samples_per_second = 225.439
