eval_accuracy = 0.9227530660809079
eval_loss = 0.24014316499233246
eval_runtime = 25.3628
eval_samples_per_second = 215.394
