eval_accuracy = 0.9212886692293611
eval_loss = 0.21615763008594513
eval_runtime = 25.3158
eval_samples_per_second = 215.794
