eval_accuracy = 0.9309902983708584
eval_loss = 0.5033485293388367
eval_runtime = 24.7446
eval_samples_per_second = 220.776
