eval_accuracy = 0.933369943254622
eval_loss = 0.377642959356308
eval_runtime = 23.7919
eval_samples_per_second = 229.616
