eval_accuracy = 0.9300750503386418
eval_loss = 0.3063836395740509
eval_runtime = 29.1807
eval_samples_per_second = 187.213
