eval_accuracy = 0.9324546952224053
eval_loss = 0.28033846616744995
eval_runtime = 24.8912
eval_samples_per_second = 219.475
