eval_accuracy = 0.9262310086033315
eval_loss = 0.2586761713027954
eval_runtime = 29.0521
eval_samples_per_second = 188.041
