eval_accuracy = 0.9311733479773019
eval_loss = 0.48315760493278503
eval_runtime = 25.7856
eval_samples_per_second = 211.862
