eval_accuracy = 0.914881933003844
eval_loss = 0.2300892025232315
eval_runtime = 28.0686
eval_samples_per_second = 194.63
