eval_accuracy = 0.9284276038806517
eval_loss = 0.27837029099464417
eval_runtime = 24.0668
eval_samples_per_second = 226.993
