eval_accuracy = 0.9326377448288486
eval_loss = 0.49310043454170227
eval_runtime = 24.6014
eval_samples_per_second = 222.061
