eval_accuracy = 0.9293428519128684
eval_loss = 0.45826491713523865
eval_runtime = 23.3324
eval_samples_per_second = 234.138
