eval_accuracy = 0.9295259015193117
eval_loss = 0.3206719756126404
eval_runtime = 25.7871
eval_samples_per_second = 211.85
