eval_accuracy = 0.9309902983708584
eval_loss = 0.48292046785354614
eval_runtime = 24.6643
eval_samples_per_second = 221.494
