eval_accuracy = 0.9322716456159619
eval_loss = 0.316656231880188
eval_runtime = 25.2771
eval_samples_per_second = 216.124
