eval_accuracy = 0.9317224967966319
eval_loss = 0.2154417186975479
eval_runtime = 28.6138
eval_samples_per_second = 190.922
