eval_accuracy = 0.9331868936481786
eval_loss = 0.46874865889549255
eval_runtime = 28.2465
eval_samples_per_second = 193.404
