eval_accuracy = 0.9309902983708584
eval_loss = 0.36261609196662903
eval_runtime = 24.345
eval_samples_per_second = 224.399
