eval_accuracy = 0.9298920007321985
eval_loss = 0.3011009097099304
eval_runtime = 27.2814
eval_samples_per_second = 200.246
