eval_accuracy = 0.9330038440417353
eval_loss = 0.41869089007377625
eval_runtime = 26.0634
eval_samples_per_second = 209.604
