eval_accuracy = 0.9322716456159619
eval_loss = 0.43236613273620605
eval_runtime = 25.8084
eval_samples_per_second = 211.675
