eval_accuracy = 0.9297089511257551
eval_loss = 0.3369384706020355
eval_runtime = 29.6088
eval_samples_per_second = 184.506
