eval_accuracy = 0.9330038440417353
eval_loss = 0.532361626625061
eval_runtime = 24.5632
eval_samples_per_second = 222.406
