eval_accuracy = 0.8676470588235294
eval_combined_score = 0.8861203491997506
eval_f1 = 0.9045936395759717
eval_loss = 0.5989587306976318
eval_runtime = 2.2089
eval_samples_per_second = 184.704
