eval_accuracy = 0.8480392156862745
eval_combined_score = 0.8712985194077632
eval_f1 = 0.8945578231292517
eval_loss = 0.3554825782775879
eval_runtime = 1.9217
eval_samples_per_second = 212.313
