eval_accuracy = 0.8774509803921569
eval_combined_score = 0.8953227124183006
eval_f1 = 0.9131944444444444
eval_loss = 0.5712850689888
eval_runtime = 1.8891
eval_samples_per_second = 215.981
