eval_accuracy = 0.8161764705882353
eval_combined_score = 0.8450630252100841
eval_f1 = 0.8739495798319329
eval_loss = 0.42051705718040466
eval_runtime = 1.9848
eval_samples_per_second = 205.561
