eval_accuracy = 0.8578431372549019
eval_combined_score = 0.8792640343808756
eval_f1 = 0.9006849315068494
eval_loss = 0.3778746426105499
eval_runtime = 2.3724
eval_samples_per_second = 171.981
