eval_accuracy = 0.8725490196078431
eval_combined_score = 0.8901752190237797
eval_f1 = 0.9078014184397164
eval_loss = 0.42523351311683655
eval_runtime = 2.0923
eval_samples_per_second = 194.997
