eval_accuracy = 0.8553921568627451
eval_combined_score = 0.8752982098700937
eval_f1 = 0.8952042628774423
eval_loss = 0.3380092978477478
eval_runtime = 1.8497
eval_samples_per_second = 220.577
