eval_accuracy = 0.8725490196078431
eval_combined_score = 0.8912918108419838
eval_f1 = 0.9100346020761245
eval_loss = 0.515735387802124
eval_runtime = 1.8331
eval_samples_per_second = 222.569
