eval_loss = 0.6795668601989746
eval_matthews_correlation = 0.3927020726984416
eval_runtime = 6.9639
eval_samples_per_second = 149.773
