eval_loss = 0.8035337328910828
eval_matthews_correlation = -0.16977028958284363
eval_runtime = 7.5877
eval_samples_per_second = 137.46
