eval_accuracy = 0.9231651376146789
eval_loss = 0.31772610545158386
eval_runtime = 3.6753
eval_samples_per_second = 237.259
