eval_accuracy = 0.930045871559633
eval_loss = 0.24242447316646576
eval_runtime = 4.364
eval_samples_per_second = 199.816
