eval_accuracy = 0.9334862385321101
eval_loss = 0.2545800805091858
eval_runtime = 4.3757
eval_samples_per_second = 199.283
