eval_accuracy = 0.9208715596330275
eval_loss = 0.3555852174758911
eval_runtime = 3.7222
eval_samples_per_second = 234.273
