eval_accuracy = 0.9243119266055045
eval_loss = 0.2584414780139923
eval_runtime = 3.9294
eval_samples_per_second = 221.915
