eval_combined_score = 0.6916468298921006
eval_loss = 1.1827048063278198
eval_pearson = 0.6923120892386004
eval_runtime = 5.6573
eval_samples_per_second = 265.142
eval_spearmanr = 0.6909815705456006
