eval_combined_score = 0.7645108074912237
eval_loss = 0.9265074729919434
eval_pearson = 0.7696245471054595
eval_runtime = 5.4938
eval_samples_per_second = 273.035
eval_spearmanr = 0.7593970678769878
