eval_combined_score = 0.7302617329539495
eval_loss = 1.0563710927963257
eval_pearson = 0.7324622577065601
eval_runtime = 5.5077
eval_samples_per_second = 272.348
eval_spearmanr = 0.7280612082013388
