eval_combined_score = 0.8353723547158389
eval_loss = 0.7539548277854919
eval_pearson = 0.8379062190511406
eval_runtime = 5.7718
eval_samples_per_second = 259.884
eval_spearmanr = 0.8328384903805371
