eval_combined_score = 0.8345223887862135
eval_loss = 0.8042945861816406
eval_pearson = 0.836460082740477
eval_runtime = 5.8429
eval_samples_per_second = 256.724
eval_spearmanr = 0.8325846948319501
