eval_combined_score = 0.8353389175949665
eval_loss = 0.7446573376655579
eval_pearson = 0.8379101687016256
eval_runtime = 5.7612
eval_samples_per_second = 260.363
eval_spearmanr = 0.8327676664883074
