eval_combined_score = 0.738236834863766
eval_loss = 1.0718032121658325
eval_pearson = 0.7399933489619918
eval_runtime = 5.6198
eval_samples_per_second = 266.915
eval_spearmanr = 0.7364803207655404
