eval_combined_score = 0.8033910778560099
eval_loss = 0.9702096581459045
eval_pearson = 0.8061259544161321
eval_runtime = 6.171
eval_samples_per_second = 243.071
eval_spearmanr = 0.8006562012958878
