eval_combined_score = 0.5112416704228857
eval_loss = 3.5038681030273438
eval_pearson = 0.5191701558730683
eval_runtime = 5.5896
eval_samples_per_second = 268.357
eval_spearmanr = 0.5033131849727032
