eval_combined_score = 0.7446762761845638
eval_loss = 1.1123300790786743
eval_pearson = 0.7458358655440059
eval_runtime = 5.7035
eval_samples_per_second = 262.999
eval_spearmanr = 0.7435166868251215
