eval_combined_score = 0.832928511419468
eval_loss = 0.7708039283752441
eval_pearson = 0.8356895449754755
eval_runtime = 5.5301
eval_samples_per_second = 271.243
eval_spearmanr = 0.8301674778634603
