eval_combined_score = 0.829296355903876
eval_loss = 0.7797440886497498
eval_pearson = 0.832008805809185
eval_runtime = 5.5345
eval_samples_per_second = 271.026
eval_spearmanr = 0.8265839059985668
