eval_combined_score = 0.8356338447210245
eval_loss = 0.7641915082931519
eval_pearson = 0.8379422040639428
eval_runtime = 5.9937
eval_samples_per_second = 250.265
eval_spearmanr = 0.8333254853781064
