eval_combined_score = 0.8284030396747905
eval_loss = 0.7622083425521851
eval_pearson = 0.8311153465644733
eval_runtime = 5.5252
eval_samples_per_second = 271.485
eval_spearmanr = 0.8256907327851076
