eval_combined_score = 0.684202944201072
eval_loss = 1.2068687677383423
eval_pearson = 0.6839293258986555
eval_runtime = 5.5254
eval_samples_per_second = 271.475
eval_spearmanr = 0.6844765625034885
