eval_combined_score = 0.8238811736031777
eval_loss = 0.8165431022644043
eval_pearson = 0.826758564270813
eval_runtime = 6.1541
eval_samples_per_second = 243.74
eval_spearmanr = 0.8210037829355425
