eval_combined_score = 0.7914992295873632
eval_loss = 0.9093536138534546
eval_pearson = 0.794786294925291
eval_runtime = 5.6272
eval_samples_per_second = 266.564
eval_spearmanr = 0.7882121642494354
