eval_combined_score = 0.5916820420040603
eval_loss = 1.699087381362915
eval_pearson = 0.5951153760831934
eval_runtime = 5.5304
eval_samples_per_second = 271.229
eval_spearmanr = 0.5882487079249272
