eval_combined_score = 0.7520370359482683
eval_loss = 0.9693008065223694
eval_pearson = 0.7559636523679478
eval_runtime = 5.5241
eval_samples_per_second = 271.538
eval_spearmanr = 0.7481104195285888
