eval_combined_score = 0.8164467803861732
eval_loss = 0.8357646465301514
eval_pearson = 0.819051859285522
eval_runtime = 5.4681
eval_samples_per_second = 274.32
eval_spearmanr = 0.8138417014868246
