eval_combined_score = 0.8310228274267958
eval_loss = 0.7710909247398376
eval_pearson = 0.8339433723636868
eval_runtime = 6.2101
eval_samples_per_second = 241.541
eval_spearmanr = 0.8281022824899048
