eval_combined_score = 0.665929360609812
eval_loss = 1.320988655090332
eval_pearson = 0.6668144496893648
eval_runtime = 5.7956
eval_samples_per_second = 258.818
eval_spearmanr = 0.6650442715302591
