eval_combined_score = 0.7813712860562745
eval_loss = 0.8893147110939026
eval_pearson = 0.7856664437152197
eval_runtime = 5.5621
eval_samples_per_second = 269.68
eval_spearmanr = 0.7770761283973292
