eval_combined_score = 0.835100769502616
eval_loss = 0.7569223642349243
eval_pearson = 0.8374534134556597
eval_runtime = 5.5446
eval_samples_per_second = 270.535
eval_spearmanr = 0.8327481255495723
