eval_combined_score = 0.8188766414019593
eval_loss = 0.8950493335723877
eval_pearson = 0.8209755721760947
eval_runtime = 5.4794
eval_samples_per_second = 273.751
eval_spearmanr = 0.8167777106278237
