eval_combined_score = 0.8247852197374386
eval_loss = 0.7834246158599854
eval_pearson = 0.8277235865632544
eval_runtime = 5.6786
eval_samples_per_second = 264.148
eval_spearmanr = 0.8218468529116226
