eval_combined_score = 0.6219531142501102
eval_loss = 1.4152194261550903
eval_pearson = 0.6131669823930915
eval_runtime = 5.5114
eval_samples_per_second = 272.165
eval_spearmanr = 0.630739246107129
