eval_combined_score = 0.8138730208038742
eval_loss = 0.8335480093955994
eval_pearson = 0.8165788917863472
eval_runtime = 5.5955
eval_samples_per_second = 268.072
eval_spearmanr = 0.8111671498214013
