eval_combined_score = 0.6778248563259923
eval_loss = 1.2506428956985474
eval_pearson = 0.6772494870766536
eval_runtime = 5.4947
eval_samples_per_second = 272.992
eval_spearmanr = 0.6784002255753312
