eval_combined_score = 0.5538493979119274
eval_loss = 1.5518633127212524
eval_pearson = 0.5629726285717673
eval_runtime = 5.776
eval_samples_per_second = 259.693
eval_spearmanr = 0.5447261672520874
