eval_combined_score = 0.797643940692171
eval_loss = 0.8984444737434387
eval_pearson = 0.8010106488977901
eval_runtime = 5.7364
eval_samples_per_second = 261.486
eval_spearmanr = 0.794277232486552
