eval_combined_score = 0.8204873959833876
eval_loss = 0.8189332485198975
eval_pearson = 0.8234491110725446
eval_runtime = 5.4782
eval_samples_per_second = 273.815
eval_spearmanr = 0.8175256808942307
