eval_combined_score = 0.7078669247238707
eval_loss = 1.1328113079071045
eval_pearson = 0.7082780860531062
eval_runtime = 5.5219
eval_samples_per_second = 271.647
eval_spearmanr = 0.7074557633946353
