eval_combined_score = 0.6384428248424977
eval_loss = 1.5362980365753174
eval_pearson = 0.6269733583349163
eval_runtime = 5.7911
eval_samples_per_second = 259.018
eval_spearmanr = 0.6499122913500791
