eval_combined_score = 0.7984555156900047
eval_loss = 0.8253730535507202
eval_pearson = 0.8014586806458178
eval_runtime = 5.6242
eval_samples_per_second = 266.703
eval_spearmanr = 0.7954523507341916
