eval_combined_score = 0.8355919655521962
eval_loss = 0.7640242576599121
eval_pearson = 0.8379264439937923
eval_runtime = 6.0531
eval_samples_per_second = 247.808
eval_spearmanr = 0.8332574871106
