eval_combined_score = 0.8257212268008378
eval_loss = 0.773057758808136
eval_pearson = 0.8286254149679992
eval_runtime = 5.6163
eval_samples_per_second = 267.08
eval_spearmanr = 0.8228170386336765
