eval_combined_score = 0.8312412903129833
eval_loss = 0.7469039559364319
eval_pearson = 0.8343358141196374
eval_runtime = 5.5009
eval_samples_per_second = 272.685
eval_spearmanr = 0.8281467665063292
