eval_combined_score = 0.8321248341283407
eval_loss = 0.7601081728935242
eval_pearson = 0.8352272676948886
eval_runtime = 5.5035
eval_samples_per_second = 272.555
eval_spearmanr = 0.8290224005617928
