eval_combined_score = 0.7216396202304554
eval_loss = 1.1030395030975342
eval_pearson = 0.7231154060300161
eval_runtime = 5.5357
eval_samples_per_second = 270.97
eval_spearmanr = 0.7201638344308947
