eval_combined_score = 0.8335593888326631
eval_loss = 0.7711591720581055
eval_pearson = 0.836124388199912
eval_runtime = 5.5344
eval_samples_per_second = 271.03
eval_spearmanr = 0.8309943894654144
