eval_combined_score = 0.8013977975567597
eval_loss = 0.8563089370727539
eval_pearson = 0.8047032229868135
eval_runtime = 6.068
eval_samples_per_second = 247.2
eval_spearmanr = 0.7980923721267057
