eval_combined_score = 0.7947787975283671
eval_loss = 0.9992842674255371
eval_pearson = 0.7978587344540138
eval_runtime = 5.5129
eval_samples_per_second = 272.091
eval_spearmanr = 0.7916988606027204
