eval_combined_score = 0.8227811981264528
eval_loss = 0.7930379509925842
eval_pearson = 0.8259832246195207
eval_runtime = 6.0123
eval_samples_per_second = 249.488
eval_spearmanr = 0.8195791716333848
