eval_combined_score = 0.805038188848356
eval_loss = 0.9064581990242004
eval_pearson = 0.8077376894760929
eval_runtime = 5.5374
eval_samples_per_second = 270.885
eval_spearmanr = 0.8023386882206189
