eval_combined_score = 0.8306577090287144
eval_loss = 0.8296650648117065
eval_pearson = 0.8332957014607292
eval_runtime = 5.6242
eval_samples_per_second = 266.707
eval_spearmanr = 0.8280197165966997
