eval_combined_score = 0.7865113658069327
eval_loss = 0.8648461103439331
eval_pearson = 0.7902337020789578
eval_runtime = 5.833
eval_samples_per_second = 257.159
eval_spearmanr = 0.7827890295349075
