eval_combined_score = 0.7561201937620292
eval_loss = 0.9711695909500122
eval_pearson = 0.7607628553544977
eval_runtime = 5.5142
eval_samples_per_second = 272.025
eval_spearmanr = 0.7514775321695608
