eval_combined_score = 0.8298522751005358
eval_loss = 0.8328924179077148
eval_pearson = 0.8324160298378657
eval_runtime = 5.5096
eval_samples_per_second = 272.254
eval_spearmanr = 0.827288520363206
