eval_combined_score = 0.7618047176613918
eval_loss = 0.942023754119873
eval_pearson = 0.766913712723992
eval_runtime = 5.5413
eval_samples_per_second = 270.696
eval_spearmanr = 0.7566957225987916
