eval_combined_score = 0.7745861481395967
eval_loss = 0.9953985214233398
eval_pearson = 0.7782753450313956
eval_runtime = 5.5445
eval_samples_per_second = 270.54
eval_spearmanr = 0.7708969512477978
