eval_combined_score = 0.8316659052395209
eval_loss = 0.7543667554855347
eval_pearson = 0.83474332480706
eval_runtime = 5.6091
eval_samples_per_second = 267.422
eval_spearmanr = 0.8285884856719817
