eval_combined_score = 0.7590323582779921
eval_loss = 1.089708924293518
eval_pearson = 0.7636790507094761
eval_runtime = 5.5177
eval_samples_per_second = 271.853
eval_spearmanr = 0.754385665846508
