eval_combined_score = 0.809629347113688
eval_loss = 0.864894688129425
eval_pearson = 0.8119703460117135
eval_runtime = 5.881
eval_samples_per_second = 255.057
eval_spearmanr = 0.8072883482156623
