eval_combined_score = 0.8342835271358586
eval_loss = 0.7909939885139465
eval_pearson = 0.8363987689794348
eval_runtime = 5.5122
eval_samples_per_second = 272.122
eval_spearmanr = 0.8321682852922826
