eval_combined_score = 0.8353540033388411
eval_loss = 0.7497960329055786
eval_pearson = 0.8379014949668723
eval_runtime = 5.6207
eval_samples_per_second = 266.869
eval_spearmanr = 0.8328065117108099
