eval_combined_score = 0.6542367590213568
eval_loss = 1.308029294013977
eval_pearson = 0.6522259572016736
eval_runtime = 5.8899
eval_samples_per_second = 254.675
eval_spearmanr = 0.65624756084104
