eval_combined_score = 0.8274587490003302
eval_loss = 0.9344285726547241
eval_pearson = 0.8281790865575267
eval_runtime = 5.9384
eval_samples_per_second = 252.595
eval_spearmanr = 0.8267384114431336
