eval_accuracy = 0.8767994063814
eval_combined_score = 0.8606129024286049
eval_f1 = 0.8444263984758098
eval_loss = 0.32610180974006653
eval_runtime = 172.6461
eval_samples_per_second = 234.179
