eval_accuracy = 0.909151620084096
eval_combined_score = 0.8938550297477845
eval_f1 = 0.8785584394114729
eval_loss = 0.3789706230163574
eval_runtime = 174.1851
eval_samples_per_second = 232.109
