eval_accuracy = 0.8718031164976503
eval_combined_score = 0.8440922976118463
eval_f1 = 0.8163814787260424
eval_loss = 0.30079537630081177
eval_runtime = 194.1717
eval_samples_per_second = 208.218
