eval_accuracy = 0.9094978976007915
eval_combined_score = 0.8943514710017096
eval_f1 = 0.8792050444026278
eval_loss = 0.3405049443244934
eval_runtime = 178.4428
eval_samples_per_second = 226.571
