eval_accuracy = 0.9106356665842197
eval_combined_score = 0.8954900472348155
eval_f1 = 0.8803444278854115
eval_loss = 0.41759946942329407
eval_runtime = 174.5737
eval_samples_per_second = 231.593
