eval_accuracy = 0.8946326984912194
eval_combined_score = 0.8784066112967258
eval_f1 = 0.8621805241022322
eval_loss = 0.3230111300945282
eval_runtime = 176.1275
eval_samples_per_second = 229.55
