eval_accuracy = 0.886643581498887
eval_combined_score = 0.8612862055992627
eval_f1 = 0.8359288296996384
eval_loss = 0.3353724777698517
eval_runtime = 173.6981
eval_samples_per_second = 232.76
