eval_accuracy = 0.7209745238684145
eval_combined_score = 0.6332218604272972
eval_f1 = 0.54546919698618
eval_loss = 0.8812358975410461
eval_runtime = 191.5039
eval_samples_per_second = 211.118
