eval_accuracy = 0.893544397724462
eval_combined_score = 0.8734202321296658
eval_f1 = 0.8532960665348694
eval_loss = 0.32701200246810913
eval_runtime = 179.8945
eval_samples_per_second = 224.743
