eval_accuracy = 0.9031659658669305
eval_combined_score = 0.8852517843973262
eval_f1 = 0.867337602927722
eval_loss = 0.3279341459274292
eval_runtime = 203.0562
eval_samples_per_second = 199.107
