eval_accuracy = 0.908780608459065
eval_combined_score = 0.8929072420796258
eval_f1 = 0.8770338757001866
eval_loss = 0.3889223635196686
eval_runtime = 182.7247
eval_samples_per_second = 221.262
