eval_accuracy = 0.8930002473410834
eval_combined_score = 0.8726574362473545
eval_f1 = 0.8523146251536254
eval_loss = 0.29281315207481384
eval_runtime = 199.0002
eval_samples_per_second = 203.166
