eval_accuracy = 0.9083601286173634
eval_combined_score = 0.8923538119307489
eval_f1 = 0.8763474952441345
eval_loss = 0.3520221710205078
eval_runtime = 179.1881
eval_samples_per_second = 225.629
