eval_accuracy = 0.9048973534504081
eval_combined_score = 0.8869617400491132
eval_f1 = 0.8690261266478183
eval_loss = 0.32874011993408203
eval_runtime = 176.0413
eval_samples_per_second = 229.662
