eval_combined_score = 0.3982011205832318
eval_loss = 2.1143929958343506
eval_pearson = 0.3989982622874018
eval_runtime = 4.9985
eval_samples_per_second = 300.09
eval_spearmanr = 0.3974039788790618
