eval_combined_score = 0.4906269907991625
eval_loss = 1.9977141618728638
eval_pearson = 0.4858205173589882
eval_runtime = 4.9922
eval_samples_per_second = 300.467
eval_spearmanr = 0.4954334642393368
