eval_combined_score = 0.3833917411022892
eval_loss = 2.2634079456329346
eval_pearson = 0.3863676879852562
eval_runtime = 4.988
eval_samples_per_second = 300.723
eval_spearmanr = 0.38041579421932215
