eval_combined_score = -0.14345120650534435
eval_loss = 5.786679267883301
eval_pearson = -0.14344376812165457
eval_runtime = 4.9772
eval_samples_per_second = 301.375
eval_spearmanr = -0.14345864488903412
