eval_combined_score = 0.3502191109182252
eval_loss = 2.5396533012390137
eval_pearson = 0.3538255351264391
eval_runtime = 5.3351
eval_samples_per_second = 281.158
eval_spearmanr = 0.3466126867100113
