eval_combined_score = 0.30195859892509763
eval_loss = 2.309014081954956
eval_pearson = 0.3073529454089475
eval_runtime = 4.9963
eval_samples_per_second = 300.22
eval_spearmanr = 0.2965642524412478
