eval_combined_score = 0.2092863068055882
eval_loss = 3.445046901702881
eval_pearson = 0.21286020131787223
eval_runtime = 4.974
eval_samples_per_second = 301.569
eval_spearmanr = 0.2057124122933042
