eval_combined_score = 0.3777251049991909
eval_loss = 2.5123684406280518
eval_pearson = 0.3792089720370376
eval_runtime = 6.0491
eval_samples_per_second = 247.97
eval_spearmanr = 0.3762412379613441
