eval_combined_score = 0.2624518991455369
eval_loss = 3.154904842376709
eval_pearson = 0.3062652664290259
eval_runtime = 4.9634
eval_samples_per_second = 302.214
eval_spearmanr = 0.21863853186204785
