eval_combined_score = 0.670830937852356
eval_loss = 6.447142124176025
eval_pearson = 0.677764241975417
eval_runtime = 4.982
eval_samples_per_second = 301.082
eval_spearmanr = 0.6638976337292952
