eval_combined_score = 0.0460210643697706
eval_loss = 5.529536247253418
eval_pearson = 0.04409310450358363
eval_runtime = 4.9811
eval_samples_per_second = 301.136
eval_spearmanr = 0.04794902423595757
