eval_combined_score = 0.1641939528243354
eval_loss = 2.796133518218994
eval_pearson = 0.16927872471244731
eval_runtime = 5.1024
eval_samples_per_second = 293.98
eval_spearmanr = 0.1591091809362235
