eval_combined_score = 0.08405682032382092
eval_loss = 2.490022897720337
eval_pearson = 0.09832955690171225
eval_runtime = 4.9823
eval_samples_per_second = 301.068
eval_spearmanr = 0.0697840837459296
