eval_combined_score = 0.10050777120790097
eval_loss = 2.276405096054077
eval_pearson = 0.11153383613771116
eval_runtime = 4.9738
eval_samples_per_second = 301.579
eval_spearmanr = 0.08948170627809077
