eval_combined_score = 0.11312306114218668
eval_loss = 2.2606706619262695
eval_pearson = 0.12294644794842303
eval_runtime = 5.303
eval_samples_per_second = 282.86
eval_spearmanr = 0.10329967433595032
