eval_combined_score = 0.19599207933528448
eval_loss = 2.929381847381592
eval_pearson = 0.20618868442964225
eval_runtime = 4.9856
eval_samples_per_second = 300.864
eval_spearmanr = 0.1857954742409267
