eval_combined_score = 0.11368360145900244
eval_loss = 2.495253801345825
eval_pearson = 0.1502552917768308
eval_runtime = 4.9818
eval_samples_per_second = 301.099
eval_spearmanr = 0.07711191114117406
