eval_combined_score = -0.16013119325359348
eval_loss = 3.8936927318573
eval_pearson = -0.1653254868789526
eval_runtime = 4.9781
eval_samples_per_second = 301.323
eval_spearmanr = -0.1549368996282344
