eval_combined_score = 0.07933904860735133
eval_loss = 17.633052825927734
eval_pearson = 0.07637119069653825
eval_runtime = 4.9641
eval_samples_per_second = 302.17
eval_spearmanr = 0.08230690651816443
