eval_combined_score = 0.16244177777834096
eval_loss = 2.3409829139709473
eval_pearson = 0.16818646095678857
eval_runtime = 5.0394
eval_samples_per_second = 297.655
eval_spearmanr = 0.1566970945998933
