eval_combined_score = 0.2420410773215989
eval_loss = 2.241617202758789
eval_pearson = 0.24887320699826007
eval_runtime = 4.98
eval_samples_per_second = 301.206
eval_spearmanr = 0.23520894764493777
