eval_combined_score = -0.1370736676035983
eval_loss = 3.203723192214966
eval_pearson = -0.1462368176543676
eval_runtime = 4.9912
eval_samples_per_second = 300.53
eval_spearmanr = -0.12791051755282895
