eval_combined_score = -0.02579253091086025
eval_loss = 2.2623846530914307
eval_pearson = -0.02849267753749094
eval_runtime = 4.9646
eval_samples_per_second = 302.14
eval_spearmanr = -0.023092384284229554
