eval_combined_score = 0.5312949028832631
eval_loss = 1.8661022186279297
eval_pearson = 0.5204472328217985
eval_runtime = 4.9804
eval_samples_per_second = 301.179
eval_spearmanr = 0.5421425729447277
