eval_combined_score = 0.18775746303306573
eval_loss = 4.7491021156311035
eval_pearson = 0.19275498757130133
eval_runtime = 5.0095
eval_samples_per_second = 299.429
eval_spearmanr = 0.18275993849483016
