eval_combined_score = 0.2792668195412795
eval_loss = 2.489386796951294
eval_pearson = 0.28612254094640405
eval_runtime = 4.9804
eval_samples_per_second = 301.181
eval_spearmanr = 0.272411098136155
