eval_combined_score = 0.12944954903255546
eval_loss = 2.786339282989502
eval_pearson = 0.13423779017233264
eval_runtime = 4.9762
eval_samples_per_second = 301.437
eval_spearmanr = 0.12466130789277827
