eval_combined_score = 0.049574608004941526
eval_loss = 2.2517995834350586
eval_pearson = 0.0706809666997483
eval_runtime = 5.301
eval_samples_per_second = 282.965
eval_spearmanr = 0.02846824931013476
