eval_combined_score = -0.17153777681754573
eval_loss = 7.369595527648926
eval_pearson = -0.18545182302017169
eval_runtime = 4.977
eval_samples_per_second = 301.389
eval_spearmanr = -0.15762373061491977
