eval_accuracy = 0.48736462093862815
eval_loss = 0.6938939094543457
eval_runtime = 1.0523
eval_samples_per_second = 263.222
