eval_accuracy = 0.5270758122743683
eval_loss = 1.0531367063522339
eval_runtime = 1.0336
eval_samples_per_second = 267.988
