eval_accuracy = 0.5306859205776173
eval_loss = 0.7408891320228577
eval_runtime = 1.0409
eval_samples_per_second = 266.123
