eval_accuracy = 0.5270758122743683
eval_loss = 0.696351170539856
eval_runtime = 1.052
eval_samples_per_second = 263.32
