eval_accuracy = 0.5270758122743683
eval_loss = 0.7860075235366821
eval_runtime = 1.0511
eval_samples_per_second = 263.537
