eval_accuracy = 0.4657039711191336
eval_loss = 0.7528440952301025
eval_runtime = 1.2335
eval_samples_per_second = 224.572
