eval_accuracy = 0.5415162454873647
eval_loss = 0.6793285608291626
eval_runtime = 1.0378
eval_samples_per_second = 266.898
