eval_accuracy = 0.5270758122743683
eval_loss = 0.9153902530670166
eval_runtime = 1.0912
eval_samples_per_second = 253.841
