eval_accuracy = 0.5342960288808665
eval_loss = 0.8398484587669373
eval_runtime = 1.0406
eval_samples_per_second = 266.191
