eval_accuracy = 0.5595667870036101
eval_loss = 0.6795442700386047
eval_runtime = 1.0541
eval_samples_per_second = 262.785
