eval_accuracy = 0.555956678700361
eval_loss = 0.6796286702156067
eval_runtime = 1.0765
eval_samples_per_second = 257.31
