epoch = 5.31
eval_accuracy = 0.9369266055045872
eval_loss = 0.3729529082775116
eval_runtime = 3.7632
eval_samples_per_second = 231.719
