epoch = 3.21
eval_accuracy = 0.9392201834862385
eval_loss = 0.26750850677490234
eval_runtime = 3.7291
eval_samples_per_second = 233.836
