epoch = 4.99
eval_accuracy = 0.9403669724770642
eval_loss = 0.3123299181461334
eval_runtime = 3.7784
eval_samples_per_second = 230.786
