epoch = 2.49
eval_accuracy = 0.9346330275229358
eval_loss = 0.3292827308177948
eval_runtime = 3.7484
eval_samples_per_second = 232.635
