epoch = 1.75
eval_accuracy = 0.9346330275229358
eval_loss = 0.25153857469558716
eval_runtime = 3.7231
eval_samples_per_second = 234.213
