epoch = 2.92
eval_accuracy = 0.9346330275229358
eval_loss = 0.2811022996902466
eval_runtime = 4.3789
eval_samples_per_second = 199.137
