epoch = 5.91
eval_accuracy = 0.9357798165137615
eval_loss = 0.3774990141391754
eval_runtime = 4.0051
eval_samples_per_second = 217.724
