epoch = 3.53
eval_accuracy = 0.9311926605504587
eval_loss = 0.3016754686832428
eval_runtime = 3.9011
eval_samples_per_second = 223.528
