epoch = 0.18
eval_accuracy = 0.9002293577981652
eval_loss = 0.34176501631736755
eval_runtime = 3.8987
eval_samples_per_second = 223.665
