epoch = 0.89
eval_accuracy = 0.9346330275229358
eval_loss = 0.23975390195846558
eval_runtime = 3.6657
eval_samples_per_second = 237.883
