epoch = 5.63
eval_accuracy = 0.9369266055045872
eval_loss = 0.3883485794067383
eval_runtime = 4.1115
eval_samples_per_second = 212.087
