epoch = 0.82
eval_accuracy = 0.9254587155963303
eval_loss = 0.2321251630783081
eval_runtime = 3.6208
eval_samples_per_second = 240.828
