epoch = 2.39
eval_accuracy = 0.9438073394495413
eval_loss = 0.2909584641456604
eval_runtime = 4.3877
eval_samples_per_second = 198.739
