epoch = 6.95
eval_accuracy = 0.9334862385321101
eval_loss = 0.4512021839618683
eval_runtime = 3.7631
eval_samples_per_second = 231.722
