epoch = 1.96
eval_accuracy = 0.9357798165137615
eval_loss = 0.2832196056842804
eval_runtime = 3.6968
eval_samples_per_second = 235.877
