epoch = 4.28
eval_accuracy = 0.9346330275229358
eval_loss = 0.42268049716949463
eval_runtime = 4.2559
eval_samples_per_second = 204.891
