epoch = 5.67
eval_accuracy = 0.9357798165137615
eval_loss = 0.3758639097213745
eval_runtime = 3.8124
eval_samples_per_second = 228.726
