epoch = 5.56
eval_accuracy = 0.930045871559633
eval_loss = 0.39743971824645996
eval_runtime = 3.8098
eval_samples_per_second = 228.882
