epoch = 1.92
eval_accuracy = 0.9334862385321101
eval_loss = 0.31694379448890686
eval_runtime = 4.3767
eval_samples_per_second = 199.237
