epoch = 1.32
eval_accuracy = 0.9334862385321101
eval_loss = 0.2319050431251526
eval_runtime = 3.7741
eval_samples_per_second = 231.05
