epoch = 4.06
eval_accuracy = 0.9288990825688074
eval_loss = 0.42212995886802673
eval_runtime = 3.7335
eval_samples_per_second = 233.558
