epoch = 3.71
eval_accuracy = 0.9346330275229358
eval_loss = 0.33758291602134705
eval_runtime = 4.4085
eval_samples_per_second = 197.8
