epoch = 1.78
eval_accuracy = 0.9231651376146789
eval_loss = 0.30850765109062195
eval_runtime = 3.8384
eval_samples_per_second = 227.175
