epoch = 1.57
eval_accuracy = 0.9311926605504587
eval_loss = 0.2561810612678528
eval_runtime = 3.7188
eval_samples_per_second = 234.483
