epoch = 6.06
eval_accuracy = 0.9380733944954128
eval_loss = 0.39471256732940674
eval_runtime = 4.4866
eval_samples_per_second = 194.355
