epoch = 2.17
eval_accuracy = 0.9426605504587156
eval_loss = 0.26151448488235474
eval_runtime = 3.8853
eval_samples_per_second = 224.436
