epoch = 6.45
eval_accuracy = 0.9346330275229358
eval_loss = 0.4511650800704956
eval_runtime = 4.0087
eval_samples_per_second = 217.525
