epoch = 5.95
eval_accuracy = 0.9369266055045872
eval_loss = 0.3474176526069641
eval_runtime = 3.7394
eval_samples_per_second = 233.193
