epoch = 5.81
eval_accuracy = 0.9334862385321101
eval_loss = 0.40180522203445435
eval_runtime = 4.3622
eval_samples_per_second = 199.898
