epoch = 0.57
eval_accuracy = 0.9334862385321101
eval_loss = 0.20843805372714996
eval_runtime = 3.7366
eval_samples_per_second = 233.365
