epoch = 2.99
eval_accuracy = 0.9311926605504587
eval_loss = 0.2969279885292053
eval_runtime = 4.0234
eval_samples_per_second = 216.735
