epoch = 1.46
eval_accuracy = 0.9380733944954128
eval_loss = 0.23857328295707703
eval_runtime = 3.8135
eval_samples_per_second = 228.662
