epoch = 3.85
eval_accuracy = 0.9415137614678899
eval_loss = 0.3013479709625244
eval_runtime = 3.9483
eval_samples_per_second = 220.855
