epoch = 2.6
eval_accuracy = 0.930045871559633
eval_loss = 0.3065517246723175
eval_runtime = 3.7717
eval_samples_per_second = 231.195
