epoch = 0.36
eval_accuracy = 0.9220183486238532
eval_loss = 0.22962620854377747
eval_runtime = 3.8332
eval_samples_per_second = 227.484
