epoch = 6.24
eval_accuracy = 0.930045871559633
eval_loss = 0.45139214396476746
eval_runtime = 4.3911
eval_samples_per_second = 198.585
