epoch = 5.38
eval_accuracy = 0.9369266055045872
eval_loss = 0.3884715735912323
eval_runtime = 4.4749
eval_samples_per_second = 194.867
