epoch = 6.88
eval_accuracy = 0.9334862385321101
eval_loss = 0.4572627544403076
eval_runtime = 3.7592
eval_samples_per_second = 231.965
