epoch = 6.16
eval_accuracy = 0.930045871559633
eval_loss = 0.4389277696609497
eval_runtime = 4.0669
eval_samples_per_second = 214.416
