epoch = 5.13
eval_accuracy = 0.9380733944954128
eval_loss = 0.37819990515708923
eval_runtime = 4.1126
eval_samples_per_second = 212.03
