epoch = 2.32
eval_accuracy = 0.9288990825688074
eval_loss = 0.29598915576934814
eval_runtime = 3.7923
eval_samples_per_second = 229.938
