epoch = 1.5
eval_accuracy = 0.9357798165137615
eval_loss = 0.3029807209968567
eval_runtime = 3.7594
eval_samples_per_second = 231.955
