epoch = 5.45
eval_accuracy = 0.9380733944954128
eval_loss = 0.3678847849369049
eval_runtime = 4.0778
eval_samples_per_second = 213.838
