epoch = 4.7
eval_accuracy = 0.9277522935779816
eval_loss = 0.37211111187934875
eval_runtime = 4.0735
eval_samples_per_second = 214.066
