epoch = 6.59
eval_accuracy = 0.9334862385321101
eval_loss = 0.4554331302642822
eval_runtime = 3.7574
eval_samples_per_second = 232.078
