epoch = 1.18
eval_accuracy = 0.930045871559633
eval_loss = 0.28505027294158936
eval_runtime = 3.7791
eval_samples_per_second = 230.741
