epoch = 4.77
eval_accuracy = 0.9334862385321101
eval_loss = 0.3617565631866455
eval_runtime = 4.6031
eval_samples_per_second = 189.439
