epoch = 3.95
eval_accuracy = 0.9403669724770642
eval_loss = 0.2739322781562805
eval_runtime = 4.2432
eval_samples_per_second = 205.507
