epoch = 2.85
eval_accuracy = 0.926605504587156
eval_loss = 0.3244205415248871
eval_runtime = 3.7678
eval_samples_per_second = 231.437
