epoch = 6.34
eval_accuracy = 0.9346330275229358
eval_loss = 0.4595121443271637
eval_runtime = 4.0711
eval_samples_per_second = 214.195
