epoch = 4.81
eval_accuracy = 0.9403669724770642
eval_loss = 0.32490113377571106
eval_runtime = 3.6959
eval_samples_per_second = 235.938
