epoch = 4.52
eval_accuracy = 0.9369266055045872
eval_loss = 0.34097352623939514
eval_runtime = 3.7281
eval_samples_per_second = 233.899
