epoch = 3.56
eval_accuracy = 0.9346330275229358
eval_loss = 0.29008281230926514
eval_runtime = 3.913
eval_samples_per_second = 222.849
