epoch = 2.42
eval_accuracy = 0.9334862385321101
eval_loss = 0.31293007731437683
eval_runtime = 3.7195
eval_samples_per_second = 234.44
