epoch = 5.59
eval_accuracy = 0.9346330275229358
eval_loss = 0.40615537762641907
eval_runtime = 3.6866
eval_samples_per_second = 236.532
