epoch = 4.13
eval_accuracy = 0.9415137614678899
eval_loss = 0.34020426869392395
eval_runtime = 3.7425
eval_samples_per_second = 233.0
