epoch = 2.71
eval_accuracy = 0.9254587155963303
eval_loss = 0.26180124282836914
eval_runtime = 3.8
eval_samples_per_second = 229.474
