epoch = 5.34
eval_accuracy = 0.9380733944954128
eval_loss = 0.37978431582450867
eval_runtime = 3.7992
eval_samples_per_second = 229.521
