epoch = 3.67
eval_accuracy = 0.9392201834862385
eval_loss = 0.304932564496994
eval_runtime = 3.6441
eval_samples_per_second = 239.288
