epoch = 3.03
eval_accuracy = 0.9369266055045872
eval_loss = 0.306935578584671
eval_runtime = 4.2816
eval_samples_per_second = 203.661
