epoch = 4.35
eval_accuracy = 0.9346330275229358
eval_loss = 0.37312281131744385
eval_runtime = 4.3627
eval_samples_per_second = 199.876
