epoch = 0.78
eval_accuracy = 0.9288990825688074
eval_loss = 0.22411157190799713
eval_runtime = 4.6678
eval_samples_per_second = 186.812
