epoch = 4.38
eval_accuracy = 0.9346330275229358
eval_loss = 0.39571020007133484
eval_runtime = 3.7538
eval_samples_per_second = 232.297
