epoch = 4.45
eval_accuracy = 0.9380733944954128
eval_loss = 0.37545475363731384
eval_runtime = 3.7737
eval_samples_per_second = 231.074
