epoch = 0.96
eval_accuracy = 0.9254587155963303
eval_loss = 0.25606009364128113
eval_runtime = 3.7992
eval_samples_per_second = 229.524
