epoch = 1.53
eval_accuracy = 0.9369266055045872
eval_loss = 0.24429921805858612
eval_runtime = 3.877
eval_samples_per_second = 224.914
