epoch = 4.17
eval_accuracy = 0.9346330275229358
eval_loss = 0.35600101947784424
eval_runtime = 3.7433
eval_samples_per_second = 232.949
