epoch = 3.49
eval_accuracy = 0.9346330275229358
eval_loss = 0.3440909683704376
eval_runtime = 3.7443
eval_samples_per_second = 232.889
