epoch = 1.21
eval_accuracy = 0.9369266055045872
eval_loss = 0.2564936578273773
eval_runtime = 3.7488
eval_samples_per_second = 232.606
