epoch = 0.25
eval_accuracy = 0.9231651376146789
eval_loss = 0.23356054723262787
eval_runtime = 4.4948
eval_samples_per_second = 194.002
