epoch = 1.71
eval_accuracy = 0.9357798165137615
eval_loss = 0.2736678719520569
eval_runtime = 3.7412
eval_samples_per_second = 233.083
