epoch = 3.81
eval_accuracy = 0.9392201834862385
eval_loss = 0.31026366353034973
eval_runtime = 4.0419
eval_samples_per_second = 215.739
