epoch = 6.2
eval_accuracy = 0.9334862385321101
eval_loss = 0.44037148356437683
eval_runtime = 4.3857
eval_samples_per_second = 198.829
