epoch = 4.74
eval_accuracy = 0.930045871559633
eval_loss = 0.3709211051464081
eval_runtime = 4.407
eval_samples_per_second = 197.866
