epoch = 4.56
eval_accuracy = 0.9392201834862385
eval_loss = 0.340682715177536
eval_runtime = 3.8725
eval_samples_per_second = 225.178
