epoch = 5.06
eval_accuracy = 0.9346330275229358
eval_loss = 0.38191044330596924
eval_runtime = 3.9975
eval_samples_per_second = 218.139
