epoch = 0.71
eval_accuracy = 0.9231651376146789
eval_loss = 0.20839828252792358
eval_runtime = 3.7248
eval_samples_per_second = 234.11
