epoch = 4.24
eval_accuracy = 0.9346330275229358
eval_loss = 0.4003283381462097
eval_runtime = 3.7003
eval_samples_per_second = 235.659
