epoch = 1.14
eval_accuracy = 0.9403669724770642
eval_loss = 0.24091686308383942
eval_runtime = 3.7362
eval_samples_per_second = 233.393
