epoch = 3.28
eval_accuracy = 0.9346330275229358
eval_loss = 0.3341951370239258
eval_runtime = 3.6722
eval_samples_per_second = 237.462
