epoch = 3.06
eval_accuracy = 0.9334862385321101
eval_loss = 0.3252122104167938
eval_runtime = 3.7173
eval_samples_per_second = 234.578
