epoch = 6.56
eval_accuracy = 0.9334862385321101
eval_loss = 0.4590793550014496
eval_runtime = 4.6206
eval_samples_per_second = 188.721
