epoch = 5.1
eval_accuracy = 0.9380733944954128
eval_loss = 0.3572821319103241
eval_runtime = 3.7645
eval_samples_per_second = 231.639
