epoch = 6.38
eval_accuracy = 0.9311926605504587
eval_loss = 0.4585106670856476
eval_runtime = 4.3044
eval_samples_per_second = 202.585
