epoch = 5.7
eval_accuracy = 0.9334862385321101
eval_loss = 0.35417211055755615
eval_runtime = 3.6962
eval_samples_per_second = 235.918
