epoch = 5.99
eval_accuracy = 0.9323394495412844
eval_loss = 0.35998302698135376
eval_runtime = 4.0974
eval_samples_per_second = 212.819
