epoch = 3.14
eval_accuracy = 0.9380733944954128
eval_loss = 0.3198493421077728
eval_runtime = 3.7372
eval_samples_per_second = 233.332
