epoch = 1.43
eval_accuracy = 0.9334862385321101
eval_loss = 0.270427942276001
eval_runtime = 3.7302
eval_samples_per_second = 233.767
