epoch = 2.81
eval_accuracy = 0.9357798165137615
eval_loss = 0.27983734011650085
eval_runtime = 3.7852
eval_samples_per_second = 230.37
