epoch = 6.7
eval_accuracy = 0.9311926605504587
eval_loss = 0.48535412549972534
eval_runtime = 3.8866
eval_samples_per_second = 224.363
