epoch = 4.92
eval_accuracy = 0.9380733944954128
eval_loss = 0.31202659010887146
eval_runtime = 4.3438
eval_samples_per_second = 200.746
