epoch = 2.14
eval_accuracy = 0.9323394495412844
eval_loss = 0.37024372816085815
eval_runtime = 3.8853
eval_samples_per_second = 224.435
