epoch = 3.1
eval_accuracy = 0.9357798165137615
eval_loss = 0.3120923638343811
eval_runtime = 4.1388
eval_samples_per_second = 210.687
