epoch = 1.0
eval_accuracy = 0.9208715596330275
eval_loss = 0.25035524368286133
eval_runtime = 3.7627
eval_samples_per_second = 231.749
