epoch = 6.13
eval_accuracy = 0.9357798165137615
eval_loss = 0.41304391622543335
eval_runtime = 3.8332
eval_samples_per_second = 227.484
