epoch = 4.2
eval_accuracy = 0.9369266055045872
eval_loss = 0.3711034059524536
eval_runtime = 4.1109
eval_samples_per_second = 212.118
