epoch = 4.42
eval_accuracy = 0.9415137614678899
eval_loss = 0.3278162479400635
eval_runtime = 3.727
eval_samples_per_second = 233.966
