epoch = 3.88
eval_accuracy = 0.9415137614678899
eval_loss = 0.2745916247367859
eval_runtime = 3.7323
eval_samples_per_second = 233.639
