epoch = 2.78
eval_accuracy = 0.9369266055045872
eval_loss = 0.2573784589767456
eval_runtime = 4.0978
eval_samples_per_second = 212.797
