epoch = 3.24
eval_accuracy = 0.9392201834862385
eval_loss = 0.32700109481811523
eval_runtime = 3.8037
eval_samples_per_second = 229.249
