epoch = 3.42
eval_accuracy = 0.9369266055045872
eval_loss = 0.2915312349796295
eval_runtime = 3.9146
eval_samples_per_second = 222.758
