eval_accuracy = 0.6102941176470589
eval_combined_score = 0.6489584537154744
eval_f1 = 0.68762278978389
eval_loss = 0.6583644151687622
eval_runtime = 1.5427
eval_samples_per_second = 264.468
