eval_accuracy = 0.4387254901960784
eval_combined_score = 0.37344129494698186
eval_f1 = 0.30815709969788524
eval_loss = 1.0450849533081055
eval_runtime = 1.6901
eval_samples_per_second = 241.41
