eval_accuracy = 0.31862745098039214
eval_combined_score = 0.16288515406162463
eval_f1 = 0.0071428571428571435
eval_loss = 1.6337569952011108
eval_runtime = 1.5316
eval_samples_per_second = 266.389
