eval_accuracy = 0.3602941176470588
eval_combined_score = 0.24075311942959002
eval_f1 = 0.12121212121212122
eval_loss = 0.9467423558235168
eval_runtime = 1.5713
eval_samples_per_second = 259.66
