eval_accuracy = 0.696078431372549
eval_combined_score = 0.7571301247771836
eval_f1 = 0.8181818181818181
eval_loss = 0.6926812529563904
eval_runtime = 1.6874
eval_samples_per_second = 241.786
