eval_accuracy = 0.3088235294117647
eval_combined_score = 0.16140477169888937
eval_f1 = 0.013986013986013986
eval_loss = 0.9782313108444214
eval_runtime = 1.5404
eval_samples_per_second = 264.858
