eval_accuracy = 0.6985294117647058
eval_combined_score = 0.7584227561039187
eval_f1 = 0.8183161004431315
eval_loss = 0.5678680539131165
eval_runtime = 1.6174
eval_samples_per_second = 252.264
