eval_accuracy = 0.48284313725490197
eval_combined_score = 0.44423847003590167
eval_f1 = 0.40563380281690137
eval_loss = 0.7508277297019958
eval_runtime = 2.1215
eval_samples_per_second = 192.315
