eval_accuracy = 0.6936274509803921
eval_combined_score = 0.755036926664939
eval_f1 = 0.816446402349486
eval_loss = 1.1152511835098267
eval_runtime = 1.6333
eval_samples_per_second = 249.808
