eval_accuracy = 0.7107843137254902
eval_combined_score = 0.7673324553702078
eval_f1 = 0.8238805970149253
eval_loss = 0.56007981300354
eval_runtime = 1.5336
eval_samples_per_second = 266.042
