eval_combined_score = 0.418103722749337
eval_loss = 2.175077199935913
eval_pearson = 0.2832019241392161
eval_runtime = 6.1689
eval_samples_per_second = 243.155
eval_spearmanr = 0.5530055213594579
