eval_combined_score = 0.6893355536165777
eval_loss = 21.44319725036621
eval_pearson = 0.6981566969266607
eval_runtime = 7.0871
eval_samples_per_second = 211.651
eval_spearmanr = 0.6805144103064948
