eval_combined_score = 0.8191366215624746
eval_loss = 5.797516822814941
eval_pearson = 0.7845348290870605
eval_runtime = 6.0856
eval_samples_per_second = 246.484
eval_spearmanr = 0.8537384140378886
