eval_combined_score = 0.4931715949050546
eval_loss = 3.0366311073303223
eval_pearson = 0.5106035202829547
eval_runtime = 6.27
eval_samples_per_second = 239.235
eval_spearmanr = 0.47573966952715446
