eval_combined_score = 0.4383760986752363
eval_loss = 4.145508766174316
eval_pearson = 0.4745049419973415
eval_runtime = 6.4524
eval_samples_per_second = 232.472
eval_spearmanr = 0.40224725535313116
