eval_combined_score = 0.7815202298349087
eval_loss = 0.9113062620162964
eval_pearson = 0.7831788865850438
eval_runtime = 6.0151
eval_samples_per_second = 249.373
eval_spearmanr = 0.7798615730847734
