eval_accuracy = 0.9181768259198243
eval_loss = 0.23086582124233246
eval_runtime = 20.9464
eval_samples_per_second = 260.808
