eval_accuracy = 0.9103056928427604
eval_loss = 0.2448706328868866
eval_runtime = 20.1259
eval_samples_per_second = 271.441
