eval_accuracy = 0.8795533589602782
eval_loss = 0.2991068661212921
eval_runtime = 20.9751
eval_samples_per_second = 260.452
