eval_accuracy = 0.8866922936115688
eval_loss = 0.2793726623058319
eval_runtime = 20.6074
eval_samples_per_second = 265.098
