eval_accuracy = 0.4946000366099213
eval_loss = 1.1391634941101074
eval_runtime = 21.7307
eval_samples_per_second = 251.396
