eval_loss = 0.6787552237510681
eval_matthews_correlation = 0.0463559874942472
eval_runtime = 4.0799
eval_samples_per_second = 255.642
