eval_loss = 0.568246066570282
eval_matthews_correlation = 0.23267650715203794
eval_runtime = 3.9589
eval_samples_per_second = 263.459
