eval_loss = 0.48281949758529663
eval_matthews_correlation = 0.4780694327816084
eval_runtime = 3.9593
eval_samples_per_second = 263.429
