eval_loss = 0.44755813479423523
eval_matthews_correlation = 0.5206048793014052
eval_runtime = 4.5701
eval_samples_per_second = 228.223
