eval_loss = 0.45960673689842224
eval_matthews_correlation = 0.5126228485857701
eval_runtime = 4.3283
eval_samples_per_second = 240.973
