eval_accuracy = 0.7549019607843137
eval_combined_score = 0.7962821492233256
eval_f1 = 0.8376623376623377
eval_loss = 0.5010878443717957
eval_runtime = 1.5895
eval_samples_per_second = 256.678
