eval_accuracy = 0.7156862745098039
eval_combined_score = 0.7717897247919939
eval_f1 = 0.8278931750741839
eval_loss = 1.0824285745620728
eval_runtime = 1.6429
eval_samples_per_second = 248.348
