eval_accuracy = 0.7132352941176471
eval_combined_score = 0.7699509803921569
eval_f1 = 0.8266666666666667
eval_loss = 1.086840271949768
eval_runtime = 1.5248
eval_samples_per_second = 267.574
