eval_accuracy = 0.7720588235294118
eval_combined_score = 0.8137121489342238
eval_f1 = 0.8553654743390358
eval_loss = 0.6318598985671997
eval_runtime = 1.5406
eval_samples_per_second = 264.838
