eval_accuracy = 0.7720588235294118
eval_combined_score = 0.792090017825312
eval_f1 = 0.8121212121212121
eval_loss = 0.7305132746696472
eval_runtime = 1.5233
eval_samples_per_second = 267.84
