eval_loss = 0.6528385877609253
eval_matthews_correlation = 0.018148342420931135
eval_runtime = 3.7458
eval_samples_per_second = 278.443
