eval_accuracy = 0.7769607843137255
eval_combined_score = 0.810702614379085
eval_f1 = 0.8444444444444444
eval_loss = 0.4667603075504303
eval_runtime = 1.5672
eval_samples_per_second = 260.333
