eval_accuracy = 0.7916666666666666
eval_combined_score = 0.8214025102159954
eval_f1 = 0.8511383537653241
eval_loss = 0.45028528571128845
eval_runtime = 1.6677
eval_samples_per_second = 244.647
