eval_accuracy = 0.7524509803921569
eval_combined_score = 0.7893063852046842
eval_f1 = 0.8261617900172117
eval_loss = 0.5257009267807007
eval_runtime = 1.7126
eval_samples_per_second = 238.23
