eval_accuracy = 0.7230392156862745
eval_combined_score = 0.7611643680562812
eval_f1 = 0.7992895204262878
eval_loss = 0.564703643321991
eval_runtime = 1.5842
eval_samples_per_second = 257.549
