eval_accuracy = 0.7843137254901961
eval_combined_score = 0.8146920740127037
eval_f1 = 0.8450704225352113
eval_loss = 0.47112828493118286
eval_runtime = 1.5705
eval_samples_per_second = 259.784
