eval_accuracy = 0.7230392156862745
eval_combined_score = 0.760083342133981
eval_f1 = 0.7971274685816875
eval_loss = 0.5587267279624939
eval_runtime = 1.5623
eval_samples_per_second = 261.149
