eval_accuracy = 0.7892156862745098
eval_combined_score = 0.8202133794694348
eval_f1 = 0.8512110726643599
eval_loss = 0.4491097629070282
eval_runtime = 1.59
eval_samples_per_second = 256.606
