eval_accuracy = 0.7573529411764706
eval_combined_score = 0.7943493837057821
eval_f1 = 0.8313458262350937
eval_loss = 0.5077547430992126
eval_runtime = 1.572
eval_samples_per_second = 259.534
