eval_accuracy = 0.7450980392156863
eval_combined_score = 0.7867404387497574
eval_f1 = 0.8283828382838284
eval_loss = 0.5265840888023376
eval_runtime = 1.5681
eval_samples_per_second = 260.193
