eval_accuracy = 0.7745098039215687
eval_combined_score = 0.8048176259751212
eval_f1 = 0.8351254480286737
eval_loss = 0.4943215847015381
eval_runtime = 1.5969
eval_samples_per_second = 255.501
