eval_accuracy = 0.7916666666666666
eval_combined_score = 0.8214025102159954
eval_f1 = 0.8511383537653241
eval_loss = 0.44949212670326233
eval_runtime = 1.5632
eval_samples_per_second = 261.007
