eval_accuracy = 0.7450980392156863
eval_combined_score = 0.7813209494324045
eval_f1 = 0.8175438596491228
eval_loss = 0.5340288281440735
eval_runtime = 1.5717
eval_samples_per_second = 259.59
