eval_accuracy = 0.7769607843137255
eval_combined_score = 0.8079494187055354
eval_f1 = 0.8389380530973451
eval_loss = 0.4810473918914795
eval_runtime = 1.5868
eval_samples_per_second = 257.114
