eval_accuracy = 0.7058823529411765
eval_combined_score = 0.74502750740584
eval_f1 = 0.7841726618705035
eval_loss = 0.5682151913642883
eval_runtime = 1.5746
eval_samples_per_second = 259.115
