eval_accuracy = 0.7745098039215687
eval_combined_score = 0.8068353215412039
eval_f1 = 0.8391608391608392
eval_loss = 0.5015642046928406
eval_runtime = 1.5681
eval_samples_per_second = 260.184
