eval_accuracy = 0.7401960784313726
eval_combined_score = 0.7723120613559078
eval_f1 = 0.8044280442804429
eval_loss = 0.531312882900238
eval_runtime = 1.5815
eval_samples_per_second = 257.98
