eval_accuracy = 0.7328431372549019
eval_combined_score = 0.7742049865631532
eval_f1 = 0.8155668358714044
eval_loss = 0.5344462394714355
eval_runtime = 1.5657
eval_samples_per_second = 260.581
