eval_accuracy = 0.75
eval_combined_score = 0.7873711340206186
eval_f1 = 0.8247422680412373
eval_loss = 0.5272035002708435
eval_runtime = 1.5645
eval_samples_per_second = 260.783
