eval_accuracy = 0.7696078431372549
eval_combined_score = 0.8080065359477124
eval_f1 = 0.8464052287581698
eval_loss = 0.5122317671775818
eval_runtime = 1.6393
eval_samples_per_second = 248.892
