eval_accuracy = 0.7916666666666666
eval_combined_score = 0.8219202898550725
eval_f1 = 0.8521739130434783
eval_loss = 0.4726284146308899
eval_runtime = 1.5668
eval_samples_per_second = 260.405
