eval_accuracy = 0.7622549019607843
eval_combined_score = 0.7990631531800536
eval_f1 = 0.8358714043993231
eval_loss = 0.490205854177475
eval_runtime = 1.5746
eval_samples_per_second = 259.115
