eval_accuracy = 0.7671568627450981
eval_combined_score = 0.7998041809316319
eval_f1 = 0.8324514991181657
eval_loss = 0.5145910382270813
eval_runtime = 1.7045
eval_samples_per_second = 239.362
