eval_accuracy = 0.7941176470588235
eval_combined_score = 0.8256302521008403
eval_f1 = 0.8571428571428571
eval_loss = 0.4494735896587372
eval_runtime = 1.5636
eval_samples_per_second = 260.937
