eval_accuracy = 0.7377450980392157
eval_combined_score = 0.7795570231431471
eval_f1 = 0.8213689482470785
eval_loss = 0.5245116353034973
eval_runtime = 1.6332
eval_samples_per_second = 249.816
