eval_accuracy = 0.7965686274509803
eval_combined_score = 0.8268557422969187
eval_f1 = 0.8571428571428571
eval_loss = 0.4485381543636322
eval_runtime = 1.5943
eval_samples_per_second = 255.913
