eval_accuracy = 0.7818627450980392
eval_combined_score = 0.8140747231535101
eval_f1 = 0.8462867012089811
eval_loss = 0.4599177837371826
eval_runtime = 1.6927
eval_samples_per_second = 241.033
