eval_accuracy = 0.7769607843137255
eval_combined_score = 0.810702614379085
eval_f1 = 0.8444444444444444
eval_loss = 0.47069621086120605
eval_runtime = 1.5653
eval_samples_per_second = 260.659
