eval_accuracy = 0.7892156862745098
eval_combined_score = 0.8196949511511922
eval_f1 = 0.8501742160278745
eval_loss = 0.44877174496650696
eval_runtime = 1.6522
eval_samples_per_second = 246.944
