eval_accuracy = 0.7230392156862745
eval_combined_score = 0.7675096244820724
eval_f1 = 0.8119800332778703
eval_loss = 0.5517436265945435
eval_runtime = 1.6066
eval_samples_per_second = 253.959
