eval_accuracy = 0.7450980392156863
eval_combined_score = 0.7809997238331952
eval_f1 = 0.8169014084507041
eval_loss = 0.5319215655326843
eval_runtime = 1.5746
eval_samples_per_second = 259.117
