eval_accuracy = 0.7843137254901961
eval_combined_score = 0.8157679738562091
eval_f1 = 0.8472222222222223
eval_loss = 0.45554259419441223
eval_runtime = 1.5643
eval_samples_per_second = 260.824
