eval_accuracy = 0.7892156862745098
eval_combined_score = 0.8204699121027721
eval_f1 = 0.8517241379310345
eval_loss = 0.44929149746894836
eval_runtime = 1.5655
eval_samples_per_second = 260.625
