eval_accuracy = 0.7794117647058824
eval_combined_score = 0.8121196754563894
eval_f1 = 0.8448275862068965
eval_loss = 0.46840840578079224
eval_runtime = 1.5653
eval_samples_per_second = 260.645
