eval_accuracy = 0.7205882352941176
eval_combined_score = 0.7652941176470589
eval_f1 = 0.81
eval_loss = 0.5521921515464783
eval_runtime = 1.5777
eval_samples_per_second = 258.605
