eval_accuracy = 0.7941176470588235
eval_combined_score = 0.8256302521008403
eval_f1 = 0.8571428571428571
eval_loss = 0.4490824341773987
eval_runtime = 1.6253
eval_samples_per_second = 251.029
