eval_accuracy = 0.7916666666666666
eval_combined_score = 0.8224309153713298
eval_f1 = 0.853195164075993
eval_loss = 0.44837331771850586
eval_runtime = 1.5647
eval_samples_per_second = 260.757
