eval_accuracy = 0.7696078431372549
eval_combined_score = 0.8032066993464052
eval_f1 = 0.8368055555555555
eval_loss = 0.49938082695007324
eval_runtime = 1.5625
eval_samples_per_second = 261.124
