eval_accuracy = 0.7720588235294118
eval_combined_score = 0.8048775793039729
eval_f1 = 0.837696335078534
eval_loss = 0.5028867125511169
eval_runtime = 1.5737
eval_samples_per_second = 259.258
