eval_accuracy = 0.7745098039215687
eval_combined_score = 0.8110959615634333
eval_f1 = 0.847682119205298
eval_loss = 0.4894115924835205
eval_runtime = 1.5623
eval_samples_per_second = 261.146
