eval_accuracy = 0.7254901960784313
eval_combined_score = 0.7681505034446211
eval_f1 = 0.8108108108108109
eval_loss = 0.548127293586731
eval_runtime = 1.5768
eval_samples_per_second = 258.755
