eval_accuracy = 0.7034313725490197
eval_combined_score = 0.7468629999660176
eval_f1 = 0.7902946273830155
eval_loss = 0.5660347938537598
eval_runtime = 1.5975
eval_samples_per_second = 255.393
