eval_accuracy = 0.7205882352941176
eval_combined_score = 0.7566577540106951
eval_f1 = 0.7927272727272727
eval_loss = 0.5511780381202698
eval_runtime = 1.5667
eval_samples_per_second = 260.414
