eval_accuracy = 0.7867647058823529
eval_combined_score = 0.819778292027471
eval_f1 = 0.852791878172589
eval_loss = 0.46870145201683044
eval_runtime = 1.5809
eval_samples_per_second = 258.078
