eval_accuracy = 0.7843137254901961
eval_combined_score = 0.8149638802889577
eval_f1 = 0.8456140350877194
eval_loss = 0.4603995084762573
eval_runtime = 1.6892
eval_samples_per_second = 241.536
