eval_accuracy = 0.7769607843137255
eval_combined_score = 0.8076633406470937
eval_f1 = 0.8383658969804618
eval_loss = 0.48267027735710144
eval_runtime = 1.5786
eval_samples_per_second = 258.465
