eval_accuracy = 0.7892156862745098
eval_combined_score = 0.8212290035468113
eval_f1 = 0.8532423208191127
eval_loss = 0.4545048773288727
eval_runtime = 1.9286
eval_samples_per_second = 211.551
