eval_accuracy = 0.7916666666666666
eval_combined_score = 0.8224309153713298
eval_f1 = 0.853195164075993
eval_loss = 0.4485056400299072
eval_runtime = 1.5774
eval_samples_per_second = 258.657
