eval_accuracy = 0.7671568627450981
eval_combined_score = 0.8050660346783343
eval_f1 = 0.8429752066115703
eval_loss = 0.510448694229126
eval_runtime = 1.99
eval_samples_per_second = 205.026
