eval_accuracy = 0.7205882352941176
eval_combined_score = 0.7592302878598247
eval_f1 = 0.7978723404255319
eval_loss = 0.5628529191017151
eval_runtime = 1.5759
eval_samples_per_second = 258.893
