eval_accuracy = 0.7916666666666666
eval_combined_score = 0.8236771363893605
eval_f1 = 0.8556876061120543
eval_loss = 0.45288023352622986
eval_runtime = 1.5652
eval_samples_per_second = 260.678
