eval_accuracy = 0.7867647058823529
eval_combined_score = 0.8172002163387246
eval_f1 = 0.8476357267950962
eval_loss = 0.4713514745235443
eval_runtime = 1.5997
eval_samples_per_second = 255.047
