eval_accuracy = 0.7450980392156863
eval_combined_score = 0.7816399286987522
eval_f1 = 0.8181818181818181
eval_loss = 0.5375444889068604
eval_runtime = 1.5615
eval_samples_per_second = 261.289
