eval_accuracy = 0.7843137254901961
eval_combined_score = 0.8185782674273723
eval_f1 = 0.8528428093645485
eval_loss = 0.4618041217327118
eval_runtime = 1.7112
eval_samples_per_second = 238.427
