eval_accuracy = 0.7965686274509803
eval_combined_score = 0.8273441427853192
eval_f1 = 0.8581196581196581
eval_loss = 0.44843703508377075
eval_runtime = 1.5625
eval_samples_per_second = 261.127
