eval_accuracy = 0.7205882352941176
eval_combined_score = 0.7577761320355481
eval_f1 = 0.7949640287769784
eval_loss = 0.5614990592002869
eval_runtime = 1.6495
eval_samples_per_second = 247.341
