eval_accuracy = 0.7843137254901961
eval_combined_score = 0.8183313593893933
eval_f1 = 0.8523489932885906
eval_loss = 0.4587445855140686
eval_runtime = 1.572
eval_samples_per_second = 259.541
