eval_accuracy = 0.7720588235294118
eval_combined_score = 0.8062695489859752
eval_f1 = 0.8404802744425386
eval_loss = 0.4847102165222168
eval_runtime = 1.5733
eval_samples_per_second = 259.322
