eval_accuracy = 0.7892156862745098
eval_combined_score = 0.8199550653594772
eval_f1 = 0.8506944444444444
eval_loss = 0.4490576386451721
eval_runtime = 1.6775
eval_samples_per_second = 243.219
