eval_accuracy = 0.7745098039215687
eval_combined_score = 0.8051120448179272
eval_f1 = 0.8357142857142859
eval_loss = 0.49502721428871155
eval_runtime = 1.5729
eval_samples_per_second = 259.39
