eval_accuracy = 0.7843137254901961
eval_combined_score = 0.8160322952710495
eval_f1 = 0.847750865051903
eval_loss = 0.4679326117038727
eval_runtime = 1.5771
eval_samples_per_second = 258.701
