eval_accuracy = 0.7622549019607843
eval_combined_score = 0.7976506867807364
eval_f1 = 0.8330464716006885
eval_loss = 0.5147728323936462
eval_runtime = 1.5715
eval_samples_per_second = 259.623
