eval_accuracy = 0.7867647058823529
eval_combined_score = 0.8192767311353844
eval_f1 = 0.8517887563884157
eval_loss = 0.4572206437587738
eval_runtime = 1.5737
eval_samples_per_second = 259.256
