eval_accuracy = 0.7965686274509803
eval_combined_score = 0.8280643475664378
eval_f1 = 0.8595600676818951
eval_loss = 0.45124462246894836
eval_runtime = 1.5981
eval_samples_per_second = 255.297
