eval_accuracy = 0.7720588235294118
eval_combined_score = 0.8043070919053035
eval_f1 = 0.8365553602811951
eval_loss = 0.5081520080566406
eval_runtime = 1.5829
eval_samples_per_second = 257.753
