eval_accuracy = 0.7965686274509803
eval_combined_score = 0.8273441427853192
eval_f1 = 0.8581196581196581
eval_loss = 0.44859668612480164
eval_runtime = 1.6251
eval_samples_per_second = 251.066
