eval_accuracy = 0.7892156862745098
eval_combined_score = 0.8204699121027721
eval_f1 = 0.8517241379310345
eval_loss = 0.448837012052536
eval_runtime = 1.6312
eval_samples_per_second = 250.127
