eval_accuracy = 0.7843137254901961
eval_combined_score = 0.8149638802889577
eval_f1 = 0.8456140350877194
eval_loss = 0.47181403636932373
eval_runtime = 1.5766
eval_samples_per_second = 258.792
