eval_accuracy = 0.7720588235294118
eval_combined_score = 0.8099246654471937
eval_f1 = 0.8477905073649754
eval_loss = 0.5015835762023926
eval_runtime = 1.9185
eval_samples_per_second = 212.666
