eval_loss = 0.8635951280593872
eval_matthews_correlation = 0.33238464929669514
eval_runtime = 4.7335
eval_samples_per_second = 220.346
