eval_loss = 0.47241443395614624
eval_matthews_correlation = 0.5906590396340186
eval_runtime = 4.5924
eval_samples_per_second = 227.116
