eval_loss = 0.5145801901817322
eval_matthews_correlation = 0.5298517812001735
eval_runtime = 4.5245
eval_samples_per_second = 230.524
