eval_loss = 0.7331644892692566
eval_matthews_correlation = 0.4007177827039757
eval_runtime = 4.6902
eval_samples_per_second = 222.376
