eval_loss = 0.4413772225379944
eval_matthews_correlation = 0.6034053904179437
eval_runtime = 5.4286
eval_samples_per_second = 192.129
