eval_loss = 0.48030775785446167
eval_matthews_correlation = 0.5909903281139832
eval_runtime = 4.706
eval_samples_per_second = 221.633
