eval_loss = 0.406193345785141
eval_matthews_correlation = 0.6244666931728993
eval_runtime = 4.8021
eval_samples_per_second = 217.198
