eval_loss = 0.41016122698783875
eval_matthews_correlation = 0.6299363451317245
eval_runtime = 4.6639
eval_samples_per_second = 223.635
