eval_loss = 0.38560083508491516
eval_matthews_correlation = 0.6575052765405741
eval_runtime = 5.3283
eval_samples_per_second = 195.749
