eval_loss = 0.41990169882774353
eval_matthews_correlation = 0.6060362102181063
eval_runtime = 4.5803
eval_samples_per_second = 227.713
