eval_loss = 0.44597235321998596
eval_matthews_correlation = 0.6131894280886927
eval_runtime = 4.6637
eval_samples_per_second = 223.64
