eval_loss = 0.5498676300048828
eval_matthews_correlation = 0.4814917681613742
eval_runtime = 4.6512
eval_samples_per_second = 224.243
