eval_loss = 0.46588924527168274
eval_matthews_correlation = 0.6032750847516872
eval_runtime = 4.734
eval_samples_per_second = 220.323
