eval_loss = 0.4036561846733093
eval_matthews_correlation = 0.6199113868415833
eval_runtime = 4.5642
eval_samples_per_second = 228.52
