eval_loss = 0.40491876006126404
eval_matthews_correlation = 0.5985732294542903
eval_runtime = 4.6304
eval_samples_per_second = 225.25
