eval_loss = 0.45146068930625916
eval_matthews_correlation = 0.6006286235192053
eval_runtime = 4.6616
eval_samples_per_second = 223.745
