eval_loss = 0.4120352864265442
eval_matthews_correlation = 0.6059289186179461
eval_runtime = 5.1579
eval_samples_per_second = 202.214
