eval_loss = 0.45742377638816833
eval_matthews_correlation = 0.6031465729998459
eval_runtime = 4.5025
eval_samples_per_second = 231.65
