eval_loss = 0.44111233949661255
eval_matthews_correlation = 0.5468696296312392
eval_runtime = 4.9933
eval_samples_per_second = 208.879
