eval_loss = 0.4918684661388397
eval_matthews_correlation = 0.5832874600021861
eval_runtime = 4.5306
eval_samples_per_second = 230.211
