eval_loss = 0.4831898808479309
eval_matthews_correlation = 0.5784786967005595
eval_runtime = 4.6828
eval_samples_per_second = 222.729
