eval_loss = 0.39369696378707886
eval_matthews_correlation = 0.5939278343015987
eval_runtime = 4.6293
eval_samples_per_second = 225.304
