eval_loss = 0.49568235874176025
eval_matthews_correlation = 0.515219709004514
eval_runtime = 5.5549
eval_samples_per_second = 187.763
