eval_loss = 0.4982512891292572
eval_matthews_correlation = 0.5725409608102333
eval_runtime = 4.7452
eval_samples_per_second = 219.8
