eval_loss = 0.4419209957122803
eval_matthews_correlation = 0.500854588319398
eval_runtime = 4.8052
eval_samples_per_second = 217.056
