eval_loss = 0.4312680959701538
eval_matthews_correlation = 0.6157170770507245
eval_runtime = 4.619
eval_samples_per_second = 225.805
