eval_loss = 0.628788948059082
eval_matthews_correlation = 0.10385466804655791
eval_runtime = 4.8185
eval_samples_per_second = 216.457
