eval_loss = 0.43822717666625977
eval_matthews_correlation = 0.6141507621382936
eval_runtime = 4.7178
eval_samples_per_second = 221.077
