eval_loss = 0.4564541280269623
eval_matthews_correlation = 0.6006236595789939
eval_runtime = 4.8726
eval_samples_per_second = 214.055
