epoch = 4.13
eval_accuracy = 0.7292418772563177
eval_loss = 1.0847828388214111
eval_runtime = 1.485
eval_samples_per_second = 186.528
