epoch = 6.25
eval_accuracy = 0.7472924187725631
eval_loss = 1.7374333143234253
eval_runtime = 1.2893
eval_samples_per_second = 214.846
