epoch = 1.83
eval_accuracy = 0.6137184115523465
eval_loss = 0.6736394762992859
eval_runtime = 1.2332
eval_samples_per_second = 224.625
