epoch = 5.77
eval_accuracy = 0.7364620938628159
eval_loss = 1.5660173892974854
eval_runtime = 1.6416
eval_samples_per_second = 168.74
