epoch = 3.46
eval_accuracy = 0.6895306859205776
eval_loss = 0.908237636089325
eval_runtime = 1.5001
eval_samples_per_second = 184.659
