epoch = 1.63
eval_accuracy = 0.6028880866425993
eval_loss = 0.6929123997688293
eval_runtime = 1.5363
eval_samples_per_second = 180.304
