epoch = 2.69
eval_accuracy = 0.6823104693140795
eval_loss = 0.6693338751792908
eval_runtime = 1.217
eval_samples_per_second = 227.618
