epoch = 6.92
eval_accuracy = 0.7364620938628159
eval_loss = 1.7915831804275513
eval_runtime = 1.2285
eval_samples_per_second = 225.486
