epoch = 1.06
eval_accuracy = 0.5812274368231047
eval_loss = 0.6685847640037537
eval_runtime = 1.4241
eval_samples_per_second = 194.513
