epoch = 4.71
eval_accuracy = 0.7075812274368231
eval_loss = 1.5894817113876343
eval_runtime = 1.3657
eval_samples_per_second = 202.822
