epoch = 0.58
eval_accuracy = 0.4981949458483754
eval_loss = 0.6991567015647888
eval_runtime = 1.2587
eval_samples_per_second = 220.071
