epoch = 4.42
eval_accuracy = 0.7148014440433214
eval_loss = 1.3059004545211792
eval_runtime = 1.5096
eval_samples_per_second = 183.489
