epoch = 6.15
eval_accuracy = 0.7364620938628159
eval_loss = 1.673108696937561
eval_runtime = 1.5273
eval_samples_per_second = 181.366
