epoch = 1.44
eval_accuracy = 0.5740072202166066
eval_loss = 0.6752333641052246
eval_runtime = 1.4276
eval_samples_per_second = 194.033
