epoch = 4.62
eval_accuracy = 0.7256317689530686
eval_loss = 1.4244798421859741
eval_runtime = 1.4637
eval_samples_per_second = 189.246
