epoch = 6.73
eval_accuracy = 0.7364620938628159
eval_loss = 1.776686191558838
eval_runtime = 1.1981
eval_samples_per_second = 231.208
