epoch = 4.04
eval_accuracy = 0.7003610108303249
eval_loss = 1.014364242553711
eval_runtime = 1.2321
eval_samples_per_second = 224.813
