epoch = 2.12
eval_accuracy = 0.6642599277978339
eval_loss = 0.6768043637275696
eval_runtime = 1.235
eval_samples_per_second = 224.294
