epoch = 1.35
eval_accuracy = 0.5487364620938628
eval_loss = 0.741747260093689
eval_runtime = 1.429
eval_samples_per_second = 193.847
