epoch = 1.73
eval_accuracy = 0.5884476534296029
eval_loss = 0.6857569813728333
eval_runtime = 1.2917
eval_samples_per_second = 214.448
