epoch = 6.06
eval_accuracy = 0.740072202166065
eval_loss = 1.7494710683822632
eval_runtime = 1.2866
eval_samples_per_second = 215.301
