epoch = 1.25
eval_accuracy = 0.5740072202166066
eval_loss = 0.6915191411972046
eval_runtime = 1.3637
eval_samples_per_second = 203.131
