epoch = 2.4
eval_accuracy = 0.6606498194945848
eval_loss = 0.6647079586982727
eval_runtime = 1.2792
eval_samples_per_second = 216.545
