epoch = 4.33
eval_accuracy = 0.5016064257028112
eval_loss = 0.6931556463241577
eval_runtime = 12.3374
eval_samples_per_second = 201.825
