epoch = 4.42
eval_accuracy = 0.5016064257028112
eval_loss = 0.6949408054351807
eval_runtime = 12.3239
eval_samples_per_second = 202.047
