epoch = 3.46
eval_accuracy = 0.5016064257028112
eval_loss = 0.6946773529052734
eval_runtime = 12.319
eval_samples_per_second = 202.128
