epoch = 4.81
eval_accuracy = 0.5016064257028112
eval_loss = 0.6932923197746277
eval_runtime = 12.396
eval_samples_per_second = 200.871
