epoch = 5.1
eval_accuracy = 0.4983935742971888
eval_loss = 0.6991743445396423
eval_runtime = 12.3259
eval_samples_per_second = 202.013
