epoch = 1.25
eval_accuracy = 0.4983935742971888
eval_loss = 0.6959254741668701
eval_runtime = 12.6328
eval_samples_per_second = 197.107
