epoch = 5.38
eval_accuracy = 0.4983935742971888
eval_loss = 0.6961383819580078
eval_runtime = 12.4257
eval_samples_per_second = 200.391
