epoch = 2.31
eval_accuracy = 0.5016064257028112
eval_loss = 0.6943517327308655
eval_runtime = 12.3855
eval_samples_per_second = 201.042
