epoch = 0.87
eval_accuracy = 0.5016064257028112
eval_loss = 0.7045251131057739
eval_runtime = 12.3199
eval_samples_per_second = 202.112
