epoch = 4.23
eval_accuracy = 0.5016064257028112
eval_loss = 0.6939173936843872
eval_runtime = 12.4766
eval_samples_per_second = 199.573
