epoch = 2.02
eval_accuracy = 0.5016064257028112
eval_loss = 0.6982854008674622
eval_runtime = 12.3679
eval_samples_per_second = 201.328
