epoch = 1.35
eval_accuracy = 0.5016064257028112
eval_loss = 0.698579728603363
eval_runtime = 12.3461
eval_samples_per_second = 201.684
