epoch = 3.37
eval_accuracy = 0.5016064257028112
eval_loss = 0.696539580821991
eval_runtime = 12.3288
eval_samples_per_second = 201.966
