epoch = 0.96
eval_accuracy = 0.4983935742971888
eval_loss = 0.7088353037834167
eval_runtime = 12.2797
eval_samples_per_second = 202.773
