epoch = 4.04
eval_accuracy = 0.4983935742971888
eval_loss = 0.7047324180603027
eval_runtime = 12.3328
eval_samples_per_second = 201.901
