epoch = 2.5
eval_accuracy = 0.4983935742971888
eval_loss = 0.6934418082237244
eval_runtime = 12.3589
eval_samples_per_second = 201.475
