epoch = 1.06
eval_accuracy = 0.4983935742971888
eval_loss = 0.6940692663192749
eval_runtime = 12.3842
eval_samples_per_second = 201.063
