epoch = 2.69
eval_accuracy = 0.4983935742971888
eval_loss = 0.6933764219284058
eval_runtime = 12.3241
eval_samples_per_second = 202.044
