epoch = 5.0
eval_accuracy = 0.4983935742971888
eval_loss = 0.6953007578849792
eval_runtime = 20.1039
eval_samples_per_second = 123.857
