epoch = 5.58
eval_accuracy = 0.5016064257028112
eval_loss = 0.6932669281959534
eval_runtime = 12.3067
eval_samples_per_second = 202.328
