epoch = 0.58
eval_accuracy = 0.4983935742971888
eval_loss = 0.6987383961677551
eval_runtime = 10.5211
eval_samples_per_second = 236.668
