epoch = 3.85
eval_accuracy = 0.5016064257028112
eval_loss = 0.6935468316078186
eval_runtime = 12.3158
eval_samples_per_second = 202.18
