epoch = 2.79
eval_accuracy = 0.5016064257028112
eval_loss = 0.6997966766357422
eval_runtime = 12.4896
eval_samples_per_second = 199.366
