epoch = 0.67
eval_accuracy = 0.4983935742971888
eval_loss = 0.6933536529541016
eval_runtime = 12.3218
eval_samples_per_second = 202.081
