epoch = 1.63
eval_accuracy = 0.5016064257028112
eval_loss = 0.7110565304756165
eval_runtime = 12.3757
eval_samples_per_second = 201.201
