epoch = 3.56
eval_accuracy = 0.5016064257028112
eval_loss = 0.7026641368865967
eval_runtime = 12.326
eval_samples_per_second = 202.013
