epoch = 3.17
eval_accuracy = 0.5016064257028112
eval_loss = 0.7059258222579956
eval_runtime = 26.8548
eval_samples_per_second = 92.721
