epoch = 1.92
eval_accuracy = 0.5016064257028112
eval_loss = 0.6945501565933228
eval_runtime = 12.4736
eval_samples_per_second = 199.622
