epoch = 2.12
eval_accuracy = 0.5016064257028112
eval_loss = 0.707857608795166
eval_runtime = 12.423
eval_samples_per_second = 200.435
