eval_combined_score = 0.623580613943032
eval_loss = 4.465520858764648
eval_pearson = 0.6261519493391331
eval_runtime = 21.1226
eval_samples_per_second = 71.014
eval_spearmanr = 0.6210092785469308
