eval_combined_score = 0.6612096797604605
eval_loss = 2.961357355117798
eval_pearson = 0.6595518937614265
eval_runtime = 21.62
eval_samples_per_second = 69.38
eval_spearmanr = 0.6628674657594946
