eval_combined_score = 0.6738667562643539
eval_loss = 1.522115707397461
eval_pearson = 0.655937854233408
eval_runtime = 21.6024
eval_samples_per_second = 69.437
eval_spearmanr = 0.6917956582952998
