eval_combined_score = 0.5813172077389215
eval_loss = 1.6209965944290161
eval_pearson = 0.5634176821999194
eval_runtime = 21.5911
eval_samples_per_second = 69.473
eval_spearmanr = 0.5992167332779236
