eval_combined_score = 0.6954926509978314
eval_loss = 1.3447452783584595
eval_pearson = 0.6941519676304222
eval_runtime = 22.499
eval_samples_per_second = 66.67
eval_spearmanr = 0.6968333343652406
