eval_combined_score = 0.6997150823775502
eval_loss = 1.3712724447250366
eval_pearson = 0.7004644552547
eval_runtime = 20.542
eval_samples_per_second = 73.021
eval_spearmanr = 0.6989657095004005
