eval_combined_score = 0.7003931434829742
eval_loss = 1.2902247905731201
eval_pearson = 0.7004023238190176
eval_runtime = 22.9255
eval_samples_per_second = 65.429
eval_spearmanr = 0.700383963146931
