eval_combined_score = 0.6590244733753345
eval_loss = 1.443268895149231
eval_pearson = 0.6360895158752811
eval_runtime = 22.585
eval_samples_per_second = 66.416
eval_spearmanr = 0.6819594308753881
