eval_accuracy = 0.5740072202166066
eval_loss = 0.9714833498001099
eval_runtime = 1.1127
eval_samples_per_second = 248.955
