eval_accuracy = 0.5379061371841155
eval_loss = 0.901548445224762
eval_runtime = 1.0789
eval_samples_per_second = 256.737
