eval_accuracy = 0.5306859205776173
eval_loss = 0.9785153865814209
eval_runtime = 1.1128
eval_samples_per_second = 248.91
