eval_accuracy = 0.9258649093904449
eval_loss = 0.24536463618278503
eval_runtime = 25.085
eval_samples_per_second = 217.78
