eval_accuracy = 0.9287937030935384
eval_loss = 0.36008498072624207
eval_runtime = 24.6232
eval_samples_per_second = 221.864
