eval_accuracy = 0.9313563975837452
eval_loss = 0.5523654818534851
eval_runtime = 23.4163
eval_samples_per_second = 233.299
