eval_accuracy = 0.9326377448288486
eval_loss = 0.33728715777397156
eval_runtime = 24.2864
eval_samples_per_second = 224.941
