eval_accuracy = 0.8976752699981695
eval_loss = 0.2578783631324768
eval_runtime = 24.4246
eval_samples_per_second = 223.668
