eval_accuracy = 0.9002379644883763
eval_loss = 0.2713632583618164
eval_runtime = 24.0093
eval_samples_per_second = 227.537
