eval_accuracy = 0.9300750503386418
eval_loss = 0.5001747012138367
eval_runtime = 24.1727
eval_samples_per_second = 225.999
