eval_accuracy = 0.885227896760022
eval_loss = 0.5509554743766785
eval_runtime = 27.9761
eval_samples_per_second = 195.274
