eval_accuracy = 0.9319055464030752
eval_loss = 0.4815223515033722
eval_runtime = 24.108
eval_samples_per_second = 226.606
