eval_accuracy = 0.5740072202166066
eval_loss = 0.6682352423667908
eval_runtime = 1.3492
eval_samples_per_second = 205.303
