eval_accuracy = 0.628158844765343
eval_loss = 0.6705776453018188
eval_runtime = 1.2606
eval_samples_per_second = 219.731
