eval_accuracy = 0.703971119133574
eval_loss = 0.8119391202926636
eval_runtime = 1.4704
eval_samples_per_second = 188.383
