eval_accuracy = 0.6859205776173285
eval_loss = 1.6694493293762207
eval_runtime = 1.2923
eval_samples_per_second = 214.348
