eval_accuracy = 0.7220216606498195
eval_loss = 1.721311092376709
eval_runtime = 1.2173
eval_samples_per_second = 227.561
