eval_accuracy = 0.7003610108303249
eval_loss = 1.5883288383483887
eval_runtime = 1.7407
eval_samples_per_second = 159.131
