eval_accuracy = 0.6028880866425993
eval_loss = 2.436929702758789
eval_runtime = 1.3546
eval_samples_per_second = 204.495
