eval_accuracy = 0.5054151624548736
eval_loss = 0.7016023397445679
eval_runtime = 1.2307
eval_samples_per_second = 225.076
