eval_accuracy = 0.5270758122743683
eval_loss = 0.7851411700248718
eval_runtime = 1.2096
eval_samples_per_second = 228.992
