eval_accuracy = 0.7220216606498195
eval_loss = 1.7230209112167358
eval_runtime = 1.2258
eval_samples_per_second = 225.966
