eval_accuracy = 0.7220216606498195
eval_loss = 1.2915440797805786
eval_runtime = 1.4642
eval_samples_per_second = 189.182
