eval_accuracy = 0.6750902527075813
eval_loss = 0.6419537663459778
eval_runtime = 1.2903
eval_samples_per_second = 214.677
