eval_accuracy = 0.5956678700361011
eval_loss = 2.337395429611206
eval_runtime = 1.2309
eval_samples_per_second = 225.031
