eval_accuracy = 0.703971119133574
eval_loss = 1.2014132738113403
eval_runtime = 1.6521
eval_samples_per_second = 167.661
