eval_accuracy = 0.5054151624548736
eval_loss = 0.7037473320960999
eval_runtime = 1.4278
eval_samples_per_second = 194.008
