eval_accuracy = 0.5379061371841155
eval_loss = 0.6920575499534607
eval_runtime = 1.4408
eval_samples_per_second = 192.261
