eval_accuracy = 0.6967509025270758
eval_loss = 0.8537522554397583
eval_runtime = 1.6643
eval_samples_per_second = 166.438
