eval_accuracy = 0.7003610108303249
eval_loss = 1.3933500051498413
eval_runtime = 1.2458
eval_samples_per_second = 222.353
