eval_accuracy = 0.5523465703971119
eval_loss = 0.7016810774803162
eval_runtime = 1.2616
eval_samples_per_second = 219.567
