eval_accuracy = 0.7003610108303249
eval_loss = 0.7174450755119324
eval_runtime = 1.2321
eval_samples_per_second = 224.817
