eval_accuracy = 0.8186274509803921
eval_combined_score = 0.8463885554221688
eval_f1 = 0.8741496598639455
eval_loss = 0.44816386699676514
eval_runtime = 1.5275
eval_samples_per_second = 267.101
