eval_accuracy = 0.8406862745098039
eval_combined_score = 0.8632253868155346
eval_f1 = 0.8857644991212652
eval_loss = 0.37022191286087036
eval_runtime = 1.5167
eval_samples_per_second = 269.001
