eval_accuracy = 0.7720588235294118
eval_combined_score = 0.8134865100486373
eval_f1 = 0.8549141965678627
eval_loss = 0.4755658209323883
eval_runtime = 1.5106
eval_samples_per_second = 270.095
