eval_accuracy = 0.4583333333333333
eval_combined_score = 0.4406549173194082
eval_f1 = 0.42297650130548303
eval_loss = 0.7066429257392883
eval_runtime = 1.5114
eval_samples_per_second = 269.948
