eval_accuracy = 0.6862745098039216
eval_combined_score = 0.7057981991079694
eval_f1 = 0.7253218884120172
eval_loss = 0.5810937285423279
eval_runtime = 1.5047
eval_samples_per_second = 271.144
