eval_accuracy = 0.7230392156862745
eval_combined_score = 0.7768119616662257
eval_f1 = 0.830584707646177
eval_loss = 0.6370092034339905
eval_runtime = 1.5089
eval_samples_per_second = 270.404
