eval_accuracy = 0.7990196078431373
eval_combined_score = 0.8249643493761141
eval_f1 = 0.850909090909091
eval_loss = 0.4572902023792267
eval_runtime = 1.5205
eval_samples_per_second = 268.325
