eval_accuracy = 0.8382352941176471
eval_combined_score = 0.863562091503268
eval_f1 = 0.8888888888888888
eval_loss = 0.36238402128219604
eval_runtime = 1.575
eval_samples_per_second = 259.049
