eval_accuracy = 0.8406862745098039
eval_combined_score = 0.8647875816993464
eval_f1 = 0.888888888888889
eval_loss = 0.34854593873023987
eval_runtime = 1.5193
eval_samples_per_second = 268.553
