eval_accuracy = 0.696078431372549
eval_combined_score = 0.7568627450980392
eval_f1 = 0.8176470588235294
eval_loss = 0.6657896637916565
eval_runtime = 1.5109
eval_samples_per_second = 270.042
