eval_accuracy = 0.7475490196078431
eval_combined_score = 0.7671492510047497
eval_f1 = 0.7867494824016564
eval_loss = 0.5187817811965942
eval_runtime = 1.8004
eval_samples_per_second = 226.622
