eval_accuracy = 0.6348039215686274
eval_combined_score = 0.6514776846150487
eval_f1 = 0.6681514476614699
eval_loss = 0.6069037318229675
eval_runtime = 1.563
eval_samples_per_second = 261.037
