eval_accuracy = 0.696078431372549
eval_combined_score = 0.7301684932528144
eval_f1 = 0.7642585551330798
eval_loss = 0.6374929547309875
eval_runtime = 1.5129
eval_samples_per_second = 269.688
