eval_accuracy = 0.7034313725490197
eval_combined_score = 0.7623508413705218
eval_f1 = 0.8212703101920238
eval_loss = 0.640566885471344
eval_runtime = 1.5032
eval_samples_per_second = 271.418
