eval_accuracy = 0.4411764705882353
eval_combined_score = 0.3852941176470588
eval_f1 = 0.32941176470588235
eval_loss = 0.8189274072647095
eval_runtime = 1.5173
eval_samples_per_second = 268.902
