eval_accuracy = 0.8431372549019608
eval_combined_score = 0.8676965735789266
eval_f1 = 0.8922558922558923
eval_loss = 0.36079421639442444
eval_runtime = 1.5422
eval_samples_per_second = 264.549
