eval_accuracy = 0.8480392156862745
eval_combined_score = 0.869055068836045
eval_f1 = 0.8900709219858156
eval_loss = 0.3430856168270111
eval_runtime = 1.5141
eval_samples_per_second = 269.472
