eval_accuracy = 0.8431372549019608
eval_combined_score = 0.8663962136578769
eval_f1 = 0.889655172413793
eval_loss = 0.3447916507720947
eval_runtime = 1.5296
eval_samples_per_second = 266.735
