eval_accuracy = 0.7034313725490197
eval_combined_score = 0.761011038598348
eval_f1 = 0.8185907046476761
eval_loss = 0.6239011883735657
eval_runtime = 1.7438
eval_samples_per_second = 233.966
