eval_accuracy = 0.8553921568627451
eval_combined_score = 0.8749232698446104
eval_f1 = 0.8944543828264758
eval_loss = 0.3429577350616455
eval_runtime = 1.5136
eval_samples_per_second = 269.552
