eval_accuracy = 0.8308823529411765
eval_combined_score = 0.8560607978131012
eval_f1 = 0.8812392426850257
eval_loss = 0.3916171193122864
eval_runtime = 1.5257
eval_samples_per_second = 267.415
