eval_accuracy = 0.7573529411764706
eval_combined_score = 0.8021695154104919
eval_f1 = 0.8469860896445132
eval_loss = 0.505239725112915
eval_runtime = 1.5285
eval_samples_per_second = 266.927
