eval_accuracy = 0.6911764705882353
eval_combined_score = 0.7534829721362228
eval_f1 = 0.8157894736842105
eval_loss = 0.570668637752533
eval_runtime = 1.7055
eval_samples_per_second = 239.227
