eval_accuracy = 0.6838235294117647
eval_combined_score = 0.7480253018237863
eval_f1 = 0.8122270742358079
eval_loss = 0.8824199438095093
eval_runtime = 1.619
eval_samples_per_second = 252.009
