eval_accuracy = 0.8382352941176471
eval_combined_score = 0.8566176470588235
eval_f1 = 0.8749999999999999
eval_loss = 0.38045501708984375
eval_runtime = 1.5969
eval_samples_per_second = 255.488
