eval_accuracy = 0.8333333333333334
eval_combined_score = 0.8605610561056106
eval_f1 = 0.8877887788778879
eval_loss = 0.37824758887290955
eval_runtime = 1.5201
eval_samples_per_second = 268.404
