eval_accuracy = 0.7450980392156863
eval_combined_score = 0.7677103099304237
eval_f1 = 0.7903225806451611
eval_loss = 0.5470420718193054
eval_runtime = 1.5717
eval_samples_per_second = 259.598
