eval_accuracy = 0.8333333333333334
eval_combined_score = 0.8611111111111112
eval_f1 = 0.8888888888888888
eval_loss = 0.38519272208213806
eval_runtime = 1.5153
eval_samples_per_second = 269.254
