eval_accuracy = 0.8431372549019608
eval_combined_score = 0.8663962136578769
eval_f1 = 0.889655172413793
eval_loss = 0.34457120299339294
eval_runtime = 1.5532
eval_samples_per_second = 262.687
