eval_accuracy = 0.75
eval_combined_score = 0.792741935483871
eval_f1 = 0.835483870967742
eval_loss = 0.5300528407096863
eval_runtime = 1.5115
eval_samples_per_second = 269.923
