eval_accuracy = 0.7818627450980392
eval_combined_score = 0.8055187046027624
eval_f1 = 0.8291746641074856
eval_loss = 0.5098517537117004
eval_runtime = 1.5228
eval_samples_per_second = 267.919
