eval_accuracy = 0.7426470588235294
eval_combined_score = 0.7833838309193024
eval_f1 = 0.8241206030150753
eval_loss = 0.5916188359260559
eval_runtime = 1.5405
eval_samples_per_second = 264.847
