eval_accuracy = 0.8527763627101376
eval_loss = 0.4178248643875122
eval_runtime = 40.8571
eval_samples_per_second = 240.228
