eval_accuracy = 0.8596026490066225
eval_loss = 0.41620373725891113
eval_runtime = 41.495
eval_samples_per_second = 236.535
