eval_accuracy = 0.8688974776240846
eval_loss = 0.40746769309043884
eval_runtime = 41.0
eval_samples_per_second = 239.805
