eval_accuracy = 0.851044319918492
eval_loss = 0.4076784551143646
eval_runtime = 41.1269
eval_samples_per_second = 238.652
