eval_accuracy = 0.8667615947925142
eval_loss = 0.3976978361606598
eval_runtime = 40.9469
eval_samples_per_second = 240.116
