eval_accuracy = 0.8391985353946297
eval_loss = 0.44273582100868225
eval_runtime = 40.9163
eval_samples_per_second = 240.295
