eval_accuracy = 0.8650025471217524
eval_loss = 0.41237810254096985
eval_runtime = 41.0171
eval_samples_per_second = 239.29
