eval_accuracy = 0.7972491085073866
eval_loss = 0.5734021663665771
eval_runtime = 40.8724
eval_samples_per_second = 240.137
