eval_accuracy = 0.8201732042791645
eval_loss = 0.5165761113166809
eval_runtime = 41.3184
eval_samples_per_second = 237.546
