eval_accuracy = 0.8437754271765663
eval_loss = 0.40858936309814453
eval_runtime = 40.8904
eval_samples_per_second = 240.447
