eval_accuracy = 0.8366785532348446
eval_loss = 0.4353855848312378
eval_runtime = 40.8949
eval_samples_per_second = 240.006
