eval_accuracy = 0.8425549227013832
eval_loss = 0.41704660654067993
eval_runtime = 41.3674
eval_samples_per_second = 237.675
