eval_accuracy = 0.8630667345899133
eval_loss = 0.41087302565574646
eval_runtime = 40.7734
eval_samples_per_second = 240.721
