eval_accuracy = 0.8598454027664768
eval_loss = 0.4077048599720001
eval_runtime = 40.9473
eval_samples_per_second = 240.114
