eval_loss = 0.6313717365264893
eval_matthews_correlation = 0.0220169981008474
eval_runtime = 4.2477
eval_samples_per_second = 245.545
