eval_loss = 0.78006511926651
eval_matthews_correlation = -0.004051913348362995
eval_runtime = 4.5352
eval_samples_per_second = 229.978
