eval_loss = 0.5275396704673767
eval_matthews_correlation = 0.3104168690239204
eval_runtime = 4.0517
eval_samples_per_second = 257.422
