eval_loss = 0.5940244793891907
eval_matthews_correlation = 0.21001289622400846
eval_runtime = 4.0157
eval_samples_per_second = 259.733
