eval_loss = 1.3954119682312012
eval_matthews_correlation = 0.02929206145132745
eval_runtime = 4.1463
eval_samples_per_second = 251.549
