eval_combined_score = 0.8954485370135885
eval_loss = 0.5225792527198792
eval_pearson = 0.8922194777706732
eval_runtime = 6.5456
eval_samples_per_second = 229.161
eval_spearmanr = 0.8986775962565037
