eval_combined_score = 0.8844848670915689
eval_loss = 0.6331610679626465
eval_pearson = 0.8717499538780119
eval_runtime = 6.5188
eval_samples_per_second = 230.104
eval_spearmanr = 0.897219780305126
