eval_combined_score = 0.774837212775787
eval_loss = 0.9387704133987427
eval_pearson = 0.7765297805837983
eval_runtime = 6.7377
eval_samples_per_second = 222.627
eval_spearmanr = 0.7731446449677758
