eval_combined_score = 0.9050941603045766
eval_loss = 0.48730236291885376
eval_pearson = 0.906128099646386
eval_runtime = 7.5952
eval_samples_per_second = 197.492
eval_spearmanr = 0.9040602209627671
