eval_combined_score = 0.875794433280283
eval_loss = 0.6452522873878479
eval_pearson = 0.8749362819254614
eval_runtime = 6.6409
eval_samples_per_second = 225.873
eval_spearmanr = 0.8766525846351046
