eval_combined_score = 0.8850698064449066
eval_loss = 0.6466855406761169
eval_pearson = 0.8799642431337986
eval_runtime = 6.6823
eval_samples_per_second = 224.472
eval_spearmanr = 0.8901753697560146
