eval_combined_score = 0.9035741542290284
eval_loss = 0.6450479626655579
eval_pearson = 0.9026961441646555
eval_runtime = 6.7584
eval_samples_per_second = 221.945
eval_spearmanr = 0.9044521642934014
