eval_combined_score = 0.8793172977316575
eval_loss = 0.6774688959121704
eval_pearson = 0.8731864478266147
eval_runtime = 6.8895
eval_samples_per_second = 217.722
eval_spearmanr = 0.8854481476367002
