eval_combined_score = 0.9007223500264105
eval_loss = 0.5869792699813843
eval_pearson = 0.8978408495113559
eval_runtime = 6.7137
eval_samples_per_second = 223.425
eval_spearmanr = 0.9036038505414653
