eval_combined_score = 0.8980171029607069
eval_loss = 0.4911632537841797
eval_pearson = 0.897448419336728
eval_runtime = 6.6303
eval_samples_per_second = 226.234
eval_spearmanr = 0.8985857865846857
