eval_combined_score = 0.8899219522621089
eval_loss = 0.6432084441184998
eval_pearson = 0.8821511808326308
eval_runtime = 6.664
eval_samples_per_second = 225.09
eval_spearmanr = 0.897692723691587
