eval_combined_score = 0.8361826574189646
eval_loss = 0.9496368169784546
eval_pearson = 0.8284058649747827
eval_runtime = 6.5788
eval_samples_per_second = 228.006
eval_spearmanr = 0.8439594498631463
