eval_combined_score = 0.8877476335274286
eval_loss = 0.580765962600708
eval_pearson = 0.8817260994482535
eval_runtime = 7.6477
eval_samples_per_second = 196.137
eval_spearmanr = 0.8937691676066037
