eval_combined_score = 0.8770545558553042
eval_loss = 0.5808677077293396
eval_pearson = 0.8620394096881249
eval_runtime = 7.7468
eval_samples_per_second = 193.629
eval_spearmanr = 0.8920697020224837
