eval_combined_score = 0.4950144594530112
eval_loss = 3.0134849548339844
eval_pearson = 0.5200849918075835
eval_runtime = 6.5533
eval_samples_per_second = 228.892
eval_spearmanr = 0.4699439270984389
