eval_combined_score = 0.8796948591383418
eval_loss = 0.7222156524658203
eval_pearson = 0.8734523336479865
eval_runtime = 6.8006
eval_samples_per_second = 220.57
eval_spearmanr = 0.8859373846286971
