eval_combined_score = 0.8981834899161398
eval_loss = 0.597909152507782
eval_pearson = 0.8939706496960178
eval_runtime = 6.764
eval_samples_per_second = 221.763
eval_spearmanr = 0.902396330136262
