eval_combined_score = 0.8813230253029325
eval_loss = 0.5846179127693176
eval_pearson = 0.8813778862771466
eval_runtime = 6.5908
eval_samples_per_second = 227.59
eval_spearmanr = 0.8812681643287185
