eval_combined_score = 0.8807518534389683
eval_loss = 0.7516012191772461
eval_pearson = 0.8658566500766949
eval_runtime = 6.8414
eval_samples_per_second = 219.254
eval_spearmanr = 0.8956470568012418
