eval_combined_score = 0.888662964791904
eval_loss = 0.524329423904419
eval_pearson = 0.8856691015113662
eval_runtime = 7.8426
eval_samples_per_second = 191.263
eval_spearmanr = 0.8916568280724416
