eval_combined_score = 0.9058804549546345
eval_loss = 0.42300429940223694
eval_pearson = 0.9065726027597476
eval_runtime = 7.6235
eval_samples_per_second = 196.76
eval_spearmanr = 0.9051883071495215
