eval_combined_score = 0.8553203883244247
eval_loss = 0.8131915926933289
eval_pearson = 0.8517540690270574
eval_runtime = 6.6495
eval_samples_per_second = 225.58
eval_spearmanr = 0.858886707621792
