eval_combined_score = 0.8716205630979945
eval_loss = 1.0382963418960571
eval_pearson = 0.8550597631523656
eval_runtime = 6.6187
eval_samples_per_second = 226.63
eval_spearmanr = 0.8881813630436234
