eval_combined_score = 0.8759065579374843
eval_loss = 0.898494303226471
eval_pearson = 0.8734761048120164
eval_runtime = 7.7863
eval_samples_per_second = 192.647
eval_spearmanr = 0.878337011062952
