eval_combined_score = 0.8807022021575375
eval_loss = 0.6494439840316772
eval_pearson = 0.869560544085257
eval_runtime = 6.4783
eval_samples_per_second = 231.542
eval_spearmanr = 0.891843860229818
