eval_combined_score = 0.8602859076068472
eval_loss = 1.296454906463623
eval_pearson = 0.8291619143577036
eval_runtime = 7.6716
eval_samples_per_second = 195.527
eval_spearmanr = 0.8914099008559907
