eval_combined_score = 0.9032480698671486
eval_loss = 0.5607249140739441
eval_pearson = 0.9026636733769018
eval_runtime = 6.5972
eval_samples_per_second = 227.368
eval_spearmanr = 0.9038324663573952
