eval_combined_score = 0.8830346898228818
eval_loss = 0.7386619448661804
eval_pearson = 0.8716463112326053
eval_runtime = 6.573
eval_samples_per_second = 228.208
eval_spearmanr = 0.8944230684131584
