eval_combined_score = 0.8736113389179141
eval_loss = 0.9225214719772339
eval_pearson = 0.8589998841586676
eval_runtime = 6.729
eval_samples_per_second = 222.914
eval_spearmanr = 0.8882227936771605
