eval_combined_score = 0.8860138252240933
eval_loss = 0.6498917937278748
eval_pearson = 0.8825903879624576
eval_runtime = 6.6991
eval_samples_per_second = 223.909
eval_spearmanr = 0.8894372624857291
