eval_combined_score = 0.891214855232644
eval_loss = 0.6802680492401123
eval_pearson = 0.879679880085386
eval_runtime = 6.517
eval_samples_per_second = 230.166
eval_spearmanr = 0.9027498303799021
