eval_combined_score = 0.9030485303586971
eval_loss = 0.50992351770401
eval_pearson = 0.9031216358759577
eval_runtime = 6.3611
eval_samples_per_second = 235.81
eval_spearmanr = 0.9029754248414366
