eval_combined_score = 0.8584462622696736
eval_loss = 1.2986563444137573
eval_pearson = 0.8588627997146119
eval_runtime = 6.6998
eval_samples_per_second = 223.887
eval_spearmanr = 0.8580297248247352
