eval_combined_score = 0.8697105271565162
eval_loss = 0.8613670468330383
eval_pearson = 0.8617032660967913
eval_runtime = 7.5907
eval_samples_per_second = 197.611
eval_spearmanr = 0.8777177882162412
