eval_combined_score = 0.8839079308566467
eval_loss = 0.9772583246231079
eval_pearson = 0.8674367304762253
eval_runtime = 6.5246
eval_samples_per_second = 229.898
eval_spearmanr = 0.9003791312370679
