eval_combined_score = 0.8814685529085229
eval_loss = 0.8623437285423279
eval_pearson = 0.8685174075129716
eval_runtime = 6.4328
eval_samples_per_second = 233.181
eval_spearmanr = 0.8944196983040741
