eval_combined_score = 0.8312753037710916
eval_loss = 0.9214853644371033
eval_pearson = 0.825363377509596
eval_runtime = 6.7523
eval_samples_per_second = 222.146
eval_spearmanr = 0.8371872300325873
