eval_combined_score = 0.8843708597946356
eval_loss = 0.6094900965690613
eval_pearson = 0.8702555611871307
eval_runtime = 6.4789
eval_samples_per_second = 231.521
eval_spearmanr = 0.8984861584021406
