eval_combined_score = 0.9004188897692349
eval_loss = 0.4799712598323822
eval_pearson = 0.8997890731068199
eval_runtime = 6.33
eval_samples_per_second = 236.968
eval_spearmanr = 0.9010487064316498
