eval_combined_score = 0.31305990940702894
eval_loss = 2.3546030521392822
eval_pearson = 0.3244579878545358
eval_runtime = 5.4982
eval_samples_per_second = 272.816
eval_spearmanr = 0.3016618309595221
