eval_combined_score = 0.2767077400527872
eval_loss = 2.3615002632141113
eval_pearson = 0.2767317624851675
eval_runtime = 5.603
eval_samples_per_second = 267.715
eval_spearmanr = 0.27668371762040694
