eval_combined_score = -0.23908112620673372
eval_loss = 2.338571786880493
eval_pearson = -0.24480697811276372
eval_runtime = 5.5122
eval_samples_per_second = 272.125
eval_spearmanr = -0.23335527430070374
