eval_combined_score = 0.2945450323304106
eval_loss = 2.3645405769348145
eval_pearson = 0.298951694012339
eval_runtime = 5.5191
eval_samples_per_second = 271.783
eval_spearmanr = 0.29013837064848225
