eval_combined_score = 0.36302671363087086
eval_loss = 2.6770431995391846
eval_pearson = 0.365708423529048
eval_runtime = 5.5376
eval_samples_per_second = 270.877
eval_spearmanr = 0.36034500373269374
