eval_combined_score = 0.2700907546469551
eval_loss = 2.3578174114227295
eval_pearson = 0.28063706598886123
eval_runtime = 5.8946
eval_samples_per_second = 254.469
eval_spearmanr = 0.259544443305049
