eval_combined_score = -0.32715724024721826
eval_loss = 2.266143560409546
eval_pearson = -0.3358427459678684
eval_runtime = 5.4953
eval_samples_per_second = 272.958
eval_spearmanr = -0.3184717345265681
