eval_combined_score = -0.1946958962193885
eval_loss = 2.370830774307251
eval_pearson = -0.2031545353891988
eval_runtime = 5.5121
eval_samples_per_second = 272.129
eval_spearmanr = -0.18623725704957816
