eval_combined_score = 0.14156393223603692
eval_loss = 2.2840583324432373
eval_pearson = 0.14947536890311305
eval_runtime = 5.4923
eval_samples_per_second = 273.11
eval_spearmanr = 0.13365249556896078
