eval_combined_score = 0.24860964520338255
eval_loss = 2.358912706375122
eval_pearson = 0.2730664132997689
eval_runtime = 5.4907
eval_samples_per_second = 273.187
eval_spearmanr = 0.22415287710699622
