eval_combined_score = 0.15157309974616145
eval_loss = 2.3780367374420166
eval_pearson = 0.15385111196301998
eval_runtime = 5.5313
eval_samples_per_second = 271.183
eval_spearmanr = 0.1492950875293029
