eval_combined_score = 0.0052876561180222395
eval_loss = 3.0380449295043945
eval_pearson = -0.010529622285186276
eval_runtime = 5.4966
eval_samples_per_second = 272.896
eval_spearmanr = 0.021104934521230755
