eval_combined_score = -0.19323142823059491
eval_loss = 2.365487575531006
eval_pearson = -0.19658737344662486
eval_runtime = 5.552
eval_samples_per_second = 270.174
eval_spearmanr = -0.18987548301456497
