eval_combined_score = 0.655825012169712
eval_loss = 5.003073215484619
eval_pearson = 0.6624265662043172
eval_runtime = 5.5711
eval_samples_per_second = 269.249
eval_spearmanr = 0.6492234581351067
