eval_combined_score = 0.27743705777671535
eval_loss = 2.3284056186676025
eval_pearson = 0.2840846754242743
eval_runtime = 5.5025
eval_samples_per_second = 272.605
eval_spearmanr = 0.2707894401291564
