eval_combined_score = 0.30871313644717235
eval_loss = 2.4369759559631348
eval_pearson = 0.31826738837970137
eval_runtime = 5.5391
eval_samples_per_second = 270.803
eval_spearmanr = 0.29915888451464334
