eval_combined_score = -0.21613838858402878
eval_loss = 2.5460445880889893
eval_pearson = -0.22040560612637883
eval_runtime = 5.7414
eval_samples_per_second = 261.262
eval_spearmanr = -0.21187117104167877
