eval_combined_score = 0.28838943046100396
eval_loss = 2.4011714458465576
eval_pearson = 0.30453632494271166
eval_runtime = 5.9889
eval_samples_per_second = 250.463
eval_spearmanr = 0.2722425359792963
