eval_combined_score = 0.30701282904483174
eval_loss = 2.389826536178589
eval_pearson = 0.32305721987451697
eval_runtime = 5.6487
eval_samples_per_second = 265.548
eval_spearmanr = 0.29096843821514645
