eval_combined_score = -0.13051316479348984
eval_loss = 2.4231386184692383
eval_pearson = -0.12851932095112517
eval_runtime = 5.5035
eval_samples_per_second = 272.552
eval_spearmanr = -0.13250700863585455
