eval_combined_score = 0.20412700872299638
eval_loss = 2.2736551761627197
eval_pearson = 0.2056909698166782
eval_runtime = 5.4997
eval_samples_per_second = 272.741
eval_spearmanr = 0.20256304762931454
