eval_combined_score = -0.06482606463349803
eval_loss = 2.8270201683044434
eval_pearson = -0.07357446238353564
eval_runtime = 5.7589
eval_samples_per_second = 260.465
eval_spearmanr = -0.05607766688346042
