eval_combined_score = 0.29599703821645684
eval_loss = 2.3464341163635254
eval_pearson = 0.3052514348949976
eval_runtime = 5.7159
eval_samples_per_second = 262.427
eval_spearmanr = 0.286742641537916
