eval_combined_score = 0.2870664791426024
eval_loss = 2.3501405715942383
eval_pearson = 0.2882044183315819
eval_runtime = 6.0138
eval_samples_per_second = 249.426
eval_spearmanr = 0.2859285399536229
