eval_combined_score = 0.4944527045834466
eval_loss = 2.365666389465332
eval_pearson = 0.49063493632475774
eval_runtime = 5.5052
eval_samples_per_second = 272.468
eval_spearmanr = 0.49827047284213544
