eval_combined_score = 0.3963362364677463
eval_loss = 2.3069000244140625
eval_pearson = 0.40609458127896925
eval_runtime = 5.5264
eval_samples_per_second = 271.425
eval_spearmanr = 0.3865778916565234
