eval_combined_score = 0.24030668029984317
eval_loss = 2.2535178661346436
eval_pearson = 0.24178419027685016
eval_runtime = 6.3677
eval_samples_per_second = 235.566
eval_spearmanr = 0.23882917032283618
