eval_combined_score = 0.2871760495438281
eval_loss = 3.1801340579986572
eval_pearson = 0.3000126001331207
eval_runtime = 5.5508
eval_samples_per_second = 270.232
eval_spearmanr = 0.27433949895453547
