eval_combined_score = 0.25734048800781817
eval_loss = 2.3745760917663574
eval_pearson = 0.26349706008686735
eval_runtime = 5.7757
eval_samples_per_second = 259.709
eval_spearmanr = 0.251183915928769
