eval_combined_score = -0.06098491892719572
eval_loss = 2.339698553085327
eval_pearson = -0.09035744059349884
eval_runtime = 5.7386
eval_samples_per_second = 261.389
eval_spearmanr = -0.0316123972608926
