eval_combined_score = 0.29267215397579516
eval_loss = 2.355747938156128
eval_pearson = 0.29563731470887783
eval_runtime = 5.5142
eval_samples_per_second = 272.026
eval_spearmanr = 0.28970699324271243
