eval_combined_score = 0.24729632646522265
eval_loss = 2.3814289569854736
eval_pearson = 0.2572862312010323
eval_runtime = 5.5633
eval_samples_per_second = 269.622
eval_spearmanr = 0.23730642172941302
