eval_combined_score = -0.31426066305155875
eval_loss = 2.3882503509521484
eval_pearson = -0.3222433688156284
eval_runtime = 6.0547
eval_samples_per_second = 247.743
eval_spearmanr = -0.3062779572874891
