eval_combined_score = 0.18171056608334302
eval_loss = 2.354281187057495
eval_pearson = 0.18409084579649512
eval_runtime = 5.4961
eval_samples_per_second = 272.922
eval_spearmanr = 0.17933028637019094
