eval_combined_score = 0.1867135187052382
eval_loss = 2.8204219341278076
eval_pearson = 0.18797484198229836
eval_runtime = 5.5004
eval_samples_per_second = 272.707
eval_spearmanr = 0.18545219542817803
