eval_combined_score = 0.20609649720640605
eval_loss = 3.323840379714966
eval_pearson = 0.2184214386591841
eval_runtime = 5.4953
eval_samples_per_second = 272.962
eval_spearmanr = 0.19377155575362798
