eval_combined_score = 0.3469545509444411
eval_loss = 3.3293066024780273
eval_pearson = 0.3667423894528378
eval_runtime = 5.5077
eval_samples_per_second = 272.346
eval_spearmanr = 0.3271667124360444
