eval_combined_score = -0.16174211851619524
eval_loss = 2.442788600921631
eval_pearson = -0.16121393040509957
eval_runtime = 5.5238
eval_samples_per_second = 271.551
eval_spearmanr = -0.16227030662729094
