eval_combined_score = -0.41550663499110907
eval_loss = 4.921452045440674
eval_pearson = -0.4107320212721801
eval_runtime = 5.5131
eval_samples_per_second = 272.081
eval_spearmanr = -0.4202812487100381
