eval_combined_score = -0.13132460127798928
eval_loss = 2.308173179626465
eval_pearson = -0.15150288650710902
eval_runtime = 5.507
eval_samples_per_second = 272.38
eval_spearmanr = -0.11114631604886951
