eval_combined_score = -0.16364290441748883
eval_loss = 2.324634075164795
eval_pearson = -0.16324039246626712
eval_runtime = 5.7134
eval_samples_per_second = 262.54
eval_spearmanr = -0.16404541636871053
