eval_combined_score = 0.32845970671443536
eval_loss = 2.3589937686920166
eval_pearson = 0.3406336463869301
eval_runtime = 5.5416
eval_samples_per_second = 270.678
eval_spearmanr = 0.3162857670419406
