eval_combined_score = 0.23758949161694726
eval_loss = 2.3572535514831543
eval_pearson = 0.24289984055956204
eval_runtime = 5.7646
eval_samples_per_second = 260.207
eval_spearmanr = 0.23227914267433247
