eval_combined_score = -0.35041909503357305
eval_loss = 2.2709593772888184
eval_pearson = -0.3569448567429165
eval_runtime = 5.4844
eval_samples_per_second = 273.502
eval_spearmanr = -0.34389333332422967
