eval_combined_score = 0.05080955657416755
eval_loss = 5.010412693023682
eval_pearson = 0.04994702587599347
eval_runtime = 5.4949
eval_samples_per_second = 272.979
eval_spearmanr = 0.05167208727234163
