eval_combined_score = 0.033399706774617954
eval_loss = 2.5300118923187256
eval_pearson = 0.03565498889606703
eval_runtime = 5.5179
eval_samples_per_second = 271.84
eval_spearmanr = 0.031144424653168877
