eval_combined_score = 0.3098078574848431
eval_loss = 2.8290181159973145
eval_pearson = 0.31671312663471973
eval_runtime = 5.6585
eval_samples_per_second = 265.087
eval_spearmanr = 0.3029025883349664
