eval_combined_score = 0.2957374638500019
eval_loss = 2.351104736328125
eval_pearson = 0.3010542383153172
eval_runtime = 5.833
eval_samples_per_second = 257.157
eval_spearmanr = 0.2904206893846866
