eval_combined_score = 0.3160924172536974
eval_loss = 2.318408489227295
eval_pearson = 0.32701613150942743
eval_runtime = 5.5905
eval_samples_per_second = 268.311
eval_spearmanr = 0.30516870299796733
