eval_combined_score = -0.19696926741995624
eval_loss = 2.273597240447998
eval_pearson = -0.19089980237450463
eval_runtime = 5.5411
eval_samples_per_second = 270.706
eval_spearmanr = -0.20303873246540782
