eval_combined_score = -0.22715889193403488
eval_loss = 2.4713363647460938
eval_pearson = -0.23162001188054032
eval_runtime = 5.6397
eval_samples_per_second = 265.972
eval_spearmanr = -0.22269777198752944
