eval_combined_score = -0.18217327071635236
eval_loss = 3.794867753982544
eval_pearson = -0.18024871960025216
eval_runtime = 5.4973
eval_samples_per_second = 272.861
eval_spearmanr = -0.18409782183245257
