eval_combined_score = 0.31211487796766335
eval_loss = 2.3196136951446533
eval_pearson = 0.32018520105405773
eval_runtime = 5.7745
eval_samples_per_second = 259.761
eval_spearmanr = 0.30404455488126897
