eval_combined_score = 0.328744271304073
eval_loss = 2.3190863132476807
eval_pearson = 0.3363887518631276
eval_runtime = 5.9161
eval_samples_per_second = 253.547
eval_spearmanr = 0.3210997907450185
