eval_combined_score = -0.14700940995952916
eval_loss = 2.3334507942199707
eval_pearson = -0.14493280437551434
eval_runtime = 5.5506
eval_samples_per_second = 270.24
eval_spearmanr = -0.14908601554354395
