eval_combined_score = 0.03299953295679782
eval_loss = 2.4696269035339355
eval_pearson = 0.03414617429734179
eval_runtime = 5.5614
eval_samples_per_second = 269.718
eval_spearmanr = 0.03185289161625385
