eval_combined_score = -0.35321222308613426
eval_loss = 2.269580841064453
eval_pearson = -0.36641229185739593
eval_runtime = 5.4987
eval_samples_per_second = 272.793
eval_spearmanr = -0.3400121543148726
