eval_combined_score = -0.3752701174932994
eval_loss = 2.4268829822540283
eval_pearson = -0.38468682699040013
eval_runtime = 5.5181
eval_samples_per_second = 271.831
eval_spearmanr = -0.3658534079961987
