eval_accuracy = 0.8063725490196079
eval_combined_score = 0.8381121394191944
eval_f1 = 0.869851729818781
eval_loss = 0.4130224287509918
eval_runtime = 1.7555
eval_samples_per_second = 232.41
