eval_accuracy = 0.8480392156862745
eval_combined_score = 0.873032765737874
eval_f1 = 0.8980263157894737
eval_loss = 0.407623827457428
eval_runtime = 1.7309
eval_samples_per_second = 235.715
