eval_accuracy = 0.8725490196078431
eval_combined_score = 0.8920568227290916
eval_f1 = 0.91156462585034
eval_loss = 0.3456834554672241
eval_runtime = 1.7715
eval_samples_per_second = 230.318
