eval_accuracy = 0.8823529411764706
eval_combined_score = 0.8999393571861735
eval_f1 = 0.9175257731958764
eval_loss = 0.3199984133243561
eval_runtime = 2.2013
eval_samples_per_second = 185.347
