eval_accuracy = 0.8357843137254902
eval_combined_score = 0.8632428909573617
eval_f1 = 0.8907014681892333
eval_loss = 0.439331591129303
eval_runtime = 1.8832
eval_samples_per_second = 216.652
