eval_accuracy = 0.8357843137254902
eval_combined_score = 0.8575317965023848
eval_f1 = 0.8792792792792793
eval_loss = 0.3558593690395355
eval_runtime = 2.286
eval_samples_per_second = 178.48
