eval_accuracy = 0.8137254901960784
eval_combined_score = 0.8465452847805789
eval_f1 = 0.8793650793650793
eval_loss = 0.5297905206680298
eval_runtime = 2.097
eval_samples_per_second = 194.561
