eval_accuracy = 0.7303921568627451
eval_combined_score = 0.7797923517232981
eval_f1 = 0.829192546583851
eval_loss = 0.5613330602645874
eval_runtime = 1.8162
eval_samples_per_second = 224.646
