eval_accuracy = 0.7132352941176471
eval_combined_score = 0.7354996346364633
eval_f1 = 0.7577639751552795
eval_loss = 0.5173839330673218
eval_runtime = 1.7568
eval_samples_per_second = 232.241
