eval_accuracy = 0.8186274509803921
eval_combined_score = 0.836764705882353
eval_f1 = 0.8549019607843138
eval_loss = 0.4290236532688141
eval_runtime = 1.8602
eval_samples_per_second = 219.328
