eval_accuracy = 0.7475490196078431
eval_combined_score = 0.795625799637002
eval_f1 = 0.8437025796661609
eval_loss = 0.7837793231010437
eval_runtime = 1.8249
eval_samples_per_second = 223.578
