eval_accuracy = 0.6985294117647058
eval_combined_score = 0.7586903318028242
eval_f1 = 0.8188512518409425
eval_loss = 0.7906880378723145
eval_runtime = 1.8857
eval_samples_per_second = 216.361
