eval_accuracy = 0.7843137254901961
eval_combined_score = 0.8238338813786383
eval_f1 = 0.8633540372670807
eval_loss = 0.6261358261108398
eval_runtime = 1.7815
eval_samples_per_second = 229.019
