eval_accuracy = 0.8112745098039216
eval_combined_score = 0.8314561373682421
eval_f1 = 0.8516377649325626
eval_loss = 0.4010201394557953
eval_runtime = 1.7783
eval_samples_per_second = 229.428
