eval_accuracy = 0.7965686274509803
eval_combined_score = 0.821574517052662
eval_f1 = 0.8465804066543439
eval_loss = 0.45545870065689087
eval_runtime = 1.9287
eval_samples_per_second = 211.537
