eval_accuracy = 0.7867647058823529
eval_combined_score = 0.8226506456241034
eval_f1 = 0.8585365853658538
eval_loss = 0.5010251998901367
eval_runtime = 2.1624
eval_samples_per_second = 188.683
