eval_accuracy = 0.7843137254901961
eval_combined_score = 0.8209594517418618
eval_f1 = 0.8576051779935275
eval_loss = 0.484688937664032
eval_runtime = 1.7979
eval_samples_per_second = 226.938
