eval_accuracy = 0.8578431372549019
eval_combined_score = 0.8767632952461559
eval_f1 = 0.89568345323741
eval_loss = 0.30898916721343994
eval_runtime = 2.1939
eval_samples_per_second = 185.966
