eval_accuracy = 0.8014705882352942
eval_combined_score = 0.8250343595382079
eval_f1 = 0.8485981308411216
eval_loss = 0.4357631802558899
eval_runtime = 1.7813
eval_samples_per_second = 229.041
