eval_accuracy = 0.5735294117647058
eval_combined_score = 0.5659525231412361
eval_f1 = 0.5583756345177665
eval_loss = 0.7042744755744934
eval_runtime = 1.9547
eval_samples_per_second = 208.727
