eval_accuracy = 0.8774509803921569
eval_combined_score = 0.8967791814712462
eval_f1 = 0.9161073825503355
eval_loss = 0.39435815811157227
eval_runtime = 2.103
eval_samples_per_second = 194.005
