eval_accuracy = 0.8186274509803921
eval_combined_score = 0.8494431753283838
eval_f1 = 0.8802588996763754
eval_loss = 0.45697134733200073
eval_runtime = 1.7529
eval_samples_per_second = 232.754
