eval_accuracy = 0.8676470588235294
eval_combined_score = 0.8880608175473579
eval_f1 = 0.9084745762711864
eval_loss = 0.37451812624931335
eval_runtime = 1.7264
eval_samples_per_second = 236.331
