eval_accuracy = 0.8333333333333334
eval_combined_score = 0.8512820512820513
eval_f1 = 0.8692307692307691
eval_loss = 0.4092320203781128
eval_runtime = 1.7468
eval_samples_per_second = 233.576
