eval_accuracy = 0.6029411764705882
eval_combined_score = 0.5979530002955956
eval_f1 = 0.592964824120603
eval_loss = 0.865323007106781
eval_runtime = 2.0571
eval_samples_per_second = 198.333
