eval_accuracy = 0.9344682408932821
eval_loss = 0.2444569617509842
eval_runtime = 25.344
eval_samples_per_second = 215.554
