eval_accuracy = 0.885777045579352
eval_loss = 0.2872423529624939
eval_runtime = 24.6581
eval_samples_per_second = 221.55
