eval_accuracy = 0.924400512538898
eval_loss = 0.21655681729316711
eval_runtime = 24.4431
eval_samples_per_second = 223.498
