eval_accuracy = 0.9273293062419916
eval_loss = 0.22799943387508392
eval_runtime = 26.5175
eval_samples_per_second = 206.015
