eval_accuracy = 0.9009701629141498
eval_loss = 0.28789854049682617
eval_runtime = 25.0458
eval_samples_per_second = 218.12
