eval_accuracy = 0.8872414424308988
eval_loss = 0.4494458734989166
eval_runtime = 24.4805
eval_samples_per_second = 223.157
