eval_accuracy = 0.9049972542559034
eval_loss = 0.3429924249649048
eval_runtime = 25.7478
eval_samples_per_second = 212.173
