eval_accuracy = 0.5053999633900788
eval_loss = 0.888698935508728
eval_runtime = 20.9222
eval_samples_per_second = 261.111
