eval_accuracy = 0.592057761732852
eval_loss = 0.7165091633796692
eval_runtime = 1.2364
eval_samples_per_second = 224.045
