eval_accuracy = 0.5884476534296029
eval_loss = 0.6768971681594849
eval_runtime = 1.3127
eval_samples_per_second = 211.013
