eval_accuracy = 0.7148014440433214
eval_loss = 0.6649604439735413
eval_runtime = 1.2133
eval_samples_per_second = 228.301
