eval_accuracy = 0.5703971119133574
eval_loss = 0.756454586982727
eval_runtime = 1.2301
eval_samples_per_second = 225.189
