eval_accuracy = 0.6714801444043321
eval_loss = 0.6215211153030396
eval_runtime = 1.2355
eval_samples_per_second = 224.195
