eval_accuracy = 0.6859205776173285
eval_loss = 0.739718496799469
eval_runtime = 1.216
eval_samples_per_second = 227.795
