eval_accuracy = 0.6714801444043321
eval_loss = 0.6379007697105408
eval_runtime = 1.3443
eval_samples_per_second = 206.06
