eval_accuracy = 0.5848375451263538
eval_loss = 0.686214804649353
eval_runtime = 1.2848
eval_samples_per_second = 215.597
