eval_accuracy = 0.5848375451263538
eval_loss = 0.6908652782440186
eval_runtime = 1.1742
eval_samples_per_second = 235.895
