eval_accuracy = 0.5595667870036101
eval_loss = 0.6940119862556458
eval_runtime = 1.2707
eval_samples_per_second = 217.988
