eval_accuracy = 0.5342960288808665
eval_loss = 0.8586875796318054
eval_runtime = 1.4136
eval_samples_per_second = 195.957
