eval_accuracy = 0.6714801444043321
eval_loss = 0.6266104578971863
eval_runtime = 1.1912
eval_samples_per_second = 232.536
