eval_accuracy = 0.5090252707581228
eval_loss = 1.1204863786697388
eval_runtime = 1.2648
eval_samples_per_second = 219.013
