eval_accuracy = 0.6895306859205776
eval_loss = 0.6749659180641174
eval_runtime = 1.2402
eval_samples_per_second = 223.353
