eval_accuracy = 0.7075812274368231
eval_loss = 0.6398839950561523
eval_runtime = 1.1905
eval_samples_per_second = 232.681
