eval_combined_score = 0.8642641799536285
eval_loss = 2.0403525829315186
eval_pearson = 0.8476209129090034
eval_runtime = 6.6176
eval_samples_per_second = 226.668
eval_spearmanr = 0.8809074469982535
