eval_combined_score = 0.8723634658065162
eval_loss = 2.09726881980896
eval_pearson = 0.8592790597772341
eval_runtime = 7.4315
eval_samples_per_second = 201.845
eval_spearmanr = 0.8854478718357983
