eval_combined_score = 0.8870327991625349
eval_loss = 1.5494085550308228
eval_pearson = 0.8874127630253323
eval_runtime = 6.8602
eval_samples_per_second = 218.653
eval_spearmanr = 0.8866528352997374
