eval_combined_score = 0.8704665378286203
eval_loss = 1.5791140794754028
eval_pearson = 0.865127979150727
eval_runtime = 7.3013
eval_samples_per_second = 205.444
eval_spearmanr = 0.8758050965065135
