eval_combined_score = 0.859352387193898
eval_loss = 0.9044621586799622
eval_pearson = 0.8617530698790095
eval_runtime = 8.029
eval_samples_per_second = 186.824
eval_spearmanr = 0.8569517045087863
