eval_combined_score = 0.8593081461707976
eval_loss = 2.228085994720459
eval_pearson = 0.8395394711602091
eval_runtime = 7.4827
eval_samples_per_second = 200.462
eval_spearmanr = 0.8790768211813862
