eval_combined_score = 0.8070798912082386
eval_loss = 1.8180286884307861
eval_pearson = 0.8024058688454702
eval_runtime = 6.5667
eval_samples_per_second = 228.425
eval_spearmanr = 0.8117539135710072
