eval_combined_score = 0.8381450347595143
eval_loss = 2.739342451095581
eval_pearson = 0.8321301211575604
eval_runtime = 7.0537
eval_samples_per_second = 212.656
eval_spearmanr = 0.8441599483614683
