eval_combined_score = 0.892046345471575
eval_loss = 0.5695792436599731
eval_pearson = 0.8912625239837259
eval_runtime = 6.638
eval_samples_per_second = 225.97
eval_spearmanr = 0.8928301669594241
