eval_combined_score = 0.8830568097911952
eval_loss = 1.5069396495819092
eval_pearson = 0.8835420290884184
eval_runtime = 7.1661
eval_samples_per_second = 209.32
eval_spearmanr = 0.8825715904939719
