eval_combined_score = 0.8805310239130059
eval_loss = 1.0866559743881226
eval_pearson = 0.8821363085992883
eval_runtime = 7.7062
eval_samples_per_second = 194.648
eval_spearmanr = 0.8789257392267235
