eval_combined_score = 0.8782964940847544
eval_loss = 1.697522759437561
eval_pearson = 0.8716159814269243
eval_runtime = 7.639
eval_samples_per_second = 196.361
eval_spearmanr = 0.8849770067425845
