eval_combined_score = 0.8897865675297814
eval_loss = 1.490436315536499
eval_pearson = 0.8913152025681481
eval_runtime = 6.7625
eval_samples_per_second = 221.813
eval_spearmanr = 0.8882579324914147
