eval_combined_score = 0.003681004755124752
eval_loss = 2.2567291259765625
eval_pearson = 0.0023211550599634726
eval_runtime = 6.283
eval_samples_per_second = 238.738
eval_spearmanr = 0.0050408544502860315
