eval_combined_score = -0.03847587026128442
eval_loss = 2.3012566566467285
eval_pearson = -0.03842912764889354
eval_runtime = 4.9637
eval_samples_per_second = 302.193
eval_spearmanr = -0.03852261287367531
