eval_combined_score = -0.02838880953083707
eval_loss = 2.2574572563171387
eval_pearson = -0.025582125656606683
eval_runtime = 5.163
eval_samples_per_second = 290.528
eval_spearmanr = -0.031195493405067456
