eval_combined_score = 0.040058250811357624
eval_loss = 2.5167460441589355
eval_pearson = 0.03713334728776674
eval_runtime = 4.9671
eval_samples_per_second = 301.985
eval_spearmanr = 0.0429831543349485
