eval_combined_score = 0.026008173422454744
eval_loss = 2.3575656414031982
eval_pearson = 0.03023064802869463
eval_runtime = 4.975
eval_samples_per_second = 301.506
eval_spearmanr = 0.02178569881621486
