eval_combined_score = 0.0005023625988833234
eval_loss = 2.335770606994629
eval_pearson = 0.002725884853400152
eval_runtime = 4.9929
eval_samples_per_second = 300.426
eval_spearmanr = -0.001721159655633505
