eval_combined_score = -0.010088779816045331
eval_loss = 3.2375924587249756
eval_pearson = -0.009875337009490196
eval_runtime = 5.1222
eval_samples_per_second = 292.843
eval_spearmanr = -0.010302222622600467
