eval_combined_score = 0.0026952680376931396
eval_loss = 2.315978765487671
eval_pearson = 0.0021876411513206064
eval_runtime = 4.9929
eval_samples_per_second = 300.425
eval_spearmanr = 0.003202894924065673
