eval_combined_score = -0.030273737280072745
eval_loss = 2.2902374267578125
eval_pearson = -0.03286229297882794
eval_runtime = 4.9776
eval_samples_per_second = 301.351
eval_spearmanr = -0.027685181581317553
