eval_combined_score = -0.06374984917084714
eval_loss = 2.298647403717041
eval_pearson = -0.07005812003594691
eval_runtime = 4.958
eval_samples_per_second = 302.542
eval_spearmanr = -0.057441578305747365
