eval_combined_score = 0.004187744293402154
eval_loss = 2.500344753265381
eval_pearson = 0.005367467887342251
eval_runtime = 4.9702
eval_samples_per_second = 301.798
eval_spearmanr = 0.0030080206994620574
