eval_combined_score = -0.021865676495415383
eval_loss = 2.3666486740112305
eval_pearson = -0.020311119154782977
eval_runtime = 4.9665
eval_samples_per_second = 302.023
eval_spearmanr = -0.023420233836047785
