eval_combined_score = 0.009557556683593661
eval_loss = 2.9777441024780273
eval_pearson = 0.007042047088206202
eval_runtime = 5.0308
eval_samples_per_second = 298.163
eval_spearmanr = 0.01207306627898112
