eval_combined_score = -0.07631406885451752
eval_loss = 2.309682607650757
eval_pearson = -0.07406588352683723
eval_runtime = 5.0395
eval_samples_per_second = 297.651
eval_spearmanr = -0.07856225418219781
