eval_combined_score = 0.027118375462525338
eval_loss = 2.9110240936279297
eval_pearson = 0.028153369645278717
eval_runtime = 5.0178
eval_samples_per_second = 298.937
eval_spearmanr = 0.026083381279771962
