eval_combined_score = -0.47029942664775026
eval_loss = 2.8480606079101562
eval_pearson = -0.4634712290750826
eval_runtime = 5.816
eval_samples_per_second = 257.909
eval_spearmanr = -0.47712762422041793
