eval_combined_score = 0.032822029673480246
eval_loss = 2.418761968612671
eval_pearson = 0.031610589671324844
eval_runtime = 4.985
eval_samples_per_second = 300.903
eval_spearmanr = 0.03403346967563564
