eval_combined_score = -0.02315987816314026
eval_loss = 3.23095440864563
eval_pearson = -0.0253689347794096
eval_runtime = 4.9318
eval_samples_per_second = 304.149
eval_spearmanr = -0.020950821546870918
