eval_combined_score = 0.01885055251596296
eval_loss = 2.38196063041687
eval_pearson = 0.019206840958687136
eval_runtime = 4.972
eval_samples_per_second = 301.689
eval_spearmanr = 0.018494264073238783
