eval_combined_score = -0.03460200722441651
eval_loss = 2.9219510555267334
eval_pearson = -0.036481731498630106
eval_runtime = 4.9406
eval_samples_per_second = 303.605
eval_spearmanr = -0.032722282950202915
