eval_combined_score = 0.03569456630852706
eval_loss = 3.483389377593994
eval_pearson = 0.0300052306033229
eval_runtime = 5.1223
eval_samples_per_second = 292.839
eval_spearmanr = 0.04138390201373122
