eval_combined_score = 0.0034744189817052895
eval_loss = 2.3196663856506348
eval_pearson = 0.00416609634816364
eval_runtime = 5.0134
eval_samples_per_second = 299.197
eval_spearmanr = 0.0027827416152469394
