eval_combined_score = -0.019774581062856636
eval_loss = 2.3281848430633545
eval_pearson = -0.01242572064245866
eval_runtime = 5.0748
eval_samples_per_second = 295.576
eval_spearmanr = -0.027123441483254615
