eval_combined_score = -0.014713787836736953
eval_loss = 4.247715950012207
eval_pearson = -0.0036854554809853616
eval_runtime = 4.9407
eval_samples_per_second = 303.6
eval_spearmanr = -0.025742120192488543
