eval_combined_score = 0.023699472422673368
eval_loss = 2.357299566268921
eval_pearson = 0.019825911843739417
eval_runtime = 4.9807
eval_samples_per_second = 301.162
eval_spearmanr = 0.027573033001607315
