eval_combined_score = -0.03309899855728263
eval_loss = 2.356778860092163
eval_pearson = -0.031981912940281305
eval_runtime = 4.9845
eval_samples_per_second = 300.935
eval_spearmanr = -0.034216084174283956
