eval_combined_score = -0.0015148753632253957
eval_loss = 3.1150221824645996
eval_pearson = -0.0009671528840737698
eval_runtime = 4.9562
eval_samples_per_second = 302.651
eval_spearmanr = -0.0020625978423770217
