eval_combined_score = -0.01557012122347792
eval_loss = 2.5154764652252197
eval_pearson = -0.012375602492230083
eval_runtime = 5.2896
eval_samples_per_second = 283.573
eval_spearmanr = -0.018764639954725756
