eval_combined_score = -0.0021701792852668066
eval_loss = 2.450544834136963
eval_pearson = -0.00047677352282097114
eval_runtime = 5.0396
eval_samples_per_second = 297.644
eval_spearmanr = -0.0038635850477126425
