eval_combined_score = -0.014711363299671886
eval_loss = 4.757852077484131
eval_pearson = -0.016909991062362108
eval_runtime = 4.9603
eval_samples_per_second = 302.401
eval_spearmanr = -0.012512735536981663
