eval_accuracy = 0.7990196078431373
eval_combined_score = 0.8348410342054804
eval_f1 = 0.8706624605678234
eval_loss = 0.5838587284088135
eval_runtime = 1.9611
eval_samples_per_second = 208.042
