eval_accuracy = 0.8431372549019608
eval_combined_score = 0.869281045751634
eval_f1 = 0.8954248366013072
eval_loss = 0.547480046749115
eval_runtime = 2.3793
eval_samples_per_second = 171.477
