eval_accuracy = 0.8602941176470589
eval_combined_score = 0.8787957074721782
eval_f1 = 0.8972972972972973
eval_loss = 0.5462533831596375
eval_runtime = 1.8111
eval_samples_per_second = 225.271
