eval_accuracy = 0.7941176470588235
eval_combined_score = 0.8310210876803552
eval_f1 = 0.8679245283018868
eval_loss = 0.7142489552497864
eval_runtime = 2.2433
eval_samples_per_second = 181.878
