eval_accuracy = 0.7916666666666666
eval_combined_score = 0.8289041994750657
eval_f1 = 0.8661417322834646
eval_loss = 0.7174292802810669
eval_runtime = 2.4581
eval_samples_per_second = 165.985
