eval_accuracy = 0.8553921568627451
eval_combined_score = 0.8762126578380043
eval_f1 = 0.8970331588132635
eval_loss = 0.6105585098266602
eval_runtime = 1.8446
eval_samples_per_second = 221.182
