eval_accuracy = 0.821078431372549
eval_combined_score = 0.8513820033686084
eval_f1 = 0.8816855753646677
eval_loss = 0.5414941906929016
eval_runtime = 1.8779
eval_samples_per_second = 217.267
