eval_accuracy = 0.8627450980392157
eval_combined_score = 0.8850149331255681
eval_f1 = 0.9072847682119206
eval_loss = 0.5307512283325195
eval_runtime = 2.0013
eval_samples_per_second = 203.864
