eval_accuracy = 0.7401960784313726
eval_combined_score = 0.7877999025697235
eval_f1 = 0.8354037267080745
eval_loss = 0.5513310432434082
eval_runtime = 1.8506
eval_samples_per_second = 220.471
