eval_accuracy = 0.8700980392156863
eval_combined_score = 0.889280453113888
eval_f1 = 0.9084628670120898
eval_loss = 0.6356886029243469
eval_runtime = 1.8876
eval_samples_per_second = 216.144
