eval_accuracy = 0.7867647058823529
eval_combined_score = 0.8214815264948955
eval_f1 = 0.856198347107438
eval_loss = 0.4805319309234619
eval_runtime = 2.0737
eval_samples_per_second = 196.745
