eval_accuracy = 0.8186274509803921
eval_combined_score = 0.8455206220419202
eval_f1 = 0.8724137931034482
eval_loss = 0.4049306809902191
eval_runtime = 1.832
eval_samples_per_second = 222.703
