eval_accuracy = 0.7230392156862745
eval_combined_score = 0.7618723415292042
eval_f1 = 0.800705467372134
eval_loss = 0.5480087995529175
eval_runtime = 2.2411
eval_samples_per_second = 182.051
