eval_accuracy = 0.7818627450980392
eval_combined_score = 0.8215085956379431
eval_f1 = 0.8611544461778471
eval_loss = 0.5270543694496155
eval_runtime = 1.808
eval_samples_per_second = 225.668
