eval_accuracy = 0.7450980392156863
eval_combined_score = 0.7736897040184896
eval_f1 = 0.8022813688212929
eval_loss = 0.535631537437439
eval_runtime = 2.0387
eval_samples_per_second = 200.126
