eval_accuracy = 0.8529411764705882
eval_combined_score = 0.8766367011921047
eval_f1 = 0.9003322259136212
eval_loss = 0.5714495778083801
eval_runtime = 2.1037
eval_samples_per_second = 193.946
