eval_accuracy = 0.7622549019607843
eval_combined_score = 0.7894450313206567
eval_f1 = 0.8166351606805292
eval_loss = 0.5355144739151001
eval_runtime = 1.7957
eval_samples_per_second = 227.213
