eval_accuracy = 0.678921568627451
eval_combined_score = 0.7263347048664026
eval_f1 = 0.7737478411053541
eval_loss = 0.601618230342865
eval_runtime = 1.7622
eval_samples_per_second = 231.53
