eval_accuracy = 0.8651960784313726
eval_combined_score = 0.8849377272572807
eval_f1 = 0.9046793760831888
eval_loss = 0.615230917930603
eval_runtime = 2.2327
eval_samples_per_second = 182.742
