eval_accuracy = 0.8725490196078431
eval_combined_score = 0.891753961858716
eval_f1 = 0.9109589041095889
eval_loss = 0.6448118090629578
eval_runtime = 1.7897
eval_samples_per_second = 227.973
