eval_accuracy = 0.8685703825736775
eval_loss = 0.3788912296295166
eval_runtime = 22.0109
eval_samples_per_second = 248.195
