eval_accuracy = 0.7156862745098039
eval_combined_score = 0.7618166471886769
eval_f1 = 0.8079470198675498
eval_loss = 0.605061411857605
eval_runtime = 1.6025
eval_samples_per_second = 254.602
