eval_accuracy = 0.7598039215686274
eval_combined_score = 0.798235294117647
eval_f1 = 0.8366666666666667
eval_loss = 0.5211222171783447
eval_runtime = 2.1085
eval_samples_per_second = 193.505
