eval_accuracy = 0.7328431372549019
eval_combined_score = 0.7645524097489463
eval_f1 = 0.7962616822429908
eval_loss = 0.5454413890838623
eval_runtime = 1.5607
eval_samples_per_second = 261.423
