eval_accuracy = 0.7475490196078431
eval_combined_score = 0.7866340698716034
eval_f1 = 0.8257191201353636
eval_loss = 0.5535774827003479
eval_runtime = 1.5719
eval_samples_per_second = 259.562
