eval_accuracy = 0.7622549019607843
eval_combined_score = 0.7964852171234985
eval_f1 = 0.8307155322862128
eval_loss = 0.5023356676101685
eval_runtime = 1.5694
eval_samples_per_second = 259.964
