eval_accuracy = 0.7328431372549019
eval_combined_score = 0.7692736185383244
eval_f1 = 0.805704099821747
eval_loss = 0.5639747977256775
eval_runtime = 1.5599
eval_samples_per_second = 261.556
