epoch = 0.5
eval_loss = 0.5122127532958984
eval_matthews_correlation = 0.5367064620897714
eval_runtime = 4.6679
eval_samples_per_second = 223.442
