epoch = 4.15
eval_loss = 0.9065121412277222
eval_matthews_correlation = 0.644274221106768
eval_runtime = 4.6766
eval_samples_per_second = 223.024
