epoch = 4.54
eval_loss = 0.9191679954528809
eval_matthews_correlation = 0.620765149261144
eval_runtime = 4.7149
eval_samples_per_second = 221.212
