epoch = 0.22
eval_loss = 0.49027523398399353
eval_matthews_correlation = 0.49452574198897287
eval_runtime = 5.1935
eval_samples_per_second = 200.829
