epoch = 4.82
eval_loss = 0.8448527455329895
eval_matthews_correlation = 0.6477132175158729
eval_runtime = 4.7695
eval_samples_per_second = 218.683
