epoch = 2.8
eval_loss = 0.6287539601325989
eval_matthews_correlation = 0.6463838109387049
eval_runtime = 4.8774
eval_samples_per_second = 213.844
