epoch = 3.42
eval_loss = 0.8579662442207336
eval_matthews_correlation = 0.6363547493595872
eval_runtime = 4.8095
eval_samples_per_second = 216.863
