epoch = 6.56
eval_loss = 1.0424432754516602
eval_matthews_correlation = 0.6246815571861462
eval_runtime = 4.5485
eval_samples_per_second = 229.304
