epoch = 1.07
eval_loss = 0.4117083251476288
eval_matthews_correlation = 0.6329595949948286
eval_runtime = 4.7592
eval_samples_per_second = 219.156
