epoch = 5.05
eval_loss = 0.8963128924369812
eval_matthews_correlation = 0.6392860411178652
eval_runtime = 4.6229
eval_samples_per_second = 225.617
