epoch = 5.16
eval_loss = 0.981840193271637
eval_matthews_correlation = 0.6142064528308289
eval_runtime = 4.9488
eval_samples_per_second = 210.759
