epoch = 5.61
eval_loss = 0.9619764685630798
eval_matthews_correlation = 0.633925356135207
eval_runtime = 4.7198
eval_samples_per_second = 220.983
