epoch = 4.43
eval_loss = 0.9914833903312683
eval_matthews_correlation = 0.6258269726983982
eval_runtime = 4.6708
eval_samples_per_second = 223.302
