epoch = 3.48
eval_loss = 0.8967477083206177
eval_matthews_correlation = 0.6495743130890459
eval_runtime = 4.7762
eval_samples_per_second = 218.375
