epoch = 6.34
eval_loss = 1.0024458169937134
eval_matthews_correlation = 0.6454879429067257
eval_runtime = 4.6196
eval_samples_per_second = 225.777
