epoch = 5.94
eval_loss = 0.9929158091545105
eval_matthews_correlation = 0.6244666931728993
eval_runtime = 4.7116
eval_samples_per_second = 221.37
