epoch = 6.17
eval_loss = 0.9843392968177795
eval_matthews_correlation = 0.634951918264685
eval_runtime = 4.7364
eval_samples_per_second = 220.211
