epoch = 0.79
eval_loss = 0.4017479121685028
eval_matthews_correlation = 0.6056612573992737
eval_runtime = 4.8807
eval_samples_per_second = 213.699
