epoch = 3.03
eval_loss = 0.7459954619407654
eval_matthews_correlation = 0.6082287537654698
eval_runtime = 4.6684
eval_samples_per_second = 223.416
