epoch = 2.07
eval_loss = 0.7111709713935852
eval_matthews_correlation = 0.6184055684120958
eval_runtime = 4.8473
eval_samples_per_second = 215.171
