epoch = 3.76
eval_loss = 0.7546679377555847
eval_matthews_correlation = 0.6240838974095094
eval_runtime = 4.7847
eval_samples_per_second = 217.986
