epoch = 4.6
eval_loss = 0.846545398235321
eval_matthews_correlation = 0.6290963746390851
eval_runtime = 4.6804
eval_samples_per_second = 222.846
