epoch = 2.24
eval_loss = 0.7037358283996582
eval_matthews_correlation = 0.6006707792285204
eval_runtime = 4.8562
eval_samples_per_second = 214.777
