epoch = 0.9
eval_loss = 0.3687255382537842
eval_matthews_correlation = 0.5939552264856284
eval_runtime = 4.7103
eval_samples_per_second = 221.429
