epoch = 3.7
eval_loss = 0.7936790585517883
eval_matthews_correlation = 0.629703181950203
eval_runtime = 4.7474
eval_samples_per_second = 219.698
