epoch = 5.21
eval_loss = 1.0144745111465454
eval_matthews_correlation = 0.5981951351808346
eval_runtime = 4.7536
eval_samples_per_second = 219.415
