epoch = 3.36
eval_loss = 0.8419417142868042
eval_matthews_correlation = 0.6194384116468411
eval_runtime = 4.6996
eval_samples_per_second = 221.933
