epoch = 5.55
eval_loss = 1.0132768154144287
eval_matthews_correlation = 0.6107029287090541
eval_runtime = 4.6866
eval_samples_per_second = 222.548
