epoch = 6.28
eval_loss = 1.0227422714233398
eval_matthews_correlation = 0.6269771887706341
eval_runtime = 4.5903
eval_samples_per_second = 227.218
