epoch = 5.72
eval_loss = 1.0386238098144531
eval_matthews_correlation = 0.6234124534066398
eval_runtime = 4.723
eval_samples_per_second = 220.835
