epoch = 0.28
eval_loss = 0.42799869179725647
eval_matthews_correlation = 0.5399503104637741
eval_runtime = 4.9294
eval_samples_per_second = 211.588
