epoch = 6.22
eval_loss = 1.0207138061523438
eval_matthews_correlation = 0.6194384116468411
eval_runtime = 4.5719
eval_samples_per_second = 228.132
