epoch = 5.89
eval_loss = 0.9921013712882996
eval_matthews_correlation = 0.634951918264685
eval_runtime = 4.6299
eval_samples_per_second = 225.276
