epoch = 6.67
eval_loss = 1.065840482711792
eval_matthews_correlation = 0.6240838974095094
eval_runtime = 4.5508
eval_samples_per_second = 229.189
