epoch = 0.56
eval_loss = 0.4267483353614807
eval_matthews_correlation = 0.5475140727239077
eval_runtime = 4.7309
eval_samples_per_second = 220.464
