epoch = 1.29
eval_loss = 0.5725199580192566
eval_matthews_correlation = 0.6009540363352786
eval_runtime = 5.3722
eval_samples_per_second = 194.149
