epoch = 6.9
eval_loss = 1.0663009881973267
eval_matthews_correlation = 0.6239164540479953
eval_runtime = 4.5917
eval_samples_per_second = 227.149
