epoch = 1.63
eval_loss = 0.5325292348861694
eval_matthews_correlation = 0.6276719458023671
eval_runtime = 5.2992
eval_samples_per_second = 196.822
