epoch = 5.27
eval_loss = 0.9653342962265015
eval_matthews_correlation = 0.6109671005868332
eval_runtime = 4.6941
eval_samples_per_second = 222.194
