epoch = 6.06
eval_loss = 1.0035799741744995
eval_matthews_correlation = 0.621573943400159
eval_runtime = 4.5853
eval_samples_per_second = 227.466
