epoch = 5.44
eval_loss = 0.9592487215995789
eval_matthews_correlation = 0.621573943400159
eval_runtime = 4.65
eval_samples_per_second = 224.299
