epoch = 0.67
eval_loss = 0.375165194272995
eval_matthews_correlation = 0.610165292535156
eval_runtime = 4.6295
eval_samples_per_second = 225.293
