epoch = 5.78
eval_loss = 1.0069899559020996
eval_matthews_correlation = 0.6292829640607693
eval_runtime = 4.7291
eval_samples_per_second = 220.551
