epoch = 3.08
eval_loss = 0.815298318862915
eval_matthews_correlation = 0.6287714546565786
eval_runtime = 4.6531
eval_samples_per_second = 224.153
