epoch = 0.11
eval_loss = 0.5182079076766968
eval_matthews_correlation = 0.2958651740915238
eval_runtime = 5.5985
eval_samples_per_second = 186.3
