epoch = 3.93
eval_loss = 0.7977429628372192
eval_matthews_correlation = 0.6212584232587556
eval_runtime = 4.6233
eval_samples_per_second = 225.598
