epoch = 1.46
eval_loss = 0.44013863801956177
eval_matthews_correlation = 0.6372231085109245
eval_runtime = 5.0269
eval_samples_per_second = 207.484
