epoch = 5.66
eval_loss = 0.9937427043914795
eval_matthews_correlation = 0.6361192032001732
eval_runtime = 4.7216
eval_samples_per_second = 220.898
