epoch = 3.81
eval_loss = 0.8239218592643738
eval_matthews_correlation = 0.5981135922805256
eval_runtime = 4.7291
eval_samples_per_second = 220.551
