epoch = 4.49
eval_loss = 0.8886020183563232
eval_matthews_correlation = 0.6412441886324401
eval_runtime = 4.6664
eval_samples_per_second = 223.515
