epoch = 4.93
eval_loss = 0.8115496635437012
eval_matthews_correlation = 0.6397192569304163
eval_runtime = 4.9854
eval_samples_per_second = 209.21
