epoch = 6.0
eval_loss = 0.9965078234672546
eval_matthews_correlation = 0.6271935369003752
eval_runtime = 4.5865
eval_samples_per_second = 227.409
