epoch = 1.4
eval_loss = 0.3951795995235443
eval_matthews_correlation = 0.6517142486921014
eval_runtime = 5.0234
eval_samples_per_second = 207.626
