epoch = 3.14
eval_loss = 0.7863259315490723
eval_matthews_correlation = 0.6259814368927586
eval_runtime = 4.7534
eval_samples_per_second = 219.423
