epoch = 2.3
eval_loss = 0.7252905368804932
eval_matthews_correlation = 0.6133875937511768
eval_runtime = 4.7474
eval_samples_per_second = 219.7
