epoch = 2.86
eval_loss = 0.7279972434043884
eval_matthews_correlation = 0.6331818186325034
eval_runtime = 4.8893
eval_samples_per_second = 213.325
