epoch = 4.26
eval_loss = 0.9296261072158813
eval_matthews_correlation = 0.6310085291219908
eval_runtime = 4.652
eval_samples_per_second = 224.203
