epoch = 6.11
eval_loss = 0.9726914763450623
eval_matthews_correlation = 0.6379770687325045
eval_runtime = 4.5871
eval_samples_per_second = 227.379
