epoch = 6.39
eval_loss = 1.0132317543029785
eval_matthews_correlation = 0.634951918264685
eval_runtime = 4.666
eval_samples_per_second = 223.531
