epoch = 0.73
eval_loss = 0.41373494267463684
eval_matthews_correlation = 0.5958164600267423
eval_runtime = 4.6921
eval_samples_per_second = 222.289
