epoch = 2.58
eval_loss = 0.7820565104484558
eval_matthews_correlation = 0.6258269726983982
eval_runtime = 4.9667
eval_samples_per_second = 210.0
