epoch = 1.12
eval_loss = 0.487087219953537
eval_matthews_correlation = 0.6206499022674911
eval_runtime = 4.9443
eval_samples_per_second = 210.949
