epoch = 4.88
eval_loss = 0.8836262822151184
eval_matthews_correlation = 0.6184055684120958
eval_runtime = 4.8093
eval_samples_per_second = 216.872
