epoch = 6.79
eval_loss = 1.058872103691101
eval_matthews_correlation = 0.6217559489965282
eval_runtime = 4.5925
eval_samples_per_second = 227.108
