epoch = 0.39
eval_loss = 0.4309804141521454
eval_matthews_correlation = 0.5534676732648254
eval_runtime = 4.8245
eval_samples_per_second = 216.19
