epoch = 2.02
eval_loss = 0.6199333071708679
eval_matthews_correlation = 0.5961744294806522
eval_runtime = 4.8956
eval_samples_per_second = 213.05
