eval_combined_score = 0.8919395274437201
eval_loss = 0.45919156074523926
eval_pearson = 0.8923731717588907
eval_runtime = 6.7511
eval_samples_per_second = 222.185
eval_spearmanr = 0.8915058831285494
