eval_combined_score = 0.8992071423993251
eval_loss = 0.4333438277244568
eval_pearson = 0.8996826191098629
eval_runtime = 7.6054
eval_samples_per_second = 197.227
eval_spearmanr = 0.8987316656887874
