eval_combined_score = 0.902741986991856
eval_loss = 0.4214252233505249
eval_pearson = 0.9036546175478292
eval_runtime = 6.5055
eval_samples_per_second = 230.575
eval_spearmanr = 0.9018293564358829
