eval_combined_score = 0.5405015038536924
eval_loss = 2.7525503635406494
eval_pearson = 0.540271393030494
eval_runtime = 6.6348
eval_samples_per_second = 226.079
eval_spearmanr = 0.5407316146768908
