eval_combined_score = 0.9025727690919323
eval_loss = 0.42061713337898254
eval_pearson = 0.9033947495059144
eval_runtime = 6.4753
eval_samples_per_second = 231.651
eval_spearmanr = 0.9017507886779503
