eval_combined_score = 0.8512114661972854
eval_loss = 0.6338852643966675
eval_pearson = 0.8507642530188156
eval_runtime = 6.3197
eval_samples_per_second = 237.353
eval_spearmanr = 0.8516586793757551
