eval_combined_score = 0.8988161167374156
eval_loss = 0.48840197920799255
eval_pearson = 0.8997109758179044
eval_runtime = 6.4648
eval_samples_per_second = 232.026
eval_spearmanr = 0.8979212576569269
