eval_combined_score = 0.8729574877059569
eval_loss = 0.9223856329917908
eval_pearson = 0.8658526179640859
eval_runtime = 6.4256
eval_samples_per_second = 233.44
eval_spearmanr = 0.880062357447828
