eval_combined_score = 0.9005872610711632
eval_loss = 0.5228987336158752
eval_pearson = 0.9012016758827879
eval_runtime = 6.8144
eval_samples_per_second = 220.123
eval_spearmanr = 0.8999728462595384
