eval_combined_score = 0.9025019005660888
eval_loss = 0.4213142395019531
eval_pearson = 0.9032942757397389
eval_runtime = 7.6726
eval_samples_per_second = 195.502
eval_spearmanr = 0.9017095253924386
