eval_combined_score = 0.9030531953837653
eval_loss = 0.4302005171775818
eval_pearson = 0.9041709097033442
eval_runtime = 7.7423
eval_samples_per_second = 193.741
eval_spearmanr = 0.9019354810641864
