eval_combined_score = 0.8969677596786694
eval_loss = 0.4502788186073303
eval_pearson = 0.896972087186041
eval_runtime = 6.8705
eval_samples_per_second = 218.325
eval_spearmanr = 0.8969634321712976
