eval_combined_score = 0.880558385518026
eval_loss = 0.6135383248329163
eval_pearson = 0.877675421935506
eval_runtime = 6.6189
eval_samples_per_second = 226.625
eval_spearmanr = 0.8834413491005461
