eval_combined_score = 0.8977469849620233
eval_loss = 0.46016472578048706
eval_pearson = 0.8975449257711005
eval_runtime = 6.5976
eval_samples_per_second = 227.354
eval_spearmanr = 0.8979490441529462
