eval_combined_score = 0.8974072047759001
eval_loss = 0.5150150656700134
eval_pearson = 0.8979420583117526
eval_runtime = 7.4193
eval_samples_per_second = 202.175
eval_spearmanr = 0.8968723512400475
