eval_combined_score = 0.05666546108169708
eval_loss = 2.661911725997925
eval_pearson = 0.056465230733995
eval_runtime = 7.7695
eval_samples_per_second = 193.061
eval_spearmanr = 0.056865691429399165
