eval_combined_score = 0.8921973913531737
eval_loss = 0.47822701930999756
eval_pearson = 0.8916399360835332
eval_runtime = 6.7154
eval_samples_per_second = 223.366
eval_spearmanr = 0.8927548466228141
