eval_combined_score = 0.8868793185499924
eval_loss = 0.4933016002178192
eval_pearson = 0.887290700504196
eval_runtime = 6.68
eval_samples_per_second = 224.551
eval_spearmanr = 0.8864679365957887
