eval_combined_score = 0.902025212485202
eval_loss = 0.44978219270706177
eval_pearson = 0.9030063021718067
eval_runtime = 6.6909
eval_samples_per_second = 224.184
eval_spearmanr = 0.9010441227985974
