eval_combined_score = 0.9024697170771617
eval_loss = 0.42628970742225647
eval_pearson = 0.9034477220792664
eval_runtime = 6.666
eval_samples_per_second = 225.023
eval_spearmanr = 0.9014917120750571
