eval_combined_score = 0.902698211575789
eval_loss = 0.4197508990764618
eval_pearson = 0.9037149066752409
eval_runtime = 6.8405
eval_samples_per_second = 219.282
eval_spearmanr = 0.9016815164763371
