eval_combined_score = 0.888412373434909
eval_loss = 0.5532475709915161
eval_pearson = 0.8868936922288098
eval_runtime = 6.7904
eval_samples_per_second = 220.899
eval_spearmanr = 0.8899310546410081
