eval_combined_score = 0.8873931697450995
eval_loss = 0.8444766998291016
eval_pearson = 0.8847970961969864
eval_runtime = 6.7571
eval_samples_per_second = 221.989
eval_spearmanr = 0.8899892432932126
