eval_combined_score = 0.899314293908007
eval_loss = 0.5080187320709229
eval_pearson = 0.8997393953282642
eval_runtime = 6.7951
eval_samples_per_second = 220.749
eval_spearmanr = 0.8988891924877497
