eval_combined_score = 0.9010633651195488
eval_loss = 0.42268529534339905
eval_pearson = 0.9019330848949952
eval_runtime = 6.4293
eval_samples_per_second = 233.305
eval_spearmanr = 0.9001936453441024
