eval_combined_score = 0.9005349635183201
eval_loss = 0.49126675724983215
eval_pearson = 0.9012618869405118
eval_runtime = 6.721
eval_samples_per_second = 223.181
eval_spearmanr = 0.8998080400961284
