eval_combined_score = 0.8996968535676777
eval_loss = 0.4352339208126068
eval_pearson = 0.9005006036128818
eval_runtime = 7.6501
eval_samples_per_second = 196.075
eval_spearmanr = 0.8988931035224736
