eval_combined_score = 0.9019987673431207
eval_loss = 0.43144896626472473
eval_pearson = 0.9028027241499845
eval_runtime = 7.8294
eval_samples_per_second = 191.584
eval_spearmanr = 0.9011948105362569
