eval_combined_score = 0.9025142805619153
eval_loss = 0.42135143280029297
eval_pearson = 0.9033096300309593
eval_runtime = 6.3376
eval_samples_per_second = 236.681
eval_spearmanr = 0.9017189310928714
