eval_combined_score = 0.8301367910081073
eval_loss = 0.9931885600090027
eval_pearson = 0.8241665637286988
eval_runtime = 7.8325
eval_samples_per_second = 191.511
eval_spearmanr = 0.8361070182875159
