eval_combined_score = 0.9027013475764558
eval_loss = 0.43778809905052185
eval_pearson = 0.9037715310244456
eval_runtime = 6.7436
eval_samples_per_second = 222.433
eval_spearmanr = 0.901631164128466
