eval_combined_score = 0.839483899810354
eval_loss = 0.6929791569709778
eval_pearson = 0.8368042826327062
eval_runtime = 6.4362
eval_samples_per_second = 233.056
eval_spearmanr = 0.8421635169880017
