eval_combined_score = 0.8993396494174726
eval_loss = 0.4505097568035126
eval_pearson = 0.8995840759560846
eval_runtime = 6.7569
eval_samples_per_second = 221.994
eval_spearmanr = 0.8990952228788606
