eval_combined_score = 0.897651572019818
eval_loss = 0.43599843978881836
eval_pearson = 0.8983312429089125
eval_runtime = 7.5269
eval_samples_per_second = 199.284
eval_spearmanr = 0.8969719011307236
