eval_combined_score = 0.898423026855366
eval_loss = 0.44798991084098816
eval_pearson = 0.8984864914812535
eval_runtime = 6.5493
eval_samples_per_second = 229.031
eval_spearmanr = 0.8983595622294785
