eval_combined_score = 0.9028871625122488
eval_loss = 0.42369383573532104
eval_pearson = 0.9038675752968395
eval_runtime = 6.4523
eval_samples_per_second = 232.475
eval_spearmanr = 0.9019067497276582
