eval_combined_score = 0.8982318480433409
eval_loss = 0.44303351640701294
eval_pearson = 0.8988150702902565
eval_runtime = 6.7888
eval_samples_per_second = 220.952
eval_spearmanr = 0.8976486257964252
