eval_combined_score = 0.8955219137808681
eval_loss = 0.47684529423713684
eval_pearson = 0.8956856036997777
eval_runtime = 8.1993
eval_samples_per_second = 182.943
eval_spearmanr = 0.8953582238619584
