eval_combined_score = 0.8661051052173625
eval_loss = 1.1196907758712769
eval_pearson = 0.8637123200321126
eval_runtime = 6.6437
eval_samples_per_second = 225.778
eval_spearmanr = 0.8684978904026123
