eval_combined_score = 0.31032189802001453
eval_loss = 2.4931387901306152
eval_pearson = 0.32105847452431796
eval_runtime = 6.6498
eval_samples_per_second = 225.572
eval_spearmanr = 0.2995853215157111
