eval_combined_score = 0.8810754299359367
eval_loss = 0.8576589226722717
eval_pearson = 0.8745539955524446
eval_runtime = 7.4785
eval_samples_per_second = 200.575
eval_spearmanr = 0.8875968643194287
