eval_combined_score = 0.7710812210707496
eval_loss = 1.3454557657241821
eval_pearson = 0.7976264550196596
eval_runtime = 6.6993
eval_samples_per_second = 223.904
eval_spearmanr = 0.7445359871218397
