eval_combined_score = 0.9026082401355054
eval_loss = 0.4298761785030365
eval_pearson = 0.9035461915604194
eval_runtime = 6.7945
eval_samples_per_second = 220.767
eval_spearmanr = 0.9016702887105915
