eval_combined_score = 0.9026744417345798
eval_loss = 0.42104125022888184
eval_pearson = 0.9035703437942793
eval_runtime = 6.5741
eval_samples_per_second = 228.169
eval_spearmanr = 0.9017785396748803
