eval_combined_score = 0.385469511889373
eval_loss = 2.408442497253418
eval_pearson = 0.3904709323703546
eval_runtime = 6.5072
eval_samples_per_second = 230.514
eval_spearmanr = 0.38046809140839144
