eval_combined_score = 0.9025321363519169
eval_loss = 0.4208984375
eval_pearson = 0.9033350693618896
eval_runtime = 7.6641
eval_samples_per_second = 195.718
eval_spearmanr = 0.9017292033419442
