eval_combined_score = 0.8957999505394285
eval_loss = 0.4522917568683624
eval_pearson = 0.8961360490302185
eval_runtime = 7.0094
eval_samples_per_second = 213.997
eval_spearmanr = 0.8954638520486387
