eval_combined_score = 0.8992576579072649
eval_loss = 0.43725118041038513
eval_pearson = 0.9002197091451448
eval_runtime = 6.6632
eval_samples_per_second = 225.118
eval_spearmanr = 0.8982956066693848
