eval_combined_score = 0.903031442406357
eval_loss = 0.4274061322212219
eval_pearson = 0.9040515851909338
eval_runtime = 6.7845
eval_samples_per_second = 221.091
eval_spearmanr = 0.9020112996217803
