eval_combined_score = 0.9019541630925314
eval_loss = 0.4754968285560608
eval_pearson = 0.9025957903900815
eval_runtime = 7.761
eval_samples_per_second = 193.273
eval_spearmanr = 0.9013125357949814
