eval_combined_score = 0.9003159731736139
eval_loss = 0.4498918354511261
eval_pearson = 0.9012293478116772
eval_runtime = 6.9802
eval_samples_per_second = 214.894
eval_spearmanr = 0.8994025985355505
