eval_combined_score = 0.7785604801003722
eval_loss = 1.159512996673584
eval_pearson = 0.7740305183425215
eval_runtime = 7.793
eval_samples_per_second = 192.481
eval_spearmanr = 0.7830904418582229
