eval_combined_score = 0.8519516853380218
eval_loss = 1.3360047340393066
eval_pearson = 0.8386567654324373
eval_runtime = 7.3754
eval_samples_per_second = 203.378
eval_spearmanr = 0.8652466052436062
