eval_combined_score = 0.9021769535025324
eval_loss = 0.4182075262069702
eval_pearson = 0.9029736203621612
eval_runtime = 6.6359
eval_samples_per_second = 226.043
eval_spearmanr = 0.9013802866429035
