eval_combined_score = 0.8806402646989373
eval_loss = 0.6747463941574097
eval_pearson = 0.877745407990706
eval_runtime = 6.4547
eval_samples_per_second = 232.388
eval_spearmanr = 0.8835351214071687
