eval_combined_score = 0.8870615387503968
eval_loss = 0.5792462825775146
eval_pearson = 0.8860066397688221
eval_runtime = 6.564
eval_samples_per_second = 228.52
eval_spearmanr = 0.8881164377319715
