eval_combined_score = 0.8816176639663207
eval_loss = 0.6261456608772278
eval_pearson = 0.8764584872093584
eval_runtime = 6.4627
eval_samples_per_second = 232.103
eval_spearmanr = 0.8867768407232829
