eval_combined_score = 0.8263034372413404
eval_loss = 0.8234128355979919
eval_pearson = 0.8180368135136898
eval_runtime = 6.8442
eval_samples_per_second = 219.164
eval_spearmanr = 0.8345700609689909
