eval_combined_score = 0.8853068567020224
eval_loss = 0.6026687622070312
eval_pearson = 0.8835972177113158
eval_runtime = 7.5219
eval_samples_per_second = 199.419
eval_spearmanr = 0.8870164956927288
