eval_combined_score = 0.8859969398539219
eval_loss = 0.6245337128639221
eval_pearson = 0.8839968584282835
eval_runtime = 6.7741
eval_samples_per_second = 221.431
eval_spearmanr = 0.8879970212795604
