eval_combined_score = 0.9014562749517173
eval_loss = 0.42159029841423035
eval_pearson = 0.9019798044058002
eval_runtime = 6.6721
eval_samples_per_second = 224.817
eval_spearmanr = 0.9009327454976345
