eval_combined_score = 0.9010531910362942
eval_loss = 0.4932752251625061
eval_pearson = 0.901699829108436
eval_runtime = 6.6392
eval_samples_per_second = 225.932
eval_spearmanr = 0.9004065529641525
