eval_combined_score = 0.41126773436776065
eval_loss = 2.7275469303131104
eval_pearson = 0.3972158260853863
eval_runtime = 6.5423
eval_samples_per_second = 229.278
eval_spearmanr = 0.42531964265013505
