eval_combined_score = 0.45815813535024635
eval_loss = 2.8050851821899414
eval_pearson = 0.47341458643944495
eval_runtime = 7.7113
eval_samples_per_second = 194.521
eval_spearmanr = 0.44290168426104776
