eval_combined_score = 0.9014231314713845
eval_loss = 0.4404968321323395
eval_pearson = 0.901860017408261
eval_runtime = 6.4474
eval_samples_per_second = 232.652
eval_spearmanr = 0.9009862455345079
