eval_combined_score = 0.8933372781306104
eval_loss = 0.5338644981384277
eval_pearson = 0.8931265489493939
eval_runtime = 6.5046
eval_samples_per_second = 230.605
eval_spearmanr = 0.8935480073118267
