eval_combined_score = 0.8916435254726527
eval_loss = 0.5660015344619751
eval_pearson = 0.8914695999863582
eval_runtime = 6.6514
eval_samples_per_second = 225.517
eval_spearmanr = 0.8918174509589472
