eval_combined_score = 0.8775723068946695
eval_loss = 1.0162937641143799
eval_pearson = 0.8728903046528341
eval_runtime = 6.6895
eval_samples_per_second = 224.232
eval_spearmanr = 0.8822543091365047
