eval_combined_score = 0.8970671710640684
eval_loss = 0.4422617256641388
eval_pearson = 0.8975819644182307
eval_runtime = 6.5239
eval_samples_per_second = 229.923
eval_spearmanr = 0.8965523777099061
