eval_combined_score = 0.8974028972705799
eval_loss = 0.4415041506290436
eval_pearson = 0.897939073198231
eval_runtime = 6.4317
eval_samples_per_second = 233.221
eval_spearmanr = 0.8968667213429289
