eval_combined_score = 0.9020231983855954
eval_loss = 0.41801148653030396
eval_pearson = 0.9027737133168439
eval_runtime = 6.4872
eval_samples_per_second = 231.226
eval_spearmanr = 0.901272683454347
