eval_combined_score = 0.9022224124180394
eval_loss = 0.4335746765136719
eval_pearson = 0.903132529254786
eval_runtime = 6.5088
eval_samples_per_second = 230.458
eval_spearmanr = 0.9013122955812926
