eval_combined_score = 0.8909113688009194
eval_loss = 0.5707929730415344
eval_pearson = 0.8900495144313816
eval_runtime = 6.616
eval_samples_per_second = 226.722
eval_spearmanr = 0.8917732231704572
