eval_combined_score = 0.9012535633845431
eval_loss = 0.4269249737262726
eval_pearson = 0.9019967516693203
eval_runtime = 6.5511
eval_samples_per_second = 228.971
eval_spearmanr = 0.900510375099766
