eval_combined_score = 0.8637934936809941
eval_loss = 1.3931907415390015
eval_pearson = 0.8634618010407547
eval_runtime = 7.0231
eval_samples_per_second = 213.581
eval_spearmanr = 0.8641251863212336
