eval_combined_score = 0.8991416421482482
eval_loss = 0.44735562801361084
eval_pearson = 0.899830867910494
eval_runtime = 7.8212
eval_samples_per_second = 191.786
eval_spearmanr = 0.8984524163860024
