eval_combined_score = 0.8965350072854466
eval_loss = 0.49505871534347534
eval_pearson = 0.8949166588892306
eval_runtime = 6.5156
eval_samples_per_second = 230.217
eval_spearmanr = 0.8981533556816625
