eval_combined_score = 0.8996609938711897
eval_loss = 0.4331682026386261
eval_pearson = 0.9004878291003894
eval_runtime = 6.6156
eval_samples_per_second = 226.737
eval_spearmanr = 0.8988341586419901
