eval_combined_score = 0.8786070149259968
eval_loss = 0.5888895988464355
eval_pearson = 0.8762364529121667
eval_runtime = 7.2178
eval_samples_per_second = 207.821
eval_spearmanr = 0.880977576939827
