eval_combined_score = 0.9028348659098717
eval_loss = 0.4215981066226959
eval_pearson = 0.9037895354911692
eval_runtime = 6.5253
eval_samples_per_second = 229.876
eval_spearmanr = 0.9018801963285741
