eval_combined_score = 0.8748427584970352
eval_loss = 0.6933907866477966
eval_pearson = 0.8728905514779154
eval_runtime = 6.4785
eval_samples_per_second = 231.535
eval_spearmanr = 0.876794965516155
