eval_combined_score = 0.7982207072171943
eval_loss = 1.8264867067337036
eval_pearson = 0.7829984516565472
eval_runtime = 6.406
eval_samples_per_second = 234.154
eval_spearmanr = 0.8134429627778414
