eval_combined_score = 0.9010646966725323
eval_loss = 0.431414395570755
eval_pearson = 0.90132293974942
eval_runtime = 6.6182
eval_samples_per_second = 226.649
eval_spearmanr = 0.9008064535956446
