eval_combined_score = 0.5858439036441898
eval_loss = 4.42910623550415
eval_pearson = 0.5951126654801362
eval_runtime = 6.6477
eval_samples_per_second = 225.641
eval_spearmanr = 0.5765751418082435
