eval_combined_score = 0.8990216622916707
eval_loss = 0.5930563807487488
eval_pearson = 0.8993461660357749
eval_runtime = 6.6998
eval_samples_per_second = 223.887
eval_spearmanr = 0.8986971585475665
