eval_combined_score = 0.32988199892368264
eval_loss = 2.316164016723633
eval_pearson = 0.34852505441036175
eval_runtime = 6.6592
eval_samples_per_second = 225.254
eval_spearmanr = 0.31123894343700353
