eval_combined_score = 0.8998404980417956
eval_loss = 0.46380093693733215
eval_pearson = 0.8997218224313409
eval_runtime = 6.7102
eval_samples_per_second = 223.54
eval_spearmanr = 0.8999591736522503
