eval_combined_score = 0.9031429577122274
eval_loss = 0.43062320351600647
eval_pearson = 0.9043010179561026
eval_runtime = 6.6
eval_samples_per_second = 227.274
eval_spearmanr = 0.9019848974683521
