eval_combined_score = 0.8970201932144974
eval_loss = 0.650408148765564
eval_pearson = 0.8965648105739035
eval_runtime = 6.4724
eval_samples_per_second = 231.754
eval_spearmanr = 0.8974755758550913
