eval_combined_score = 0.7455311761120135
eval_loss = 1.0712190866470337
eval_pearson = 0.7462935026141791
eval_runtime = 7.9658
eval_samples_per_second = 188.304
eval_spearmanr = 0.7447688496098478
