eval_combined_score = 0.871259179526571
eval_loss = 1.028324842453003
eval_pearson = 0.8639591378726248
eval_runtime = 6.5985
eval_samples_per_second = 227.324
eval_spearmanr = 0.878559221180517
