eval_combined_score = 0.8885123767907017
eval_loss = 0.742845892906189
eval_pearson = 0.8861901484955845
eval_runtime = 7.7081
eval_samples_per_second = 194.599
eval_spearmanr = 0.8908346050858188
