eval_combined_score = 0.8483161209247773
eval_loss = 1.6201727390289307
eval_pearson = 0.8272184059757952
eval_runtime = 6.6119
eval_samples_per_second = 226.863
eval_spearmanr = 0.8694138358737593
