eval_combined_score = 0.8110940303572667
eval_loss = 1.3778066635131836
eval_pearson = 0.8126529742955659
eval_runtime = 7.0556
eval_samples_per_second = 212.598
eval_spearmanr = 0.8095350864189674
