eval_combined_score = 0.9002772705192806
eval_loss = 0.42731884121894836
eval_pearson = 0.9010723232310536
eval_runtime = 6.5725
eval_samples_per_second = 228.225
eval_spearmanr = 0.8994822178075077
