eval_combined_score = 0.8896153985069796
eval_loss = 0.5869066119194031
eval_pearson = 0.8878124050489135
eval_runtime = 6.7751
eval_samples_per_second = 221.4
eval_spearmanr = 0.8914183919650457
