eval_combined_score = 0.8924249988885629
eval_loss = 0.4634264409542084
eval_pearson = 0.8927684007286499
eval_runtime = 6.5537
eval_samples_per_second = 228.88
eval_spearmanr = 0.8920815970484757
