eval_combined_score = 0.8991837619178604
eval_loss = 0.5235921740531921
eval_pearson = 0.9000134384783445
eval_runtime = 6.5996
eval_samples_per_second = 227.286
eval_spearmanr = 0.8983540853573764
