eval_combined_score = 0.9025794101405731
eval_loss = 0.4206216633319855
eval_pearson = 0.9033757218842629
eval_runtime = 6.4665
eval_samples_per_second = 231.964
eval_spearmanr = 0.9017830983968834
