eval_combined_score = 0.9019583970901821
eval_loss = 0.4601309895515442
eval_pearson = 0.9029415593296017
eval_runtime = 6.5651
eval_samples_per_second = 228.481
eval_spearmanr = 0.9009752348507624
