eval_combined_score = 0.9028733130888922
eval_loss = 0.4283384680747986
eval_pearson = 0.90388413386214
eval_runtime = 6.589
eval_samples_per_second = 227.652
eval_spearmanr = 0.9018624923156444
