eval_combined_score = 0.7079691802148288
eval_loss = 3.3363254070281982
eval_pearson = 0.67436095120284
eval_runtime = 7.7132
eval_samples_per_second = 194.472
eval_spearmanr = 0.7415774092268176
