eval_combined_score = 0.8949709325214759
eval_loss = 0.4799093008041382
eval_pearson = 0.8930314372642054
eval_runtime = 6.729
eval_samples_per_second = 222.917
eval_spearmanr = 0.8969104277787462
