eval_combined_score = 0.8969748159708238
eval_loss = 0.5915473699569702
eval_pearson = 0.8969491453819698
eval_runtime = 7.5034
eval_samples_per_second = 199.909
eval_spearmanr = 0.8970004865596779
