eval_combined_score = 0.9006886120386147
eval_loss = 0.4299179017543793
eval_pearson = 0.9016719171479923
eval_runtime = 6.6069
eval_samples_per_second = 227.037
eval_spearmanr = 0.8997053069292371
