eval_combined_score = 0.8898056646805914
eval_loss = 0.557121992111206
eval_pearson = 0.889436448929349
eval_runtime = 6.5046
eval_samples_per_second = 230.605
eval_spearmanr = 0.8901748804318339
