eval_combined_score = 0.9030423584890122
eval_loss = 0.42130106687545776
eval_pearson = 0.9040463515012908
eval_runtime = 6.8394
eval_samples_per_second = 219.317
eval_spearmanr = 0.9020383654767337
