eval_combined_score = 0.8190195338775983
eval_loss = 0.9092854857444763
eval_pearson = 0.8188514782422325
eval_runtime = 7.1935
eval_samples_per_second = 208.523
eval_spearmanr = 0.819187589512964
