eval_combined_score = 0.8965698280819019
eval_loss = 0.4512197971343994
eval_pearson = 0.8973955672672155
eval_runtime = 6.6355
eval_samples_per_second = 226.056
eval_spearmanr = 0.8957440888965882
