eval_combined_score = 0.9018635440919458
eval_loss = 0.4286661446094513
eval_pearson = 0.9025729546333157
eval_runtime = 6.7042
eval_samples_per_second = 223.739
eval_spearmanr = 0.9011541335505758
