eval_combined_score = 0.8984954911290977
eval_loss = 0.46664127707481384
eval_pearson = 0.898625364864401
eval_runtime = 6.5587
eval_samples_per_second = 228.705
eval_spearmanr = 0.8983656173937942
