eval_combined_score = 0.8600269716465679
eval_loss = 0.6957867741584778
eval_pearson = 0.8598641742750249
eval_runtime = 6.7334
eval_samples_per_second = 222.769
eval_spearmanr = 0.860189769018111
