eval_combined_score = 0.706370209167315
eval_loss = 2.4062867164611816
eval_pearson = 0.7002744593160404
eval_runtime = 7.8161
eval_samples_per_second = 191.911
eval_spearmanr = 0.7124659590185897
