eval_combined_score = 0.9016464077834823
eval_loss = 0.4316123127937317
eval_pearson = 0.9022659080827233
eval_runtime = 6.6003
eval_samples_per_second = 227.261
eval_spearmanr = 0.9010269074842411
