eval_combined_score = 0.9023129924600521
eval_loss = 0.42603549361228943
eval_pearson = 0.9030269257959723
eval_runtime = 6.4926
eval_samples_per_second = 231.034
eval_spearmanr = 0.9015990591241321
