eval_combined_score = -0.7388596107314409
eval_loss = 9.006958961486816
eval_pearson = -0.7206358153228688
eval_runtime = 5.0146
eval_samples_per_second = 299.125
eval_spearmanr = -0.7570834061400129
