eval_combined_score = 0.5442978684712085
eval_loss = 18.48361587524414
eval_pearson = 0.537885920859275
eval_runtime = 5.0137
eval_samples_per_second = 299.179
eval_spearmanr = 0.550709816083142
