eval_combined_score = 0.5543007032156824
eval_loss = 8.831048011779785
eval_pearson = 0.5468192117082585
eval_runtime = 5.0417
eval_samples_per_second = 297.517
eval_spearmanr = 0.5617821947231061
