eval_combined_score = -0.7503304924184475
eval_loss = 16.384708404541016
eval_pearson = -0.7670356353754098
eval_runtime = 5.1391
eval_samples_per_second = 291.88
eval_spearmanr = -0.7336253494614852
