eval_accuracy = 0.7083333333333334
eval_combined_score = 0.7660185185185185
eval_f1 = 0.8237037037037037
eval_loss = 0.6337819695472717
eval_runtime = 1.539
eval_samples_per_second = 265.101
