eval_accuracy = 0.5490196078431373
eval_combined_score = 0.5522875816993464
eval_f1 = 0.5555555555555556
eval_loss = 0.6605279445648193
eval_runtime = 1.5206
eval_samples_per_second = 268.323
