eval_accuracy = 0.30392156862745096
eval_combined_score = 0.15890522875816993
eval_f1 = 0.013888888888888888
eval_loss = 0.836395263671875
eval_runtime = 1.5391
eval_samples_per_second = 265.089
