eval_accuracy = 0.6862745098039216
eval_combined_score = 0.7498427942605613
eval_f1 = 0.8134110787172011
eval_loss = 0.9576365947723389
eval_runtime = 1.517
eval_samples_per_second = 268.958
