eval_accuracy = 0.7549019607843137
eval_combined_score = 0.7852000578829318
eval_f1 = 0.8154981549815499
eval_loss = 0.6174591183662415
eval_runtime = 1.5375
eval_samples_per_second = 265.369
