eval_accuracy = 0.9136037595844669
eval_combined_score = 0.8986530534229975
eval_f1 = 0.8837023472615282
eval_loss = 0.4606393277645111
eval_runtime = 263.907
eval_samples_per_second = 153.198
