eval_accuracy = 0.9036606480336384
eval_combined_score = 0.885224078933198
eval_f1 = 0.8667875098327575
eval_loss = 0.3234955072402954
eval_runtime = 183.2172
eval_samples_per_second = 220.667
