eval_accuracy = 0.9109077417759089
eval_combined_score = 0.8955084574942652
eval_f1 = 0.8801091732126215
eval_loss = 0.427681565284729
eval_runtime = 184.4881
eval_samples_per_second = 219.147
