eval_accuracy = 0.9131832797427653
eval_combined_score = 0.8982355848072076
eval_f1 = 0.8832878898716499
eval_loss = 0.512786328792572
eval_runtime = 188.6943
eval_samples_per_second = 214.262
