eval_accuracy = 0.908459065050705
eval_combined_score = 0.8927204748554173
eval_f1 = 0.8769818846601296
eval_loss = 0.27752116322517395
eval_runtime = 187.9185
eval_samples_per_second = 215.146
