eval_accuracy = 0.9075933712589661
eval_combined_score = 0.8907652373908543
eval_f1 = 0.8739371035227427
eval_loss = 0.3570733666419983
eval_runtime = 192.0677
eval_samples_per_second = 210.499
