eval_accuracy = 0.9025228790502102
eval_combined_score = 0.8847736033743476
eval_f1 = 0.867024327698485
eval_loss = 0.4009568989276886
eval_runtime = 189.4733
eval_samples_per_second = 213.381
