eval_accuracy = 0.897180311649765
eval_combined_score = 0.8772596365894936
eval_f1 = 0.8573389615292221
eval_loss = 0.27284297347068787
eval_runtime = 184.169
eval_samples_per_second = 219.527
