eval_accuracy = 0.9132822161761068
eval_combined_score = 0.8983011187376806
eval_f1 = 0.8833200212992545
eval_loss = 0.5089325904846191
eval_runtime = 179.5476
eval_samples_per_second = 225.177
