eval_accuracy = 0.9120455107593372
eval_combined_score = 0.8965061188395334
eval_f1 = 0.8809667269197295
eval_loss = 0.4395517110824585
eval_runtime = 186.9499
eval_samples_per_second = 216.261
