eval_accuracy = 0.9007914914667327
eval_combined_score = 0.8820768903424618
eval_f1 = 0.863362289218191
eval_loss = 0.31907549500465393
eval_runtime = 194.088
eval_samples_per_second = 208.308
