eval_accuracy = 0.9069255503339104
eval_combined_score = 0.8904415056978545
eval_f1 = 0.8739574610617986
eval_loss = 0.32141003012657166
eval_runtime = 187.7017
eval_samples_per_second = 215.395
