eval_accuracy = 0.9126391293593866
eval_combined_score = 0.8977107766802243
eval_f1 = 0.8827824240010619
eval_loss = 0.5094342231750488
eval_runtime = 190.0683
eval_samples_per_second = 212.713
