eval_accuracy = 0.8797922334899827
eval_combined_score = 0.8522843486457701
eval_f1 = 0.8247764638015574
eval_loss = 0.3133542537689209
eval_runtime = 203.3954
eval_samples_per_second = 198.775
