eval_accuracy = 0.9124412564927035
eval_combined_score = 0.8975802889937676
eval_f1 = 0.8827193214948317
eval_loss = 0.5114709734916687
eval_runtime = 184.921
eval_samples_per_second = 218.634
