eval_accuracy = 0.8936433341578036
eval_combined_score = 0.8750593172791689
eval_f1 = 0.8564753004005341
eval_loss = 0.3189752697944641
eval_runtime = 188.9514
eval_samples_per_second = 213.97
