eval_accuracy = 0.8814741528567895
eval_combined_score = 0.8648374312180551
eval_f1 = 0.8482007095793207
eval_loss = 0.2939966022968292
eval_runtime = 190.1788
eval_samples_per_second = 212.589
