eval_accuracy = 0.9109077417759089
eval_combined_score = 0.8953082657583793
eval_f1 = 0.8797087897408495
eval_loss = 0.4392686188220978
eval_runtime = 190.5897
eval_samples_per_second = 212.131
