eval_accuracy = 0.9129112045510759
eval_combined_score = 0.8977781366887633
eval_f1 = 0.8826450688264507
eval_loss = 0.49854329228401184
eval_runtime = 179.9934
eval_samples_per_second = 224.619
