eval_accuracy = 0.9129359386594114
eval_combined_score = 0.8980583051852745
eval_f1 = 0.8831806717111377
eval_loss = 0.5234341025352478
eval_runtime = 186.903
eval_samples_per_second = 216.315
