eval_accuracy = 0.9108830076675736
eval_combined_score = 0.8948767030269285
eval_f1 = 0.8788703983862834
eval_loss = 0.44840705394744873
eval_runtime = 186.9372
eval_samples_per_second = 216.276
