eval_accuracy = 0.897056641108088
eval_combined_score = 0.8809589978707528
eval_f1 = 0.8648613546334176
eval_loss = 0.30762410163879395
eval_runtime = 196.6573
eval_samples_per_second = 205.586
