eval_accuracy = 0.9127380657927282
eval_combined_score = 0.8968508467839409
eval_f1 = 0.8809636277751535
eval_loss = 0.4691125154495239
eval_runtime = 193.2181
eval_samples_per_second = 209.245
