eval_accuracy = 0.910338857284195
eval_combined_score = 0.8940746094827622
eval_f1 = 0.8778103616813294
eval_loss = 0.45439422130584717
eval_runtime = 187.1006
eval_samples_per_second = 216.087
