eval_accuracy = 0.8969329705664111
eval_combined_score = 0.8777458715905271
eval_f1 = 0.8585587726146431
eval_loss = 0.2696342170238495
eval_runtime = 184.5751
eval_samples_per_second = 219.044
