eval_accuracy = 0.7891169923324264
eval_combined_score = 0.7805135523459885
eval_f1 = 0.7719101123595506
eval_loss = 0.4925655126571655
eval_runtime = 185.6081
eval_samples_per_second = 217.824
