eval_accuracy = 0.8961167449913431
eval_combined_score = 0.8791381230700069
eval_f1 = 0.8621595011486708
eval_loss = 0.27059364318847656
eval_runtime = 185.825
eval_samples_per_second = 217.57
