eval_accuracy = 0.9080138511006678
eval_combined_score = 0.8907908793154198
eval_f1 = 0.8735679075301718
eval_loss = 0.33364591002464294
eval_runtime = 187.4754
eval_samples_per_second = 215.655
