eval_accuracy = 0.9096215681424684
eval_combined_score = 0.8942218074843801
eval_f1 = 0.8788220468262917
eval_loss = 0.4242438077926636
eval_runtime = 187.8688
eval_samples_per_second = 215.203
