eval_accuracy = 0.8990353697749196
eval_combined_score = 0.8816427264571305
eval_f1 = 0.8642500831393415
eval_loss = 0.2998981773853302
eval_runtime = 200.3879
eval_samples_per_second = 201.759
