eval_accuracy = 0.9100915162008409
eval_combined_score = 0.8937245259400912
eval_f1 = 0.8773575356793414
eval_loss = 0.40566980838775635
eval_runtime = 189.6648
eval_samples_per_second = 213.166
