eval_accuracy = 0.8886223101657186
eval_combined_score = 0.86656330467366
eval_f1 = 0.8445042991816015
eval_loss = 0.32060152292251587
eval_runtime = 185.8572
eval_samples_per_second = 217.533
