eval_accuracy = 0.8822409102151867
eval_combined_score = 0.8656520469029203
eval_f1 = 0.849063183590654
eval_loss = 0.30177056789398193
eval_runtime = 193.5083
eval_samples_per_second = 208.932
