eval_accuracy = 0.9097699727924808
eval_combined_score = 0.8934501598553176
eval_f1 = 0.8771303469181544
eval_loss = 0.4244357645511627
eval_runtime = 187.0028
eval_samples_per_second = 216.2
