eval_accuracy = 0.865767994063814
eval_combined_score = 0.8457592579084521
eval_f1 = 0.8257505217530903
eval_loss = 0.3664434850215912
eval_runtime = 182.5762
eval_samples_per_second = 221.442
