eval_accuracy = 0.9128370022260698
eval_combined_score = 0.8977867960684456
eval_f1 = 0.8827365899108214
eval_loss = 0.5185725688934326
eval_runtime = 193.488
eval_samples_per_second = 208.954
