eval_accuracy = 0.891664605490972
eval_combined_score = 0.8709195299466901
eval_f1 = 0.8501744544024082
eval_loss = 0.305828720331192
eval_runtime = 199.7235
eval_samples_per_second = 202.43
