eval_accuracy = 0.9072223596339352
eval_combined_score = 0.8914776697954336
eval_f1 = 0.8757329799569322
eval_loss = 0.4306739568710327
eval_runtime = 186.9288
eval_samples_per_second = 216.286
