eval_accuracy = 0.8660400692555034
eval_combined_score = 0.8327757168665908
eval_f1 = 0.7995113644776781
eval_loss = 0.40737801790237427
eval_runtime = 185.1421
eval_samples_per_second = 218.373
