eval_accuracy = 0.9056146425921345
eval_combined_score = 0.8892369874518612
eval_f1 = 0.8728593323115879
eval_loss = 0.28651127219200134
eval_runtime = 185.7742
eval_samples_per_second = 217.63
