eval_accuracy = 0.9109324758842444
eval_combined_score = 0.8955992387733774
eval_f1 = 0.8802660016625105
eval_loss = 0.43874695897102356
eval_runtime = 182.6867
eval_samples_per_second = 221.308
