eval_accuracy = 0.9064308681672025
eval_combined_score = 0.8903143001006941
eval_f1 = 0.8741977320341858
eval_loss = 0.39075595140457153
eval_runtime = 181.1786
eval_samples_per_second = 223.15
