eval_accuracy = 0.9078901805589908
eval_combined_score = 0.8910948911300997
eval_f1 = 0.8742996017012085
eval_loss = 0.3364027142524719
eval_runtime = 185.8867
eval_samples_per_second = 217.498
