eval_accuracy = 0.9028691565669058
eval_combined_score = 0.8864115627521088
eval_f1 = 0.8699539689373117
eval_loss = 0.2979511022567749
eval_runtime = 188.2483
eval_samples_per_second = 214.77
