eval_accuracy = 0.9045263418253772
eval_combined_score = 0.8868837671186507
eval_f1 = 0.8692411924119241
eval_loss = 0.33726266026496887
eval_runtime = 192.8941
eval_samples_per_second = 209.597
