eval_accuracy = 0.9117487014593124
eval_combined_score = 0.8973978855401977
eval_f1 = 0.883047069621083
eval_loss = 0.4600558578968048
eval_runtime = 186.866
eval_samples_per_second = 216.358
