eval_accuracy = 0.9085085332673757
eval_combined_score = 0.8917352523349351
eval_f1 = 0.8749619714024947
eval_loss = 0.42083337903022766
eval_runtime = 186.3699
eval_samples_per_second = 216.934
