eval_accuracy = 0.9060598565421717
eval_combined_score = 0.8915815720712412
eval_f1 = 0.8771032876003108
eval_loss = 0.4425570070743561
eval_runtime = 187.0999
eval_samples_per_second = 216.088
