eval_accuracy = 0.9078407123423201
eval_combined_score = 0.8935548581477009
eval_f1 = 0.8792690039530815
eval_loss = 0.3666858375072479
eval_runtime = 184.2214
eval_samples_per_second = 219.464
