eval_accuracy = 0.6101083032490975
eval_loss = 0.6593786478042603
eval_runtime = 1.0665
eval_samples_per_second = 259.731
