eval_accuracy = 0.5812274368231047
eval_loss = 0.8148143291473389
eval_runtime = 1.0388
eval_samples_per_second = 266.659
