eval_accuracy = 0.4729241877256318
eval_loss = 1.135704517364502
eval_runtime = 1.04
eval_samples_per_second = 266.351
