eval_accuracy = 0.5884476534296029
eval_loss = 0.6706119775772095
eval_runtime = 1.047
eval_samples_per_second = 264.575
