eval_accuracy = 0.6101083032490975
eval_loss = 0.6706905364990234
eval_runtime = 1.0718
eval_samples_per_second = 258.443
