eval_accuracy = 0.4693140794223827
eval_loss = 0.7420322895050049
eval_runtime = 1.0386
eval_samples_per_second = 266.717
