eval_accuracy = 0.5884476534296029
eval_loss = 0.6794979572296143
eval_runtime = 1.0325
eval_samples_per_second = 268.285
