eval_accuracy = 0.6028880866425993
eval_loss = 0.6756822466850281
eval_runtime = 1.0421
eval_samples_per_second = 265.819
