eval_accuracy = 0.6101083032490975
eval_loss = 0.6593562960624695
eval_runtime = 1.0886
eval_samples_per_second = 254.464
