eval_accuracy = 0.5703971119133574
eval_loss = 0.779315173625946
eval_runtime = 1.0785
eval_samples_per_second = 256.848
