eval_accuracy = 0.6101083032490975
eval_loss = 0.6592815518379211
eval_runtime = 1.1901
eval_samples_per_second = 232.747
