eval_accuracy = 0.5776173285198556
eval_loss = 0.8275259733200073
eval_runtime = 1.0397
eval_samples_per_second = 266.414
