eval_accuracy = 0.6028880866425993
eval_loss = 0.6634801030158997
eval_runtime = 1.0475
eval_samples_per_second = 264.45
