eval_loss = 0.48425719141960144
eval_matthews_correlation = 0.5704260999182836
eval_runtime = 3.9377
eval_samples_per_second = 264.879
