eval_loss = 0.537595272064209
eval_matthews_correlation = 0.3299070845681656
eval_runtime = 3.9492
eval_samples_per_second = 264.103
