eval_loss = 0.4638236463069916
eval_matthews_correlation = 0.5701181924229938
eval_runtime = 4.5443
eval_samples_per_second = 229.517
