eval_loss = 0.4881210923194885
eval_matthews_correlation = 0.5600481335616141
eval_runtime = 4.2832
eval_samples_per_second = 243.508
