eval_loss = 0.44199657440185547
eval_matthews_correlation = 0.5653604748370356
eval_runtime = 4.1211
eval_samples_per_second = 253.086
