eval_loss = 0.5465059876441956
eval_matthews_correlation = 0.31430938328285485
eval_runtime = 4.1214
eval_samples_per_second = 253.071
