eval_loss = 0.6043382287025452
eval_matthews_correlation = 0.0463559874942472
eval_runtime = 3.9443
eval_samples_per_second = 264.433
