eval_loss = 0.4798651933670044
eval_matthews_correlation = 0.5552845087956161
eval_runtime = 3.9976
eval_samples_per_second = 260.904
