eval_loss = 0.48062193393707275
eval_matthews_correlation = 0.5651937994450119
eval_runtime = 3.9325
eval_samples_per_second = 265.228
