eval_loss = 0.47017884254455566
eval_matthews_correlation = 0.4805167046056679
eval_runtime = 4.3685
eval_samples_per_second = 238.755
