eval_loss = 0.4729265570640564
eval_matthews_correlation = 0.570240121346637
eval_runtime = 3.9456
eval_samples_per_second = 264.347
