eval_loss = 0.46168965101242065
eval_matthews_correlation = 0.5649812173768567
eval_runtime = 3.9417
eval_samples_per_second = 264.604
