eval_loss = 0.4870193600654602
eval_matthews_correlation = 0.5520922661403441
eval_runtime = 3.9421
eval_samples_per_second = 264.58
