eval_loss = 0.5046787261962891
eval_matthews_correlation = 0.5659520425514886
eval_runtime = 3.9432
eval_samples_per_second = 264.503
