eval_loss = 0.4650600254535675
eval_matthews_correlation = 0.5675517176765141
eval_runtime = 3.9428
eval_samples_per_second = 264.53
