eval_loss = 0.48414313793182373
eval_matthews_correlation = 0.532480370921418
eval_runtime = 4.1758
eval_samples_per_second = 249.773
