eval_loss = 0.4811595380306244
eval_matthews_correlation = 0.570240121346637
eval_runtime = 3.9905
eval_samples_per_second = 261.372
