eval_loss = 0.5994260311126709
eval_matthews_correlation = 0.08036809130702588
eval_runtime = 3.9357
eval_samples_per_second = 265.011
