eval_loss = 0.46451517939567566
eval_matthews_correlation = 0.570240121346637
eval_runtime = 3.9402
eval_samples_per_second = 264.706
