eval_loss = 0.4644891619682312
eval_matthews_correlation = 0.5649960305097885
eval_runtime = 4.0106
eval_samples_per_second = 260.061
