eval_loss = 0.4682643413543701
eval_matthews_correlation = 0.5649960305097885
eval_runtime = 3.9411
eval_samples_per_second = 264.645
