eval_loss = 0.5151955485343933
eval_matthews_correlation = 0.5231813591910682
eval_runtime = 4.0186
eval_samples_per_second = 259.543
