eval_loss = 0.4742880165576935
eval_matthews_correlation = 0.5676145457477023
eval_runtime = 3.9594
eval_samples_per_second = 263.426
