eval_loss = 0.47324761748313904
eval_matthews_correlation = 0.5676145457477023
eval_runtime = 3.9721
eval_samples_per_second = 262.584
