eval_loss = 0.4439895749092102
eval_matthews_correlation = 0.5546576947515798
eval_runtime = 4.2194
eval_samples_per_second = 247.194
