eval_loss = 0.47717198729515076
eval_matthews_correlation = 0.5393987037492279
eval_runtime = 4.756
eval_samples_per_second = 219.302
