eval_loss = 0.48628973960876465
eval_matthews_correlation = 0.5296111755015093
eval_runtime = 4.2289
eval_samples_per_second = 246.636
