eval_loss = 0.4697168469429016
eval_matthews_correlation = 0.5469451017688902
eval_runtime = 4.0396
eval_samples_per_second = 258.197
