eval_loss = 0.4726714491844177
eval_matthews_correlation = 0.5676145457477023
eval_runtime = 3.9364
eval_samples_per_second = 264.96
