eval_loss = 0.5886378884315491
eval_matthews_correlation = 0.1419750597825623
eval_runtime = 4.2993
eval_samples_per_second = 242.598
