eval_loss = 0.48658859729766846
eval_matthews_correlation = 0.4528085001256977
eval_runtime = 3.9256
eval_samples_per_second = 265.693
