eval_loss = 0.4458327889442444
eval_matthews_correlation = 0.5496311083440725
eval_runtime = 3.9644
eval_samples_per_second = 263.092
