eval_loss = 0.5564432144165039
eval_matthews_correlation = 0.3785438722225846
eval_runtime = 4.1732
eval_samples_per_second = 249.928
