eval_loss = 0.47278428077697754
eval_matthews_correlation = 0.5546666671852067
eval_runtime = 3.9338
eval_samples_per_second = 265.139
