eval_loss = 0.47386178374290466
eval_matthews_correlation = 0.5650034395953757
eval_runtime = 3.9368
eval_samples_per_second = 264.939
