eval_loss = 0.4869439899921417
eval_matthews_correlation = 0.5574687097445571
eval_runtime = 4.0772
eval_samples_per_second = 255.814
