eval_loss = 0.470823734998703
eval_matthews_correlation = 0.5676145457477023
eval_runtime = 4.2924
eval_samples_per_second = 242.985
