eval_loss = 0.4748826026916504
eval_matthews_correlation = 0.5598239422810317
eval_runtime = 4.3617
eval_samples_per_second = 239.126
