eval_loss = 0.5577991008758545
eval_matthews_correlation = 0.3137830618286813
eval_runtime = 3.966
eval_samples_per_second = 262.984
