eval_loss = 0.49823635816574097
eval_matthews_correlation = 0.45980625479422976
eval_runtime = 3.965
eval_samples_per_second = 263.054
