eval_loss = 0.4761337339878082
eval_matthews_correlation = 0.570240121346637
eval_runtime = 3.9297
eval_samples_per_second = 265.412
