eval_loss = 0.5988259315490723
eval_matthews_correlation = 0.06558874629318973
eval_runtime = 3.9784
eval_samples_per_second = 262.169
