eval_loss = 0.4648216962814331
eval_matthews_correlation = 0.5649812173768567
eval_runtime = 4.0852
eval_samples_per_second = 255.31
