eval_loss = 0.48382923007011414
eval_matthews_correlation = 0.5552845087956161
eval_runtime = 4.4874
eval_samples_per_second = 232.426
