eval_loss = 0.4737726151943207
eval_matthews_correlation = 0.5624034645452709
eval_runtime = 4.1406
eval_samples_per_second = 251.897
