eval_loss = 0.4730498194694519
eval_matthews_correlation = 0.557240254761928
eval_runtime = 4.5286
eval_samples_per_second = 230.313
