eval_loss = 0.6458740234375
eval_matthews_correlation = -0.020702674026557004
eval_runtime = 3.9393
eval_samples_per_second = 264.769
