eval_loss = 0.47049352526664734
eval_matthews_correlation = 0.5650034395953757
eval_runtime = 3.9932
eval_samples_per_second = 261.196
