eval_loss = 0.4523971378803253
eval_matthews_correlation = 0.567550266689718
eval_runtime = 4.5823
eval_samples_per_second = 227.617
