eval_loss = 0.4831353724002838
eval_matthews_correlation = 0.570240121346637
eval_runtime = 3.9725
eval_samples_per_second = 262.555
