eval_loss = 0.5869014263153076
eval_matthews_correlation = 0.15299985779859826
eval_runtime = 3.944
eval_samples_per_second = 264.451
