eval_loss = 0.4970274865627289
eval_matthews_correlation = 0.5166220990422205
eval_runtime = 3.9449
eval_samples_per_second = 264.39
