eval_loss = 0.5128653049468994
eval_matthews_correlation = 0.4175532584555401
eval_runtime = 4.7369
eval_samples_per_second = 220.187
