eval_loss = 0.6056104898452759
eval_matthews_correlation = 0.08397945416660721
eval_runtime = 3.9661
eval_samples_per_second = 262.981
