eval_loss = 0.4496932029724121
eval_matthews_correlation = 0.5420036503219092
eval_runtime = 3.9405
eval_samples_per_second = 264.686
