eval_loss = 0.47282230854034424
eval_matthews_correlation = 0.5676145457477023
eval_runtime = 3.9403
eval_samples_per_second = 264.699
