eval_loss = 0.5975719094276428
eval_matthews_correlation = 0.1664232041408147
eval_runtime = 4.6175
eval_samples_per_second = 225.88
