eval_loss = 0.4539848864078522
eval_matthews_correlation = 0.5418104520202982
eval_runtime = 4.0332
eval_samples_per_second = 258.604
