eval_loss = 0.4743119180202484
eval_matthews_correlation = 0.5676145457477023
eval_runtime = 3.9818
eval_samples_per_second = 261.943
