eval_loss = 0.446817547082901
eval_matthews_correlation = 0.5675682416159784
eval_runtime = 3.9538
eval_samples_per_second = 263.798
