eval_loss = 0.44853344559669495
eval_matthews_correlation = 0.5649960305097885
eval_runtime = 3.9981
eval_samples_per_second = 260.875
