eval_loss = 0.4656118154525757
eval_matthews_correlation = 0.5650034395953757
eval_runtime = 4.3414
eval_samples_per_second = 240.243
