eval_loss = 0.4807923138141632
eval_matthews_correlation = 0.5677601756676588
eval_runtime = 4.1589
eval_samples_per_second = 250.785
