eval_loss = 0.46674612164497375
eval_matthews_correlation = 0.5338774230813111
eval_runtime = 4.2043
eval_samples_per_second = 248.076
