eval_loss = 0.4778771698474884
eval_matthews_correlation = 0.562537539158554
eval_runtime = 4.5293
eval_samples_per_second = 230.278
