eval_loss = 0.42120635509490967
eval_matthews_correlation = 0.57368884664922
eval_runtime = 4.0731
eval_samples_per_second = 256.071
