eval_loss = 0.4847775101661682
eval_matthews_correlation = 0.5296111755015093
eval_runtime = 4.1022
eval_samples_per_second = 254.252
