eval_loss = 0.4476318359375
eval_matthews_correlation = 0.5600900419522739
eval_runtime = 3.9478
eval_samples_per_second = 264.197
