eval_loss = 0.4664410650730133
eval_matthews_correlation = 0.570240121346637
eval_runtime = 4.0624
eval_samples_per_second = 256.742
