eval_loss = 0.4778687059879303
eval_matthews_correlation = 0.5421480530675332
eval_runtime = 4.2163
eval_samples_per_second = 247.372
