eval_accuracy = 0.7524509803921569
eval_combined_score = 0.7874732933595231
eval_f1 = 0.8224956063268893
eval_loss = 0.5084214806556702
eval_runtime = 1.5912
eval_samples_per_second = 256.406
