eval_accuracy = 0.6225490196078431
eval_combined_score = 0.6362745098039215
eval_f1 = 0.65
eval_loss = 0.6973610520362854
eval_runtime = 2.466
eval_samples_per_second = 165.449
