eval_accuracy = 0.7647058823529411
eval_combined_score = 0.8023529411764705
eval_f1 = 0.84
eval_loss = 0.5192998647689819
eval_runtime = 1.5706
eval_samples_per_second = 259.772
