eval_accuracy = 0.7328431372549019
eval_combined_score = 0.7732591754650577
eval_f1 = 0.8136752136752137
eval_loss = 0.5683469176292419
eval_runtime = 1.8108
eval_samples_per_second = 225.314
