eval_accuracy = 0.7524509803921569
eval_combined_score = 0.7899007038712921
eval_f1 = 0.8273504273504273
eval_loss = 0.5097240209579468
eval_runtime = 1.6679
eval_samples_per_second = 244.614
