eval_accuracy = 0.7230392156862745
eval_combined_score = 0.7566958601622467
eval_f1 = 0.7903525046382189
eval_loss = 0.5353174805641174
eval_runtime = 1.5157
eval_samples_per_second = 269.189
