eval_accuracy = 0.7524509803921569
eval_combined_score = 0.7901948258008484
eval_f1 = 0.8279386712095401
eval_loss = 0.5230219960212708
eval_runtime = 1.6128
eval_samples_per_second = 252.982
