eval_accuracy = 0.7254901960784313
eval_combined_score = 0.7771181867242309
eval_f1 = 0.8287461773700305
eval_loss = 0.5728815197944641
eval_runtime = 1.5189
eval_samples_per_second = 268.609
