eval_accuracy = 0.7256317689530686
eval_loss = 0.895185112953186
eval_runtime = 1.3439
eval_samples_per_second = 206.115
