eval_accuracy = 0.6823104693140795
eval_loss = 0.6276165843009949
eval_runtime = 1.3663
eval_samples_per_second = 202.743
