eval_accuracy = 0.7328519855595668
eval_loss = 1.1041873693466187
eval_runtime = 1.4734
eval_samples_per_second = 188.004
