eval_accuracy = 0.5884476534296029
eval_loss = 0.6808257699012756
eval_runtime = 1.0441
eval_samples_per_second = 265.301
