eval_accuracy = 0.6498194945848376
eval_loss = 0.998083233833313
eval_runtime = 1.0445
eval_samples_per_second = 265.195
