eval_accuracy = 0.5703971119133574
eval_loss = 0.7225218415260315
eval_runtime = 1.0489
eval_samples_per_second = 264.087
