eval_accuracy = 0.5776173285198556
eval_loss = 0.6994190216064453
eval_runtime = 1.0465
eval_samples_per_second = 264.687
