eval_accuracy = 0.7075812274368231
eval_loss = 0.6353795528411865
eval_runtime = 1.0445
eval_samples_per_second = 265.202
