eval_accuracy = 0.5018050541516246
eval_loss = 0.6924418807029724
eval_runtime = 1.0369
eval_samples_per_second = 267.147
