eval_accuracy = 0.4729241877256318
eval_loss = 0.837323009967804
eval_runtime = 1.0311
eval_samples_per_second = 268.642
