eval_accuracy = 0.5487364620938628
eval_loss = 0.686041533946991
eval_runtime = 1.0518
eval_samples_per_second = 263.362
