eval_accuracy = 0.6714801444043321
eval_loss = 0.6839523315429688
eval_runtime = 1.0341
eval_samples_per_second = 267.868
