eval_accuracy = 0.5703971119133574
eval_loss = 0.7068185210227966
eval_runtime = 1.0477
eval_samples_per_second = 264.401
