eval_accuracy = 0.6642599277978339
eval_loss = 0.6644178032875061
eval_runtime = 1.0478
eval_samples_per_second = 264.37
