eval_accuracy = 0.6678700361010831
eval_loss = 0.6455684900283813
eval_runtime = 1.0416
eval_samples_per_second = 265.941
