eval_accuracy = 0.6498194945848376
eval_loss = 0.6478067636489868
eval_runtime = 1.0338
eval_samples_per_second = 267.951
