eval_accuracy = 0.6642599277978339
eval_loss = 0.6169080138206482
eval_runtime = 1.0413
eval_samples_per_second = 266.008
