eval_accuracy = 0.5270758122743683
eval_loss = 1.0541503429412842
eval_runtime = 1.0529
eval_samples_per_second = 263.071
