eval_accuracy = 0.6931407942238267
eval_loss = 0.6308591961860657
eval_runtime = 1.0455
eval_samples_per_second = 264.95
