eval_accuracy = 0.555956678700361
eval_loss = 0.6776598691940308
eval_runtime = 1.037
eval_samples_per_second = 267.127
