eval_accuracy = 0.6353790613718412
eval_loss = 0.6813706159591675
eval_runtime = 1.1145
eval_samples_per_second = 248.543
