eval_accuracy = 0.5126353790613718
eval_loss = 0.7066550850868225
eval_runtime = 1.0456
eval_samples_per_second = 264.928
