eval_accuracy = 0.48014440433212996
eval_loss = 0.7272335886955261
eval_runtime = 1.2208
eval_samples_per_second = 226.906
