eval_accuracy = 0.6931407942238267
eval_loss = 0.6318446397781372
eval_runtime = 1.0392
eval_samples_per_second = 266.554
