eval_accuracy = 0.6498194945848376
eval_loss = 0.6714004874229431
eval_runtime = 1.0423
eval_samples_per_second = 265.764
