eval_accuracy = 0.6642599277978339
eval_loss = 0.6628887057304382
eval_runtime = 1.0415
eval_samples_per_second = 265.959
