eval_accuracy = 0.6173285198555957
eval_loss = 0.6535176038742065
eval_runtime = 1.0386
eval_samples_per_second = 266.693
