eval_accuracy = 0.6064981949458483
eval_loss = 0.6493785977363586
eval_runtime = 1.124
eval_samples_per_second = 246.434
