eval_accuracy = 0.5379061371841155
eval_loss = 0.9494423866271973
eval_runtime = 1.0298
eval_samples_per_second = 268.993
