eval_accuracy = 0.5740072202166066
eval_loss = 0.691677451133728
eval_runtime = 1.0363
eval_samples_per_second = 267.287
