eval_accuracy = 0.6895306859205776
eval_loss = 0.6328340768814087
eval_runtime = 1.0447
eval_samples_per_second = 265.137
