eval_accuracy = 0.6028880866425993
eval_loss = 0.7034273147583008
eval_runtime = 1.0272
eval_samples_per_second = 269.659
