eval_accuracy = 0.6750902527075813
eval_loss = 0.6613994836807251
eval_runtime = 1.0486
eval_samples_per_second = 264.159
