eval_accuracy = 0.6678700361010831
eval_loss = 0.6654725074768066
eval_runtime = 1.5598
eval_samples_per_second = 177.582
