eval_accuracy = 0.5270758122743683
eval_loss = 0.8134522438049316
eval_runtime = 1.0428
eval_samples_per_second = 265.634
