eval_accuracy = 0.5703971119133574
eval_loss = 0.682379424571991
eval_runtime = 1.0393
eval_samples_per_second = 266.525
