eval_accuracy = 0.5740072202166066
eval_loss = 0.6980928778648376
eval_runtime = 1.1818
eval_samples_per_second = 234.381
