eval_accuracy = 0.5740072202166066
eval_loss = 0.6897901296615601
eval_runtime = 1.0704
eval_samples_per_second = 258.787
