eval_accuracy = 0.631768953068592
eval_loss = 0.7441430687904358
eval_runtime = 1.0893
eval_samples_per_second = 254.298
