eval_accuracy = 0.6895306859205776
eval_loss = 0.6231619119644165
eval_runtime = 1.0446
eval_samples_per_second = 265.17
