eval_accuracy = 0.5703971119133574
eval_loss = 0.6691852807998657
eval_runtime = 1.0378
eval_samples_per_second = 266.903
