eval_accuracy = 0.6714801444043321
eval_loss = 0.8554900884628296
eval_runtime = 1.1329
eval_samples_per_second = 244.506
