eval_accuracy = 0.6859205776173285
eval_loss = 0.7802606821060181
eval_runtime = 1.037
eval_samples_per_second = 267.118
