eval_accuracy = 0.6498194945848376
eval_loss = 0.7968712449073792
eval_runtime = 1.0417
eval_samples_per_second = 265.922
