eval_accuracy = 0.5451263537906137
eval_loss = 0.7092249989509583
eval_runtime = 1.0727
eval_samples_per_second = 258.236
