eval_accuracy = 0.5523465703971119
eval_loss = 0.6918547749519348
eval_runtime = 1.0472
eval_samples_per_second = 264.515
