eval_accuracy = 0.6895306859205776
eval_loss = 0.7694000005722046
eval_runtime = 1.0324
eval_samples_per_second = 268.319
