eval_accuracy = 0.5631768953068592
eval_loss = 0.9662581086158752
eval_runtime = 1.0509
eval_samples_per_second = 263.595
