eval_accuracy = 0.6425992779783394
eval_loss = 0.6386029124259949
eval_runtime = 1.0477
eval_samples_per_second = 264.378
