eval_accuracy = 0.6570397111913358
eval_loss = 0.6624882817268372
eval_runtime = 1.0555
eval_samples_per_second = 262.444
