eval_accuracy = 0.6028880866425993
eval_loss = 0.7728926539421082
eval_runtime = 1.0479
eval_samples_per_second = 264.34
