eval_accuracy = 0.6245487364620939
eval_loss = 0.6672273874282837
eval_runtime = 1.0565
eval_samples_per_second = 262.199
