eval_accuracy = 0.6028880866425993
eval_loss = 0.663752555847168
eval_runtime = 1.0363
eval_samples_per_second = 267.294
