eval_accuracy = 0.5992779783393501
eval_loss = 0.6729443669319153
eval_runtime = 1.2782
eval_samples_per_second = 216.716
