eval_accuracy = 0.6895306859205776
eval_loss = 0.7962029576301575
eval_runtime = 1.1638
eval_samples_per_second = 238.013
