eval_accuracy = 0.6064981949458483
eval_loss = 0.6820160746574402
eval_runtime = 1.0389
eval_samples_per_second = 266.633
