eval_accuracy = 0.5342960288808665
eval_loss = 0.8097836375236511
eval_runtime = 1.0347
eval_samples_per_second = 267.699
