eval_accuracy = 0.6498194945848376
eval_loss = 0.7969536781311035
eval_runtime = 1.0363
eval_samples_per_second = 267.305
