eval_accuracy = 0.6714801444043321
eval_loss = 0.8592033982276917
eval_runtime = 1.0422
eval_samples_per_second = 265.772
