eval_accuracy = 0.555956678700361
eval_loss = 0.6820026636123657
eval_runtime = 1.046
eval_samples_per_second = 264.823
