eval_accuracy = 0.5812274368231047
eval_loss = 0.665817141532898
eval_runtime = 1.0537
eval_samples_per_second = 262.871
