eval_accuracy = 0.6389891696750902
eval_loss = 0.8053775429725647
eval_runtime = 1.0385
eval_samples_per_second = 266.742
