eval_accuracy = 0.5523465703971119
eval_loss = 0.6860226392745972
eval_runtime = 1.0669
eval_samples_per_second = 259.625
