eval_accuracy = 0.5992779783393501
eval_loss = 0.7644192576408386
eval_runtime = 1.0427
eval_samples_per_second = 265.654
