eval_accuracy = 0.6678700361010831
eval_loss = 0.7367057204246521
eval_runtime = 1.0792
eval_samples_per_second = 256.668
