eval_accuracy = 0.6534296028880866
eval_loss = 0.7167454361915588
eval_runtime = 1.0654
eval_samples_per_second = 260.0
