eval_accuracy = 0.6462093862815884
eval_loss = 0.705108106136322
eval_runtime = 1.1762
eval_samples_per_second = 235.502
