eval_accuracy = 0.6028880866425993
eval_loss = 0.7046380043029785
eval_runtime = 1.0747
eval_samples_per_second = 257.752
