eval_accuracy = 0.8958941380163246
eval_combined_score = 0.8759712832425752
eval_f1 = 0.8560484284688259
eval_loss = 0.28431960940361023
eval_runtime = 176.721
eval_samples_per_second = 228.779
