eval_accuracy = 0.8274548602522879
eval_combined_score = 0.8170319322330413
eval_f1 = 0.8066090042137947
eval_loss = 0.4024934470653534
eval_runtime = 176.8218
eval_samples_per_second = 228.648
