eval_accuracy = 0.8088548107840713
eval_combined_score = 0.7998310110441389
eval_f1 = 0.7908072113042066
eval_loss = 0.6257594227790833
eval_runtime = 177.4649
eval_samples_per_second = 227.82
