eval_accuracy = 0.8475636903289636
eval_combined_score = 0.833697944208537
eval_f1 = 0.8198321980881106
eval_loss = 0.33989617228507996
eval_runtime = 174.4893
eval_samples_per_second = 231.705
