eval_accuracy = 0.8996289883749691
eval_combined_score = 0.8836241112032084
eval_f1 = 0.8676192340314478
eval_loss = 0.2730151414871216
eval_runtime = 178.1707
eval_samples_per_second = 226.917
