eval_accuracy = 0.9011377689834281
eval_combined_score = 0.8846400750700137
eval_f1 = 0.8681423811565994
eval_loss = 0.2669406533241272
eval_runtime = 182.0446
eval_samples_per_second = 222.088
