eval_accuracy = 0.853227801137769
eval_combined_score = 0.8407482989019285
eval_f1 = 0.828268796666088
eval_loss = 0.3554762005805969
eval_runtime = 194.4401
eval_samples_per_second = 207.93
