eval_accuracy = 0.8930497155577541
eval_combined_score = 0.8774602015049184
eval_f1 = 0.8618706874520827
eval_loss = 0.2781531512737274
eval_runtime = 194.4728
eval_samples_per_second = 207.895
