eval_accuracy = 0.8984170170665348
eval_combined_score = 0.8834143974826763
eval_f1 = 0.8684117778988177
eval_loss = 0.27028387784957886
eval_runtime = 182.4471
eval_samples_per_second = 221.599
