eval_accuracy = 0.9003215434083601
eval_combined_score = 0.8851146099119405
eval_f1 = 0.8699076764155208
eval_loss = 0.2606002688407898
eval_runtime = 176.8464
eval_samples_per_second = 228.617
