eval_accuracy = 0.8734108335394509
eval_combined_score = 0.8599000863177175
eval_f1 = 0.8463893390959841
eval_loss = 0.31419551372528076
eval_runtime = 176.9371
eval_samples_per_second = 228.499
