eval_accuracy = 0.7715557754142963
eval_combined_score = 0.7662334921596462
eval_f1 = 0.7609112089049961
eval_loss = 0.616962194442749
eval_runtime = 174.3849
eval_samples_per_second = 231.843
