eval_accuracy = 0.8242146920603513
eval_combined_score = 0.7623412567647818
eval_f1 = 0.7004678214692123
eval_loss = 0.558878481388092
eval_runtime = 175.8714
eval_samples_per_second = 229.884
