eval_accuracy = 0.8620826119218402
eval_combined_score = 0.8327268973284354
eval_f1 = 0.8033711827350307
eval_loss = 0.34350574016571045
eval_runtime = 180.1399
eval_samples_per_second = 224.437
