eval_accuracy = 0.7947247706422018
eval_loss = 0.47318360209465027
eval_runtime = 3.3154
eval_samples_per_second = 263.018
