eval_accuracy = 0.6714801444043321
eval_loss = 0.7298731207847595
eval_runtime = 1.0497
eval_samples_per_second = 263.875
