eval_accuracy = 0.592057761732852
eval_loss = 0.7770662307739258
eval_runtime = 1.2046
eval_samples_per_second = 229.955
