eval_accuracy = 0.4729241877256318
eval_loss = 1.0015102624893188
eval_runtime = 1.2511
eval_samples_per_second = 221.405
