eval_combined_score = 0.7268155457595448
eval_loss = 2.3457300662994385
eval_pearson = 0.7156077696900791
eval_runtime = 5.7428
eval_samples_per_second = 261.196
eval_spearmanr = 0.7380233218290104
