eval_combined_score = 0.8090566241227926
eval_loss = 1.1662240028381348
eval_pearson = 0.8036065979018866
eval_runtime = 6.0129
eval_samples_per_second = 249.462
eval_spearmanr = 0.8145066503436984
