eval_combined_score = 0.8305859953364849
eval_loss = 0.8102348446846008
eval_pearson = 0.8170172593969476
eval_runtime = 5.5914
eval_samples_per_second = 268.27
eval_spearmanr = 0.8441547312760221
