eval_combined_score = 0.8343106888908839
eval_loss = 1.3267872333526611
eval_pearson = 0.8269523101406273
eval_runtime = 5.5495
eval_samples_per_second = 270.293
eval_spearmanr = 0.8416690676411405
