eval_combined_score = 0.7540378048086165
eval_loss = 2.295732021331787
eval_pearson = 0.7045346422736476
eval_runtime = 5.5433
eval_samples_per_second = 270.596
eval_spearmanr = 0.8035409673435855
