eval_combined_score = 0.826571467852141
eval_loss = 0.9390929937362671
eval_pearson = 0.8104468161757015
eval_runtime = 5.7647
eval_samples_per_second = 260.205
eval_spearmanr = 0.8426961195285805
