eval_combined_score = 0.7785503865755821
eval_loss = 1.435044288635254
eval_pearson = 0.7449690105145317
eval_runtime = 5.6333
eval_samples_per_second = 266.275
eval_spearmanr = 0.8121317626366323
