eval_combined_score = -0.42194171864883667
eval_loss = 4.626598358154297
eval_pearson = -0.46334535651720027
eval_runtime = 5.705
eval_samples_per_second = 262.926
eval_spearmanr = -0.3805380807804731
