eval_combined_score = 0.761091846316952
eval_loss = 1.4416441917419434
eval_pearson = 0.7675958042280911
eval_runtime = 5.499
eval_samples_per_second = 272.776
eval_spearmanr = 0.7545878884058129
