eval_combined_score = 0.6938526483282477
eval_loss = 1.3019452095031738
eval_pearson = 0.7067254028965073
eval_runtime = 6.3572
eval_samples_per_second = 235.953
eval_spearmanr = 0.6809798937599881
