eval_combined_score = -0.3711002585762232
eval_loss = 6.1371684074401855
eval_pearson = -0.36045279517988454
eval_runtime = 5.5997
eval_samples_per_second = 267.872
eval_spearmanr = -0.3817477219725619
