eval_combined_score = 0.6648194470482434
eval_loss = 1.271897315979004
eval_pearson = 0.7391354074022334
eval_runtime = 5.6081
eval_samples_per_second = 267.469
eval_spearmanr = 0.5905034866942532
