eval_combined_score = 0.23456697808998472
eval_loss = 2.2869997024536133
eval_pearson = 0.2299051200544432
eval_runtime = 5.5613
eval_samples_per_second = 269.719
eval_spearmanr = 0.23922883612552623
