eval_combined_score = 0.7850504425015504
eval_loss = 1.2848997116088867
eval_pearson = 0.7726316343023054
eval_runtime = 6.3195
eval_samples_per_second = 237.36
eval_spearmanr = 0.7974692507007954
