eval_combined_score = 0.706916135308971
eval_loss = 7.589420795440674
eval_pearson = 0.7011238358447117
eval_runtime = 5.758
eval_samples_per_second = 260.507
eval_spearmanr = 0.7127084347732304
