eval_combined_score = 0.5428748467591418
eval_loss = 1.9059395790100098
eval_pearson = 0.5134450481837749
eval_runtime = 5.7486
eval_samples_per_second = 260.932
eval_spearmanr = 0.5723046453345085
