eval_combined_score = -0.47246404605506653
eval_loss = 5.721217632293701
eval_pearson = -0.4873953920202965
eval_runtime = 5.8775
eval_samples_per_second = 255.211
eval_spearmanr = -0.45753270008983654
