eval_combined_score = 0.3263558829026615
eval_loss = 2.93274188041687
eval_pearson = 0.3248813494659994
eval_runtime = 5.5164
eval_samples_per_second = 271.919
eval_spearmanr = 0.3278304163393235
