eval_combined_score = 0.8038271894099102
eval_loss = 3.3993425369262695
eval_pearson = 0.7863319107708675
eval_runtime = 5.8807
eval_samples_per_second = 255.073
eval_spearmanr = 0.8213224680489528
