eval_accuracy = 0.6967509025270758
eval_loss = 1.376237392425537
eval_runtime = 1.3159
eval_samples_per_second = 210.499
