eval_accuracy = 0.6750902527075813
eval_loss = 0.710155725479126
eval_runtime = 1.3699
eval_samples_per_second = 202.208
