eval_accuracy = 0.6750902527075813
eval_loss = 0.7408888936042786
eval_runtime = 1.434
eval_samples_per_second = 193.161
