eval_accuracy = 0.6606498194945848
eval_loss = 0.7258086800575256
eval_runtime = 1.2327
eval_samples_per_second = 224.711
