eval_accuracy = 0.5342960288808665
eval_loss = 0.6967481970787048
eval_runtime = 1.5286
eval_samples_per_second = 181.216
