eval_accuracy = 0.6209386281588448
eval_loss = 0.6493047475814819
eval_runtime = 1.2545
eval_samples_per_second = 220.808
