eval_accuracy = 0.7003610108303249
eval_loss = 1.0636115074157715
eval_runtime = 1.2629
eval_samples_per_second = 219.337
