eval_accuracy = 0.5379061371841155
eval_loss = 0.6996536254882812
eval_runtime = 1.6219
eval_samples_per_second = 170.784
