eval_accuracy = 0.6137184115523465
eval_loss = 0.6543116569519043
eval_runtime = 1.2478
eval_samples_per_second = 221.99
