eval_accuracy = 0.6931407942238267
eval_loss = 1.3732491731643677
eval_runtime = 1.2481
eval_samples_per_second = 221.93
