eval_accuracy = 0.6931407942238267
eval_loss = 1.1363990306854248
eval_runtime = 1.234
eval_samples_per_second = 224.477
