eval_accuracy = 0.6823104693140795
eval_loss = 0.8387126326560974
eval_runtime = 1.2924
eval_samples_per_second = 214.322
