eval_accuracy = 0.6750902527075813
eval_loss = 1.1887246370315552
eval_runtime = 1.2772
eval_samples_per_second = 216.881
