eval_accuracy = 0.631768953068592
eval_loss = 0.6374865174293518
eval_runtime = 1.216
eval_samples_per_second = 227.798
