eval_accuracy = 0.6967509025270758
eval_loss = 1.211303472518921
eval_runtime = 1.3541
eval_samples_per_second = 204.557
