eval_accuracy = 0.6028880866425993
eval_loss = 0.6685779094696045
eval_runtime = 1.2093
eval_samples_per_second = 229.059
