eval_accuracy = 0.5054151624548736
eval_loss = 0.7095017433166504
eval_runtime = 1.2477
eval_samples_per_second = 222.007
