eval_accuracy = 0.6895306859205776
eval_loss = 1.1022871732711792
eval_runtime = 1.4265
eval_samples_per_second = 194.181
