eval_accuracy = 0.9380733944954128
eval_loss = 0.3063337802886963
eval_runtime = 3.998
eval_samples_per_second = 218.107
