eval_accuracy = 0.9392201834862385
eval_loss = 0.32912158966064453
eval_runtime = 3.7213
eval_samples_per_second = 234.33
