eval_accuracy = 0.9369266055045872
eval_loss = 0.2448977679014206
eval_runtime = 4.0758
eval_samples_per_second = 213.946
