eval_accuracy = 0.9346330275229358
eval_loss = 0.2776780426502228
eval_runtime = 3.8689
eval_samples_per_second = 225.387
