eval_accuracy = 0.9369266055045872
eval_loss = 0.23558557033538818
eval_runtime = 3.6983
eval_samples_per_second = 235.784
