eval_accuracy = 0.9415137614678899
eval_loss = 0.3523133397102356
eval_runtime = 3.7372
eval_samples_per_second = 233.332
