eval_accuracy = 0.9357798165137615
eval_loss = 0.37356406450271606
eval_runtime = 3.7707
eval_samples_per_second = 231.258
