eval_accuracy = 0.9403669724770642
eval_loss = 0.37882137298583984
eval_runtime = 3.7469
eval_samples_per_second = 232.727
