eval_accuracy = 0.944954128440367
eval_loss = 0.2551742196083069
eval_runtime = 3.7983
eval_samples_per_second = 229.576
