eval_accuracy = 0.9105504587155964
eval_loss = 0.26012173295021057
eval_runtime = 3.7321
eval_samples_per_second = 233.651
