eval_accuracy = 0.9392201834862385
eval_loss = 0.3313330411911011
eval_runtime = 3.9072
eval_samples_per_second = 223.18
