eval_accuracy = 0.9380733944954128
eval_loss = 0.362578421831131
eval_runtime = 3.7617
eval_samples_per_second = 231.81
