eval_accuracy = 0.9346330275229358
eval_loss = 0.30022889375686646
eval_runtime = 3.7049
eval_samples_per_second = 235.364
