eval_accuracy = 0.9392201834862385
eval_loss = 0.3220502436161041
eval_runtime = 3.7426
eval_samples_per_second = 232.994
