eval_accuracy = 0.9438073394495413
eval_loss = 0.2751329243183136
eval_runtime = 3.8973
eval_samples_per_second = 223.742
