eval_accuracy = 0.9380733944954128
eval_loss = 0.22476091980934143
eval_runtime = 3.8819
eval_samples_per_second = 224.633
