eval_accuracy = 0.9025229357798165
eval_loss = 0.254557728767395
eval_runtime = 3.8146
eval_samples_per_second = 228.596
