eval_accuracy = 0.9415137614678899
eval_loss = 0.2740348279476166
eval_runtime = 3.7828
eval_samples_per_second = 230.516
