eval_accuracy = 0.9380733944954128
eval_loss = 0.38062211871147156
eval_runtime = 3.7593
eval_samples_per_second = 231.956
