eval_accuracy = 0.9426605504587156
eval_loss = 0.31505468487739563
eval_runtime = 3.8293
eval_samples_per_second = 227.72
