eval_accuracy = 0.9346330275229358
eval_loss = 0.28909239172935486
eval_runtime = 3.8117
eval_samples_per_second = 228.77
