eval_accuracy = 0.9392201834862385
eval_loss = 0.2617931663990021
eval_runtime = 3.783
eval_samples_per_second = 230.505
