eval_accuracy = 0.9403669724770642
eval_loss = 0.3605085015296936
eval_runtime = 3.7705
eval_samples_per_second = 231.271
