eval_accuracy = 0.9357798165137615
eval_loss = 0.263870507478714
eval_runtime = 3.8512
eval_samples_per_second = 226.425
