eval_accuracy = 0.9380733944954128
eval_loss = 0.34634512662887573
eval_runtime = 4.5022
eval_samples_per_second = 193.684
