eval_accuracy = 0.9380733944954128
eval_loss = 0.37565404176712036
eval_runtime = 3.6758
eval_samples_per_second = 237.23
