eval_accuracy = 0.9403669724770642
eval_loss = 0.37768295407295227
eval_runtime = 3.8115
eval_samples_per_second = 228.782
