eval_accuracy = 0.9380733944954128
eval_loss = 0.34192678332328796
eval_runtime = 3.7803
eval_samples_per_second = 230.67
