eval_accuracy = 0.9346330275229358
eval_loss = 0.374220609664917
eval_runtime = 4.0899
eval_samples_per_second = 213.21
