eval_accuracy = 0.9346330275229358
eval_loss = 0.227409228682518
eval_runtime = 3.741
eval_samples_per_second = 233.093
