eval_accuracy = 0.9438073394495413
eval_loss = 0.31481656432151794
eval_runtime = 3.7592
eval_samples_per_second = 231.961
