eval_accuracy = 0.9438073394495413
eval_loss = 0.29513019323349
eval_runtime = 3.7425
eval_samples_per_second = 232.997
