eval_accuracy = 0.9369266055045872
eval_loss = 0.24791665375232697
eval_runtime = 3.6711
eval_samples_per_second = 237.533
