eval_accuracy = 0.9369266055045872
eval_loss = 0.3640700876712799
eval_runtime = 3.7279
eval_samples_per_second = 233.911
