eval_accuracy = 0.9380733944954128
eval_loss = 0.34092578291893005
eval_runtime = 4.0272
eval_samples_per_second = 216.529
