eval_accuracy = 0.9380733944954128
eval_loss = 0.22096401453018188
eval_runtime = 3.8502
eval_samples_per_second = 226.481
