eval_accuracy = 0.9403669724770642
eval_loss = 0.31309789419174194
eval_runtime = 3.7343
eval_samples_per_second = 233.51
