eval_accuracy = 0.9415137614678899
eval_loss = 0.28950920701026917
eval_runtime = 3.7588
eval_samples_per_second = 231.992
