eval_accuracy = 0.9403669724770642
eval_loss = 0.23050737380981445
eval_runtime = 3.7281
eval_samples_per_second = 233.898
