eval_accuracy = 0.9392201834862385
eval_loss = 0.35710904002189636
eval_runtime = 3.7896
eval_samples_per_second = 230.103
