eval_accuracy = 0.9403669724770642
eval_loss = 0.24729607999324799
eval_runtime = 3.8663
eval_samples_per_second = 225.536
