eval_accuracy = 0.9403669724770642
eval_loss = 0.3697848618030548
eval_runtime = 3.7859
eval_samples_per_second = 230.33
