eval_accuracy = 0.9438073394495413
eval_loss = 0.34936580061912537
eval_runtime = 3.7438
eval_samples_per_second = 232.922
