eval_accuracy = 0.9346330275229358
eval_loss = 0.3632940948009491
eval_runtime = 3.8834
eval_samples_per_second = 224.548
