eval_accuracy = 0.9415137614678899
eval_loss = 0.34559953212738037
eval_runtime = 3.7709
eval_samples_per_second = 231.246
