eval_accuracy = 0.9403669724770642
eval_loss = 0.3718075454235077
eval_runtime = 3.7419
eval_samples_per_second = 233.039
