eval_accuracy = 0.9369266055045872
eval_loss = 0.3666386604309082
eval_runtime = 3.8906
eval_samples_per_second = 224.13
