eval_accuracy = 0.9380733944954128
eval_loss = 0.3746720552444458
eval_runtime = 3.7335
eval_samples_per_second = 233.564
