eval_accuracy = 0.9392201834862385
eval_loss = 0.28042882680892944
eval_runtime = 3.7564
eval_samples_per_second = 232.135
