eval_accuracy = 0.9369266055045872
eval_loss = 0.3054811358451843
eval_runtime = 3.7446
eval_samples_per_second = 232.872
