eval_accuracy = 0.9392201834862385
eval_loss = 0.2362557202577591
eval_runtime = 3.8245
eval_samples_per_second = 228.003
