eval_accuracy = 0.9346330275229358
eval_loss = 0.2424536496400833
eval_runtime = 3.8994
eval_samples_per_second = 223.622
