eval_accuracy = 0.9380733944954128
eval_loss = 0.3289899528026581
eval_runtime = 3.7506
eval_samples_per_second = 232.494
