eval_accuracy = 0.9426605504587156
eval_loss = 0.33747631311416626
eval_runtime = 3.791
eval_samples_per_second = 230.019
