eval_accuracy = 0.944954128440367
eval_loss = 0.2769678831100464
eval_runtime = 3.8567
eval_samples_per_second = 226.1
