eval_accuracy = 0.930045871559633
eval_loss = 0.27518174052238464
eval_runtime = 3.8224
eval_samples_per_second = 228.129
