eval_accuracy = 0.9415137614678899
eval_loss = 0.29550909996032715
eval_runtime = 3.7967
eval_samples_per_second = 229.672
