eval_accuracy = 0.9357798165137615
eval_loss = 0.3162249028682709
eval_runtime = 3.7216
eval_samples_per_second = 234.307
