eval_accuracy = 0.9346330275229358
eval_loss = 0.23822994530200958
eval_runtime = 3.7209
eval_samples_per_second = 234.352
