eval_accuracy = 0.9403669724770642
eval_loss = 0.34358933568000793
eval_runtime = 3.8809
eval_samples_per_second = 224.692
