eval_accuracy = 0.9380733944954128
eval_loss = 0.37275293469429016
eval_runtime = 3.8117
eval_samples_per_second = 228.772
