eval_accuracy = 0.9295259015193117
eval_loss = 0.2116738259792328
eval_runtime = 20.777
eval_samples_per_second = 262.935
