eval_accuracy = 0.9297089511257551
eval_loss = 0.2260897010564804
eval_runtime = 21.5803
eval_samples_per_second = 253.147
