eval_accuracy = 0.8742449203734212
eval_loss = 0.30485799908638
eval_runtime = 22.1299
eval_samples_per_second = 246.86
