eval_accuracy = 0.9275123558484349
eval_loss = 0.22138772904872894
eval_runtime = 21.0347
eval_samples_per_second = 259.714
