eval_accuracy = 0.9269632070291048
eval_loss = 0.22938773036003113
eval_runtime = 22.0312
eval_samples_per_second = 247.967
