eval_accuracy = 0.9298920007321985
eval_loss = 0.22188767790794373
eval_runtime = 21.3009
eval_samples_per_second = 256.468
