eval_accuracy = 0.9289767526999817
eval_loss = 0.22405262291431427
eval_runtime = 21.6782
eval_samples_per_second = 252.005
