eval_accuracy = 0.8352553542009885
eval_loss = 0.37850338220596313
eval_runtime = 20.7182
eval_samples_per_second = 263.681
