eval_accuracy = 0.9260479589968882
eval_loss = 0.22951455414295197
eval_runtime = 21.1366
eval_samples_per_second = 258.462
