eval_accuracy = 0.917993776313381
eval_loss = 0.21925656497478485
eval_runtime = 21.5304
eval_samples_per_second = 253.735
