eval_accuracy = 0.9298920007321985
eval_loss = 0.22423572838306427
eval_runtime = 21.5489
eval_samples_per_second = 253.517
