eval_accuracy = 0.9209225700164745
eval_loss = 0.22103235125541687
eval_runtime = 21.191
eval_samples_per_second = 257.798
