eval_accuracy = 0.9271462566355483
eval_loss = 0.20415863394737244
eval_runtime = 21.2123
eval_samples_per_second = 257.539
