eval_accuracy = 0.9265971078162182
eval_loss = 0.21071259677410126
eval_runtime = 21.1124
eval_samples_per_second = 258.758
