eval_accuracy = 0.9282445542742083
eval_loss = 0.22223174571990967
eval_runtime = 21.4613
eval_samples_per_second = 254.551
