eval_accuracy = 0.9194581731649277
eval_loss = 0.2141352891921997
eval_runtime = 21.3871
eval_samples_per_second = 255.434
