eval_accuracy = 0.9295259015193117
eval_loss = 0.2142660915851593
eval_runtime = 21.6349
eval_samples_per_second = 252.508
