eval_accuracy = 0.9304411495515285
eval_loss = 0.22483576834201813
eval_runtime = 21.3804
eval_samples_per_second = 255.514
