eval_accuracy = 0.9282445542742083
eval_loss = 0.2236134558916092
eval_runtime = 22.6469
eval_samples_per_second = 241.225
