eval_accuracy = 0.9273293062419916
eval_loss = 0.20798002183437347
eval_runtime = 21.9531
eval_samples_per_second = 248.849
