eval_accuracy = 0.9068277503203368
eval_loss = 0.2381555438041687
eval_runtime = 21.675
eval_samples_per_second = 252.041
