eval_accuracy = 0.9284276038806517
eval_loss = 0.22300764918327332
eval_runtime = 20.5914
eval_samples_per_second = 265.305
