eval_accuracy = 0.9284276038806517
eval_loss = 0.2122957557439804
eval_runtime = 22.3619
eval_samples_per_second = 244.299
