eval_accuracy = 0.9293428519128684
eval_loss = 0.21448706090450287
eval_runtime = 21.9381
eval_samples_per_second = 249.019
