eval_accuracy = 0.9280615046677649
eval_loss = 0.22394368052482605
eval_runtime = 22.1979
eval_samples_per_second = 246.104
