eval_accuracy = 0.8279333699432546
eval_loss = 0.38637909293174744
eval_runtime = 20.8699
eval_samples_per_second = 261.765
