eval_accuracy = 0.9256818597840014
eval_loss = 0.2010791003704071
eval_runtime = 21.3132
eval_samples_per_second = 256.32
