eval_accuracy = 0.9245835621453414
eval_loss = 0.20809486508369446
eval_runtime = 22.5063
eval_samples_per_second = 242.732
