eval_accuracy = 0.9298920007321985
eval_loss = 0.22550898790359497
eval_runtime = 21.2986
eval_samples_per_second = 256.496
