eval_accuracy = 0.9276954054548783
eval_loss = 0.21997550129890442
eval_runtime = 21.4437
eval_samples_per_second = 254.76
