eval_accuracy = 0.9262310086033315
eval_loss = 0.21878167986869812
eval_runtime = 22.1423
eval_samples_per_second = 246.722
