eval_accuracy = 0.9280615046677649
eval_loss = 0.2219635546207428
eval_runtime = 21.308
eval_samples_per_second = 256.383
