eval_accuracy = 0.9260479589968882
eval_loss = 0.21005290746688843
eval_runtime = 22.2794
eval_samples_per_second = 245.204
