eval_accuracy = 0.9300750503386418
eval_loss = 0.22689718008041382
eval_runtime = 22.6106
eval_samples_per_second = 241.613
