eval_accuracy = 0.9258649093904449
eval_loss = 0.20829708874225616
eval_runtime = 21.716
eval_samples_per_second = 251.565
