eval_accuracy = 0.9280615046677649
eval_loss = 0.20504269003868103
eval_runtime = 22.6662
eval_samples_per_second = 241.02
