eval_accuracy = 0.9280615046677649
eval_loss = 0.2170526385307312
eval_runtime = 21.4673
eval_samples_per_second = 254.48
