eval_accuracy = 0.9196412227713711
eval_loss = 0.2203618884086609
eval_runtime = 20.8229
eval_samples_per_second = 262.355
