eval_accuracy = 0.9282445542742083
eval_loss = 0.2262803465127945
eval_runtime = 21.3363
eval_samples_per_second = 256.043
