eval_combined_score = 0.0021844419891896734
eval_loss = 5.606396675109863
eval_pearson = 0.05175016040682921
eval_runtime = 6.2461
eval_samples_per_second = 240.15
eval_spearmanr = -0.047381276428449866
