eval_combined_score = 0.6167195305819076
eval_loss = 6.386813640594482
eval_pearson = 0.6289927299754892
eval_runtime = 5.8242
eval_samples_per_second = 257.548
eval_spearmanr = 0.6044463311883261
