eval_combined_score = 0.47075668716058716
eval_loss = 10.69848346710205
eval_pearson = 0.49517797417040316
eval_runtime = 5.5398
eval_samples_per_second = 270.768
eval_spearmanr = 0.4463354001507712
