eval_combined_score = 0.8173234231874368
eval_loss = 3.927288293838501
eval_pearson = 0.8075474969605537
eval_runtime = 5.703
eval_samples_per_second = 263.02
eval_spearmanr = 0.8270993494143198
