eval_combined_score = 0.3052889315769396
eval_loss = 7.900262832641602
eval_pearson = 0.3368849343052273
eval_runtime = 5.755
eval_samples_per_second = 260.642
eval_spearmanr = 0.2736929288486519
