eval_accuracy = 0.9369266055045872
eval_loss = 0.28370076417922974
eval_runtime = 3.8711
eval_samples_per_second = 225.26
