eval_accuracy = 0.9426605504587156
eval_loss = 0.2713465988636017
eval_runtime = 3.806
eval_samples_per_second = 229.114
