eval_accuracy = 0.9346330275229358
eval_loss = 0.24746647477149963
eval_runtime = 3.887
eval_samples_per_second = 224.337
