eval_accuracy = 0.9139908256880734
eval_loss = 0.2528049349784851
eval_runtime = 4.0682
eval_samples_per_second = 214.343
