eval_accuracy = 0.9334862385321101
eval_loss = 0.28436192870140076
eval_runtime = 4.403
eval_samples_per_second = 198.046
