eval_accuracy = 0.9311926605504587
eval_loss = 0.25451552867889404
eval_runtime = 4.2465
eval_samples_per_second = 205.347
