eval_accuracy = 0.9139908256880734
eval_loss = 0.2789052426815033
eval_runtime = 3.875
eval_samples_per_second = 225.031
