eval_accuracy = 0.9392201834862385
eval_loss = 0.24365627765655518
eval_runtime = 3.7805
eval_samples_per_second = 230.657
