eval_accuracy = 0.9071100917431193
eval_loss = 0.28886014223098755
eval_runtime = 4.1876
eval_samples_per_second = 208.231
