eval_accuracy = 0.9357798165137615
eval_loss = 0.26599812507629395
eval_runtime = 3.7589
eval_samples_per_second = 231.98
