eval_accuracy = 0.9346330275229358
eval_loss = 0.285413920879364
eval_runtime = 3.8146
eval_samples_per_second = 228.598
