eval_accuracy = 0.8589449541284404
eval_loss = 0.3763420879840851
eval_runtime = 4.4716
eval_samples_per_second = 195.008
