eval_accuracy = 0.9357798165137615
eval_loss = 0.26241520047187805
eval_runtime = 3.791
eval_samples_per_second = 230.018
