eval_accuracy = 0.9369266055045872
eval_loss = 0.2695170044898987
eval_runtime = 4.0871
eval_samples_per_second = 213.355
