eval_accuracy = 0.9403669724770642
eval_loss = 0.2879900634288788
eval_runtime = 4.5504
eval_samples_per_second = 191.633
