eval_accuracy = 0.9323394495412844
eval_loss = 0.26127946376800537
eval_runtime = 3.9116
eval_samples_per_second = 222.929
