eval_accuracy = 0.9392201834862385
eval_loss = 0.2912466526031494
eval_runtime = 3.7937
eval_samples_per_second = 229.852
