eval_accuracy = 0.9403669724770642
eval_loss = 0.2908617854118347
eval_runtime = 3.7307
eval_samples_per_second = 233.737
