eval_accuracy = 0.9380733944954128
eval_loss = 0.28845056891441345
eval_runtime = 4.5024
eval_samples_per_second = 193.675
