eval_accuracy = 0.9392201834862385
eval_loss = 0.2641579210758209
eval_runtime = 3.8143
eval_samples_per_second = 228.616
