eval_accuracy = 0.9369266055045872
eval_loss = 0.27605631947517395
eval_runtime = 3.7439
eval_samples_per_second = 232.913
