eval_accuracy = 0.9369266055045872
eval_loss = 0.266158789396286
eval_runtime = 4.4836
eval_samples_per_second = 194.487
