eval_accuracy = 0.9415137614678899
eval_loss = 0.2647725045681
eval_runtime = 3.7529
eval_samples_per_second = 232.355
