eval_accuracy = 0.9185779816513762
eval_loss = 0.2422015517950058
eval_runtime = 4.3902
eval_samples_per_second = 198.624
