eval_accuracy = 0.9392201834862385
eval_loss = 0.2822052538394928
eval_runtime = 4.4961
eval_samples_per_second = 193.944
