eval_accuracy = 0.9369266055045872
eval_loss = 0.27133095264434814
eval_runtime = 3.8489
eval_samples_per_second = 226.559
