eval_accuracy = 0.9162844036697247
eval_loss = 0.24212968349456787
eval_runtime = 4.4608
eval_samples_per_second = 195.483
