eval_accuracy = 0.9346330275229358
eval_loss = 0.3016626536846161
eval_runtime = 4.4497
eval_samples_per_second = 195.966
