eval_accuracy = 0.9380733944954128
eval_loss = 0.2778186500072479
eval_runtime = 3.7535
eval_samples_per_second = 232.314
