eval_accuracy = 0.9243119266055045
eval_loss = 0.2485683560371399
eval_runtime = 3.9943
eval_samples_per_second = 218.311
