eval_accuracy = 0.9220183486238532
eval_loss = 0.22111119329929352
eval_runtime = 3.7774
eval_samples_per_second = 230.845
