eval_accuracy = 0.9277522935779816
eval_loss = 0.3012590706348419
eval_runtime = 3.7791
eval_samples_per_second = 230.74
