eval_accuracy = 0.9311926605504587
eval_loss = 0.2761099636554718
eval_runtime = 4.5252
eval_samples_per_second = 192.7
