eval_accuracy = 0.9438073394495413
eval_loss = 0.27307265996932983
eval_runtime = 3.8299
eval_samples_per_second = 227.682
