eval_accuracy = 0.9346330275229358
eval_loss = 0.23230625689029694
eval_runtime = 3.8353
eval_samples_per_second = 227.365
