eval_accuracy = 0.9254587155963303
eval_loss = 0.2697593569755554
eval_runtime = 3.8216
eval_samples_per_second = 228.178
