eval_accuracy = 0.9380733944954128
eval_loss = 0.26767006516456604
eval_runtime = 3.7612
eval_samples_per_second = 231.844
