eval_accuracy = 0.9254587155963303
eval_loss = 0.2253069281578064
eval_runtime = 3.7878
eval_samples_per_second = 230.213
