eval_accuracy = 0.9243119266055045
eval_loss = 0.22322805225849152
eval_runtime = 3.7518
eval_samples_per_second = 232.424
