eval_accuracy = 0.9323394495412844
eval_loss = 0.2814508080482483
eval_runtime = 4.4884
eval_samples_per_second = 194.277
