eval_accuracy = 0.9380733944954128
eval_loss = 0.28817710280418396
eval_runtime = 3.7934
eval_samples_per_second = 229.875
