eval_accuracy = 0.9369266055045872
eval_loss = 0.26972898840904236
eval_runtime = 3.7
eval_samples_per_second = 235.679
