eval_accuracy = 0.9392201834862385
eval_loss = 0.2939516007900238
eval_runtime = 3.7544
eval_samples_per_second = 232.263
