eval_accuracy = 0.9311926605504587
eval_loss = 0.24976807832717896
eval_runtime = 3.797
eval_samples_per_second = 229.658
