eval_accuracy = 0.9334862385321101
eval_loss = 0.29191160202026367
eval_runtime = 4.433
eval_samples_per_second = 196.708
