eval_accuracy = 0.9231651376146789
eval_loss = 0.20710517466068268
eval_runtime = 4.5758
eval_samples_per_second = 190.57
