eval_accuracy = 0.8463302752293578
eval_loss = 0.41459929943084717
eval_runtime = 4.021
eval_samples_per_second = 216.859
