eval_accuracy = 0.9094036697247706
eval_loss = 0.2540275454521179
eval_runtime = 4.506
eval_samples_per_second = 193.52
