eval_accuracy = 0.9208715596330275
eval_loss = 0.27145519852638245
eval_runtime = 3.8123
eval_samples_per_second = 228.735
