eval_accuracy = 0.9438073394495413
eval_loss = 0.26559022068977356
eval_runtime = 3.7963
eval_samples_per_second = 229.697
