eval_accuracy = 0.9323394495412844
eval_loss = 0.23568673431873322
eval_runtime = 3.8838
eval_samples_per_second = 224.524
