eval_accuracy = 0.9231651376146789
eval_loss = 0.2842898666858673
eval_runtime = 3.6976
eval_samples_per_second = 235.831
