eval_accuracy = 0.9288990825688074
eval_loss = 0.27045679092407227
eval_runtime = 4.545
eval_samples_per_second = 191.86
