eval_accuracy = 0.9231651376146789
eval_loss = 0.2525614798069
eval_runtime = 3.7506
eval_samples_per_second = 232.498
