eval_accuracy = 0.9288990825688074
eval_loss = 0.3113190233707428
eval_runtime = 3.6986
eval_samples_per_second = 235.767
