eval_accuracy = 0.9334862385321101
eval_loss = 0.2601267993450165
eval_runtime = 3.7427
eval_samples_per_second = 232.989
