eval_accuracy = 0.9426605504587156
eval_loss = 0.2532844841480255
eval_runtime = 3.8061
eval_samples_per_second = 229.106
