eval_accuracy = 0.9185779816513762
eval_loss = 0.3015577793121338
eval_runtime = 3.7636
eval_samples_per_second = 231.692
