eval_accuracy = 0.9403669724770642
eval_loss = 0.2684144377708435
eval_runtime = 4.4806
eval_samples_per_second = 194.617
