eval_accuracy = 0.8422497965825875
eval_loss = 0.415524959564209
eval_runtime = 45.0478
eval_samples_per_second = 218.257
