eval_accuracy = 0.8318755085435313
eval_loss = 0.4466555714607239
eval_runtime = 45.6931
eval_samples_per_second = 215.175
