eval_accuracy = 0.8227217249796582
eval_loss = 0.4736591875553131
eval_runtime = 49.7051
eval_samples_per_second = 197.807
