eval_accuracy = 0.8600488201790073
eval_loss = 0.4103088676929474
eval_runtime = 43.3974
eval_samples_per_second = 226.558
