eval_accuracy = 0.8601505288852725
eval_loss = 0.3739171624183655
eval_runtime = 44.7386
eval_samples_per_second = 219.766
