eval_accuracy = 0.8590317331163547
eval_loss = 0.38542959094047546
eval_runtime = 43.7002
eval_samples_per_second = 224.988
