eval_accuracy = 0.8413344182262001
eval_loss = 0.4148629307746887
eval_runtime = 46.2612
eval_samples_per_second = 212.532
