eval_accuracy = 0.8401139137510171
eval_loss = 0.43043312430381775
eval_runtime = 47.3947
eval_samples_per_second = 207.449
