eval_accuracy = 0.8612693246541904
eval_loss = 0.4026983082294464
eval_runtime = 45.2626
eval_samples_per_second = 217.221
