eval_accuracy = 0.8451993490642798
eval_loss = 0.4133187532424927
eval_runtime = 44.1905
eval_samples_per_second = 222.491
