eval_accuracy = 0.8639137510170871
eval_loss = 0.3798704445362091
eval_runtime = 45.4282
eval_samples_per_second = 216.429
