eval_accuracy = 0.8525223759153784
eval_loss = 0.4080096483230591
eval_runtime = 44.8814
eval_samples_per_second = 219.066
