eval_accuracy = 0.8453010577705452
eval_loss = 0.41443106532096863
eval_runtime = 48.2756
eval_samples_per_second = 203.664
