eval_accuracy = 0.8419446704637917
eval_loss = 0.42810723185539246
eval_runtime = 46.5384
eval_samples_per_second = 211.266
