eval_accuracy = 0.8566924328722538
eval_loss = 0.3787320852279663
eval_runtime = 48.316
eval_samples_per_second = 203.494
