eval_accuracy = 0.8611676159479251
eval_loss = 0.40191546082496643
eval_runtime = 50.8894
eval_samples_per_second = 193.203
