eval_accuracy = 0.8524206672091131
eval_loss = 0.3877370059490204
eval_runtime = 47.4592
eval_samples_per_second = 207.167
