eval_accuracy = 0.8558787632221319
eval_loss = 0.3862147331237793
eval_runtime = 43.8849
eval_samples_per_second = 224.041
