eval_accuracy = 0.861879576891782
eval_loss = 0.3793148696422577
eval_runtime = 45.6297
eval_samples_per_second = 215.474
