eval_accuracy = 0.8653376729048007
eval_loss = 0.3843807876110077
eval_runtime = 44.6899
eval_samples_per_second = 220.005
