eval_accuracy = 0.8608624898291294
eval_loss = 0.3928830921649933
eval_runtime = 47.1571
eval_samples_per_second = 208.494
