eval_accuracy = 0.8566924328722538
eval_loss = 0.3787320852279663
eval_runtime = 52.2276
eval_samples_per_second = 188.253
