eval_accuracy = 0.862286411716843
eval_loss = 0.4040113091468811
eval_runtime = 45.6171
eval_samples_per_second = 215.533
