eval_accuracy = 0.8541497152156224
eval_loss = 0.382997989654541
eval_runtime = 44.5087
eval_samples_per_second = 220.901
