eval_accuracy = 0.858319772172498
eval_loss = 0.38840579986572266
eval_runtime = 45.1698
eval_samples_per_second = 217.668
