eval_accuracy = 0.8621847030105777
eval_loss = 0.3751634359359741
eval_runtime = 45.5626
eval_samples_per_second = 215.791
