eval_accuracy = 0.8484540276647681
eval_loss = 0.40391093492507935
eval_runtime = 51.2292
eval_samples_per_second = 191.922
