eval_accuracy = 0.8565907241659886
eval_loss = 0.38085609674453735
eval_runtime = 45.9085
eval_samples_per_second = 214.165
