eval_accuracy = 0.8608624898291294
eval_loss = 0.3928830921649933
eval_runtime = 45.4866
eval_samples_per_second = 216.152
