eval_accuracy = 0.8218063466232709
eval_loss = 0.45650994777679443
eval_runtime = 45.8923
eval_samples_per_second = 214.241
