eval_accuracy = 0.8512001627339301
eval_loss = 0.40152400732040405
eval_runtime = 51.3052
eval_samples_per_second = 191.637
