eval_accuracy = 0.8648291293734743
eval_loss = 0.3981533646583557
eval_runtime = 46.0202
eval_samples_per_second = 213.645
