eval_accuracy = 0.863100081366965
eval_loss = 0.37628719210624695
eval_runtime = 46.0711
eval_samples_per_second = 213.409
