eval_accuracy = 0.8451993490642798
eval_loss = 0.4133187532424927
eval_runtime = 48.2932
eval_samples_per_second = 203.59
