eval_accuracy = 0.8634052074857608
eval_loss = 0.37657734751701355
eval_runtime = 45.9042
eval_samples_per_second = 214.185
