eval_accuracy = 0.8453010577705452
eval_loss = 0.40159016847610474
eval_runtime = 44.2591
eval_samples_per_second = 222.146
