eval_accuracy = 0.8532343368592351
eval_loss = 0.38877570629119873
eval_runtime = 45.7583
eval_samples_per_second = 214.868
