eval_accuracy = 0.8475386493083807
eval_loss = 0.3987868130207062
eval_runtime = 43.8634
eval_samples_per_second = 224.151
