eval_accuracy = 0.8523189585028479
eval_loss = 0.405331552028656
eval_runtime = 45.2894
eval_samples_per_second = 217.093
