eval_accuracy = 0.8565907241659886
eval_loss = 0.3850651979446411
eval_runtime = 45.185
eval_samples_per_second = 217.594
