eval_accuracy = 0.7958706265256306
eval_loss = 0.530535876750946
eval_runtime = 50.134
eval_samples_per_second = 196.114
