eval_accuracy = 0.8584214808787632
eval_loss = 0.37191763520240784
eval_runtime = 44.8686
eval_samples_per_second = 219.129
