eval_accuracy = 0.8542514239218877
eval_loss = 0.3980441093444824
eval_runtime = 46.5094
eval_samples_per_second = 211.398
