eval_accuracy = 0.8443856794141579
eval_loss = 0.41664421558380127
eval_runtime = 46.5683
eval_samples_per_second = 211.131
