eval_accuracy = 0.858726606997559
eval_loss = 0.401346892118454
eval_runtime = 45.3322
eval_samples_per_second = 216.888
