eval_accuracy = 0.7904228222109017
eval_loss = 0.5339716076850891
eval_runtime = 40.7143
eval_samples_per_second = 241.07
