eval_accuracy = 0.8324857607811229
eval_loss = 0.4419340193271637
eval_runtime = 40.7298
eval_samples_per_second = 241.396
