eval_accuracy = 0.8669650122050447
eval_loss = 0.38053014874458313
eval_runtime = 40.7388
eval_samples_per_second = 241.343
