eval_accuracy = 0.8669650122050447
eval_loss = 0.394865483045578
eval_runtime = 40.7335
eval_samples_per_second = 241.374
