eval_accuracy = 0.8638120423108218
eval_loss = 0.40934625267982483
eval_runtime = 40.7755
eval_samples_per_second = 241.125
