eval_accuracy = 0.8631686194600102
eval_loss = 0.3861110508441925
eval_runtime = 40.6633
eval_samples_per_second = 241.372
