eval_accuracy = 0.8621847030105777
eval_loss = 0.37607643008232117
eval_runtime = 40.7244
eval_samples_per_second = 241.428
