eval_accuracy = 0.8634742740703005
eval_loss = 0.40485137701034546
eval_runtime = 40.7117
eval_samples_per_second = 241.086
