eval_accuracy = 0.8664564686737185
eval_loss = 0.41509437561035156
eval_runtime = 40.7406
eval_samples_per_second = 241.332
