eval_accuracy = 0.8632017900732303
eval_loss = 0.43104076385498047
eval_runtime = 40.7254
eval_samples_per_second = 241.422
