eval_accuracy = 0.8612328069281712
eval_loss = 0.3892700672149658
eval_runtime = 40.7236
eval_samples_per_second = 241.015
