eval_accuracy = 0.8552685109845403
eval_loss = 0.40070027112960815
eval_runtime = 40.7593
eval_samples_per_second = 241.221
