eval_accuracy = 0.8655410903173312
eval_loss = 0.3922818899154663
eval_runtime = 40.7745
eval_samples_per_second = 241.131
