eval_accuracy = 0.866659886086249
eval_loss = 0.41105926036834717
eval_runtime = 40.7707
eval_samples_per_second = 241.153
