eval_accuracy = 0.8447925142392189
eval_loss = 0.4205736815929413
eval_runtime = 40.7716
eval_samples_per_second = 241.149
