eval_accuracy = 0.863270504330107
eval_loss = 0.4011370837688446
eval_runtime = 40.7064
eval_samples_per_second = 241.117
