eval_accuracy = 0.8664289353031075
eval_loss = 0.4112837612628937
eval_runtime = 40.6874
eval_samples_per_second = 241.229
