eval_accuracy = 0.8620478858889455
eval_loss = 0.3828888237476349
eval_runtime = 40.6909
eval_samples_per_second = 241.209
