eval_accuracy = 0.8667615947925142
eval_loss = 0.41145968437194824
eval_runtime = 40.7731
eval_samples_per_second = 241.139
