eval_accuracy = 0.8606214977075904
eval_loss = 0.3910525143146515
eval_runtime = 40.6867
eval_samples_per_second = 241.234
