eval_accuracy = 0.8654393816110659
eval_loss = 0.4042714238166809
eval_runtime = 40.7781
eval_samples_per_second = 241.11
