eval_accuracy = 0.8626591951095263
eval_loss = 0.4108990430831909
eval_runtime = 40.7134
eval_samples_per_second = 241.075
