eval_accuracy = 0.866253051261188
eval_loss = 0.4068330228328705
eval_runtime = 40.7481
eval_samples_per_second = 241.288
