eval_accuracy = 0.8669650122050447
eval_loss = 0.4064803123474121
eval_runtime = 40.7581
eval_samples_per_second = 241.228
