eval_accuracy = 0.8545565500406835
eval_loss = 0.3917977511882782
eval_runtime = 40.7663
eval_samples_per_second = 241.179
