eval_accuracy = 0.8599083036169128
eval_loss = 0.393341064453125
eval_runtime = 40.6303
eval_samples_per_second = 241.568
