eval_accuracy = 0.8659195109526235
eval_loss = 0.4140930473804474
eval_runtime = 40.6784
eval_samples_per_second = 241.283
