eval_accuracy = 0.8663270504330107
eval_loss = 0.4124613106250763
eval_runtime = 40.7222
eval_samples_per_second = 241.023
