eval_accuracy = 0.8653376729048007
eval_loss = 0.40408843755722046
eval_runtime = 40.7901
eval_samples_per_second = 241.039
