eval_accuracy = 0.8643912379011717
eval_loss = 0.37223580479621887
eval_runtime = 40.684
eval_samples_per_second = 241.249
