eval_accuracy = 0.8637103336045565
eval_loss = 0.41166120767593384
eval_runtime = 40.7779
eval_samples_per_second = 241.111
