eval_accuracy = 0.8461538461538461
eval_loss = 0.4035346210002899
eval_runtime = 40.7022
eval_samples_per_second = 241.142
