eval_accuracy = 0.8659195109526235
eval_loss = 0.39037463068962097
eval_runtime = 40.7116
eval_samples_per_second = 241.086
