eval_accuracy = 0.8614365766683647
eval_loss = 0.40851402282714844
eval_runtime = 40.7083
eval_samples_per_second = 241.105
