eval_accuracy = 0.8620829943043125
eval_loss = 0.382581889629364
eval_runtime = 40.7875
eval_samples_per_second = 241.054
