eval_accuracy = 0.8590317331163547
eval_loss = 0.3811448812484741
eval_runtime = 40.7874
eval_samples_per_second = 241.055
