eval_accuracy = 0.8611309220580744
eval_loss = 0.3933465778827667
eval_runtime = 40.6949
eval_samples_per_second = 241.185
