eval_accuracy = 0.8583800305654611
eval_loss = 0.4020984470844269
eval_runtime = 40.7002
eval_samples_per_second = 241.153
