eval_accuracy = 0.8649308380797396
eval_loss = 0.3956454396247864
eval_runtime = 40.7049
eval_samples_per_second = 241.543
