eval_accuracy = 0.866659886086249
eval_loss = 0.38960519433021545
eval_runtime = 40.7944
eval_samples_per_second = 241.013
