eval_accuracy = 0.86706672091131
eval_loss = 0.39736127853393555
eval_runtime = 40.7382
eval_samples_per_second = 241.346
