eval_accuracy = 0.8607233825776872
eval_loss = 0.3918422758579254
eval_runtime = 40.7332
eval_samples_per_second = 240.958
