eval_accuracy = 0.8546102903718797
eval_loss = 0.39349624514579773
eval_runtime = 40.6593
eval_samples_per_second = 241.396
