eval_accuracy = 0.8644931227712684
eval_loss = 0.40946850180625916
eval_runtime = 40.7528
eval_samples_per_second = 240.842
