eval_accuracy = 0.8633723892002038
eval_loss = 0.37868741154670715
eval_runtime = 40.6945
eval_samples_per_second = 241.187
