eval_accuracy = 0.8553921568627451
eval_combined_score = 0.8758507357248699
eval_f1 = 0.8963093145869947
eval_loss = 0.6691798567771912
eval_runtime = 1.8127
eval_samples_per_second = 225.079
