eval_accuracy = 0.8651960784313726
eval_combined_score = 0.8834030481602301
eval_f1 = 0.9016100178890876
eval_loss = 0.6090633273124695
eval_runtime = 2.0049
eval_samples_per_second = 203.502
