eval_accuracy = 0.8627450980392157
eval_combined_score = 0.8808310327741204
eval_f1 = 0.8989169675090252
eval_loss = 0.6272962689399719
eval_runtime = 2.021
eval_samples_per_second = 201.883
