eval_accuracy = 0.8627450980392157
eval_combined_score = 0.8820767743717206
eval_f1 = 0.9014084507042254
eval_loss = 0.5919973850250244
eval_runtime = 1.745
eval_samples_per_second = 233.809
