eval_accuracy = 0.8700980392156863
eval_combined_score = 0.8894380041173096
eval_f1 = 0.9087779690189328
eval_loss = 0.4413120150566101
eval_runtime = 1.8654
eval_samples_per_second = 218.716
