eval_accuracy = 0.8382352941176471
eval_combined_score = 0.8648413312693499
eval_f1 = 0.8914473684210527
eval_loss = 0.40266022086143494
eval_runtime = 1.8435
eval_samples_per_second = 221.316
