eval_accuracy = 0.8627450980392157
eval_combined_score = 0.8817271589486859
eval_f1 = 0.900709219858156
eval_loss = 0.38986456394195557
eval_runtime = 1.7365
eval_samples_per_second = 234.952
