eval_accuracy = 0.7745098039215687
eval_combined_score = 0.8156038116181052
eval_f1 = 0.8566978193146417
eval_loss = 0.5114007592201233
eval_runtime = 2.1471
eval_samples_per_second = 190.024
