eval_accuracy = 0.8088235294117647
eval_combined_score = 0.836703431372549
eval_f1 = 0.8645833333333334
eval_loss = 0.44780948758125305
eval_runtime = 1.7428
eval_samples_per_second = 234.111
