eval_accuracy = 0.8651960784313726
eval_combined_score = 0.8846050200184786
eval_f1 = 0.9040139616055847
eval_loss = 0.4330602288246155
eval_runtime = 1.7787
eval_samples_per_second = 229.384
