eval_accuracy = 0.8480392156862745
eval_combined_score = 0.8694421430544048
eval_f1 = 0.8908450704225351
eval_loss = 0.347653865814209
eval_runtime = 1.7464
eval_samples_per_second = 233.618
