eval_accuracy = 0.8235294117647058
eval_combined_score = 0.8486068111455108
eval_f1 = 0.8736842105263158
eval_loss = 0.3836992681026459
eval_runtime = 1.7913
eval_samples_per_second = 227.771
