eval_accuracy = 0.8602941176470589
eval_combined_score = 0.8805818414322251
eval_f1 = 0.9008695652173914
eval_loss = 0.3499107360839844
eval_runtime = 2.2403
eval_samples_per_second = 182.122
