eval_accuracy = 0.8553921568627451
eval_combined_score = 0.8760323306205144
eval_f1 = 0.8966725043782837
eval_loss = 0.4011189639568329
eval_runtime = 1.7843
eval_samples_per_second = 228.658
