eval_accuracy = 0.8651960784313726
eval_combined_score = 0.8839254728440049
eval_f1 = 0.9026548672566371
eval_loss = 0.3210861086845398
eval_runtime = 1.8095
eval_samples_per_second = 225.478
