eval_accuracy = 0.8602941176470589
eval_combined_score = 0.8797045809474233
eval_f1 = 0.8991150442477877
eval_loss = 0.5889990329742432
eval_runtime = 2.1044
eval_samples_per_second = 193.876
