eval_accuracy = 0.8235294117647058
eval_combined_score = 0.8472485768500948
eval_f1 = 0.8709677419354839
eval_loss = 0.40447863936424255
eval_runtime = 1.7651
eval_samples_per_second = 231.143
