eval_accuracy = 0.8602941176470589
eval_combined_score = 0.8804088389282414
eval_f1 = 0.900523560209424
eval_loss = 0.6125320196151733
eval_runtime = 1.8643
eval_samples_per_second = 218.848
