eval_accuracy = 0.8504901960784313
eval_combined_score = 0.8712627971542599
eval_f1 = 0.8920353982300885
eval_loss = 0.3418094515800476
eval_runtime = 2.1044
eval_samples_per_second = 193.883
