eval_accuracy = 0.8578431372549019
eval_combined_score = 0.8782222679281503
eval_f1 = 0.8986013986013986
eval_loss = 0.6542988419532776
eval_runtime = 1.9041
eval_samples_per_second = 214.275
