eval_accuracy = 0.8455882352941176
eval_combined_score = 0.8683899725693386
eval_f1 = 0.8911917098445595
eval_loss = 0.3852241337299347
eval_runtime = 1.7525
eval_samples_per_second = 232.815
