eval_accuracy = 0.7181372549019608
eval_combined_score = 0.772341628959276
eval_f1 = 0.8265460030165913
eval_loss = 0.5293400287628174
eval_runtime = 2.046
eval_samples_per_second = 199.412
