eval_combined_score = 0.8905444509999929
eval_loss = 0.48636162281036377
eval_pearson = 0.8899282931307593
eval_runtime = 7.2953
eval_samples_per_second = 205.611
eval_spearmanr = 0.8911606088692265
