eval_combined_score = 0.8955729976697804
eval_loss = 0.4894545376300812
eval_pearson = 0.8945491727591645
eval_runtime = 7.3597
eval_samples_per_second = 203.813
eval_spearmanr = 0.8965968225803963
