eval_combined_score = 0.8963572937724784
eval_loss = 0.49369198083877563
eval_pearson = 0.8954601043689379
eval_runtime = 6.7536
eval_samples_per_second = 222.104
eval_spearmanr = 0.897254483176019
