eval_combined_score = 0.8946171547232487
eval_loss = 0.4955097734928131
eval_pearson = 0.8940110002682726
eval_runtime = 6.4793
eval_samples_per_second = 231.507
eval_spearmanr = 0.8952233091782248
