eval_combined_score = 0.8962959376228194
eval_loss = 0.4936083257198334
eval_pearson = 0.8955421057338449
eval_runtime = 6.6033
eval_samples_per_second = 227.16
eval_spearmanr = 0.8970497695117942
