eval_combined_score = 0.8970572874579531
eval_loss = 0.4568755626678467
eval_pearson = 0.8970048961101522
eval_runtime = 7.8878
eval_samples_per_second = 190.167
eval_spearmanr = 0.897109678805754
