eval_combined_score = 0.8963366721819952
eval_loss = 0.48817121982574463
eval_pearson = 0.8956500802085425
eval_runtime = 6.6439
eval_samples_per_second = 225.771
eval_spearmanr = 0.8970232641554479
