eval_combined_score = 0.8951319220340155
eval_loss = 0.5133447647094727
eval_pearson = 0.893607359524806
eval_runtime = 6.6645
eval_samples_per_second = 225.073
eval_spearmanr = 0.8966564845432249
