eval_combined_score = 0.8625326197361762
eval_loss = 0.7257612943649292
eval_pearson = 0.8573163709382957
eval_runtime = 8.3661
eval_samples_per_second = 179.295
eval_spearmanr = 0.8677488685340569
