eval_combined_score = 0.8822447407143714
eval_loss = 0.5912252068519592
eval_pearson = 0.8813274705990146
eval_runtime = 8.1352
eval_samples_per_second = 184.385
eval_spearmanr = 0.8831620108297281
