eval_combined_score = 0.8960999714336073
eval_loss = 0.49291399121284485
eval_pearson = 0.8951042231458144
eval_runtime = 7.4691
eval_samples_per_second = 200.828
eval_spearmanr = 0.8970957197214001
