eval_combined_score = 0.8194119013840997
eval_loss = 0.7358509302139282
eval_pearson = 0.8205065572714654
eval_runtime = 7.1503
eval_samples_per_second = 209.783
eval_spearmanr = 0.8183172454967339
