eval_combined_score = 0.7452833147349327
eval_loss = 1.6777008771896362
eval_pearson = 0.7411261396295452
eval_runtime = 5.8651
eval_samples_per_second = 255.751
eval_spearmanr = 0.7494404898403201
