eval_combined_score = 0.8103221255609607
eval_loss = 0.8538205027580261
eval_pearson = 0.8121046369193041
eval_runtime = 6.0265
eval_samples_per_second = 248.901
eval_spearmanr = 0.8085396142026172
