eval_combined_score = 0.8074958904254387
eval_loss = 0.9248574376106262
eval_pearson = 0.8092812913739552
eval_runtime = 5.5513
eval_samples_per_second = 270.208
eval_spearmanr = 0.8057104894769221
