eval_combined_score = 0.7517675308064027
eval_loss = 1.1723610162734985
eval_pearson = 0.7441882192888117
eval_runtime = 5.5045
eval_samples_per_second = 272.502
eval_spearmanr = 0.7593468423239935
