eval_combined_score = 0.7012819763726039
eval_loss = 1.881377100944519
eval_pearson = 0.7038762256428046
eval_runtime = 5.7567
eval_samples_per_second = 260.567
eval_spearmanr = 0.6986877271024032
