eval_combined_score = 0.7389018387583861
eval_loss = 1.2360724210739136
eval_pearson = 0.7426418380870041
eval_runtime = 5.5515
eval_samples_per_second = 270.197
eval_spearmanr = 0.7351618394297682
