eval_combined_score = 0.7945107940488633
eval_loss = 0.9142044186592102
eval_pearson = 0.795883649990707
eval_runtime = 5.7854
eval_samples_per_second = 259.273
eval_spearmanr = 0.7931379381070195
