eval_combined_score = 0.803808111850795
eval_loss = 0.8105167746543884
eval_pearson = 0.805806715560996
eval_runtime = 5.5604
eval_samples_per_second = 269.764
eval_spearmanr = 0.801809508140594
