eval_combined_score = 0.6497264759026359
eval_loss = 2.089353322982788
eval_pearson = 0.6328245048059401
eval_runtime = 5.5293
eval_samples_per_second = 271.28
eval_spearmanr = 0.6666284469993317
