eval_combined_score = 0.8095227724614643
eval_loss = 0.8548364043235779
eval_pearson = 0.8113663975055346
eval_runtime = 5.5225
eval_samples_per_second = 271.616
eval_spearmanr = 0.807679147417394
