eval_combined_score = 0.8088494504229939
eval_loss = 0.8564881086349487
eval_pearson = 0.810678782352562
eval_runtime = 6.1136
eval_samples_per_second = 245.353
eval_spearmanr = 0.807020118493426
