eval_combined_score = 0.677782562515415
eval_loss = 2.4005520343780518
eval_pearson = 0.6816908296211318
eval_runtime = 5.5416
eval_samples_per_second = 270.678
eval_spearmanr = 0.6738742954096983
