eval_combined_score = 0.6829348272648516
eval_loss = 2.0721435546875
eval_pearson = 0.6683883410701743
eval_runtime = 5.7776
eval_samples_per_second = 259.621
eval_spearmanr = 0.6974813134595288
