eval_combined_score = 0.6631619968968856
eval_loss = 2.1735284328460693
eval_pearson = 0.6624836448014667
eval_runtime = 5.5595
eval_samples_per_second = 269.809
eval_spearmanr = 0.6638403489923045
