eval_combined_score = 0.466366947251725
eval_loss = 4.255434036254883
eval_pearson = 0.4345153464940389
eval_runtime = 5.5281
eval_samples_per_second = 271.343
eval_spearmanr = 0.4982185480094112
