eval_combined_score = 0.7992657172467936
eval_loss = 1.1689060926437378
eval_pearson = 0.8010165182808912
eval_runtime = 6.1199
eval_samples_per_second = 245.103
eval_spearmanr = 0.7975149162126961
