eval_combined_score = 0.5792980451588685
eval_loss = 3.3879623413085938
eval_pearson = 0.5787053810358869
eval_runtime = 5.795
eval_samples_per_second = 258.844
eval_spearmanr = 0.5798907092818502
