eval_combined_score = 0.572549499548223
eval_loss = 3.4314427375793457
eval_pearson = 0.5755382560089666
eval_runtime = 6.1003
eval_samples_per_second = 245.889
eval_spearmanr = 0.5695607430874794
