eval_combined_score = 0.806420096398931
eval_loss = 0.8410029411315918
eval_pearson = 0.8083639639580958
eval_runtime = 6.0987
eval_samples_per_second = 245.954
eval_spearmanr = 0.8044762288397661
