eval_combined_score = 0.7310171889728281
eval_loss = 1.4407967329025269
eval_pearson = 0.7328770889177001
eval_runtime = 5.5011
eval_samples_per_second = 272.675
eval_spearmanr = 0.729157289027956
