eval_combined_score = 0.888886128902596
eval_loss = 0.5677505731582642
eval_pearson = 0.8878329985321947
eval_runtime = 6.4735
eval_samples_per_second = 231.713
eval_spearmanr = 0.8899392592729973
