eval_combined_score = 0.8929528479853241
eval_loss = 0.5395454168319702
eval_pearson = 0.8921886725280973
eval_runtime = 6.4523
eval_samples_per_second = 232.475
eval_spearmanr = 0.8937170234425511
