eval_combined_score = 0.8962165014609986
eval_loss = 0.5115265250205994
eval_pearson = 0.8957399026951732
eval_runtime = 7.5628
eval_samples_per_second = 198.34
eval_spearmanr = 0.8966931002268241
