eval_combined_score = 0.8960009148021564
eval_loss = 0.541860818862915
eval_pearson = 0.8952155140107516
eval_runtime = 7.6002
eval_samples_per_second = 197.362
eval_spearmanr = 0.8967863155935613
