eval_combined_score = 0.8860826061432461
eval_loss = 0.6540050506591797
eval_pearson = 0.8841954473538488
eval_runtime = 6.4281
eval_samples_per_second = 233.351
eval_spearmanr = 0.8879697649326433
