eval_combined_score = 0.8780116922325302
eval_loss = 0.5566985011100769
eval_pearson = 0.8780240924960817
eval_runtime = 6.4233
eval_samples_per_second = 233.526
eval_spearmanr = 0.8779992919689786
