eval_combined_score = 0.8882212906832816
eval_loss = 0.5289647579193115
eval_pearson = 0.8878427482836312
eval_runtime = 7.637
eval_samples_per_second = 196.413
eval_spearmanr = 0.8885998330829319
