eval_combined_score = 0.8962068701814665
eval_loss = 0.5080270767211914
eval_pearson = 0.8957912238146498
eval_runtime = 6.495
eval_samples_per_second = 230.948
eval_spearmanr = 0.8966225165482831
