eval_combined_score = 0.8925413485711972
eval_loss = 0.5108976364135742
eval_pearson = 0.8922779714816437
eval_runtime = 6.3477
eval_samples_per_second = 236.306
eval_spearmanr = 0.8928047256607506
