eval_combined_score = 0.8941595189984151
eval_loss = 0.4987133741378784
eval_pearson = 0.8927428246607851
eval_runtime = 6.7769
eval_samples_per_second = 221.339
eval_spearmanr = 0.8955762133360449
