eval_combined_score = 0.8891594527760949
eval_loss = 0.5262980461120605
eval_pearson = 0.8884997602409811
eval_runtime = 7.631
eval_samples_per_second = 196.567
eval_spearmanr = 0.8898191453112085
