eval_combined_score = 0.8952051044791909
eval_loss = 0.49431300163269043
eval_pearson = 0.8946800577938196
eval_runtime = 7.7996
eval_samples_per_second = 192.316
eval_spearmanr = 0.895730151164562
