eval_combined_score = 0.896258178307368
eval_loss = 0.5278347134590149
eval_pearson = 0.8954105817262635
eval_runtime = 7.2333
eval_samples_per_second = 207.375
eval_spearmanr = 0.8971057748884725
