eval_combined_score = 0.883494995620602
eval_loss = 0.5193448066711426
eval_pearson = 0.8818167103419907
eval_runtime = 6.5032
eval_samples_per_second = 230.657
eval_spearmanr = 0.8851732808992132
