eval_combined_score = 0.8964103597159427
eval_loss = 0.5072892308235168
eval_pearson = 0.8960484501113503
eval_runtime = 7.5768
eval_samples_per_second = 197.973
eval_spearmanr = 0.8967722693205351
