eval_combined_score = 0.8513059654974215
eval_loss = 0.6214789748191833
eval_pearson = 0.8533364417410844
eval_runtime = 6.4692
eval_samples_per_second = 231.866
eval_spearmanr = 0.8492754892537587
