eval_combined_score = 0.8843815587228085
eval_loss = 0.538284182548523
eval_pearson = 0.8825891774937386
eval_runtime = 7.9979
eval_samples_per_second = 187.55
eval_spearmanr = 0.8861739399518787
