eval_combined_score = 0.8975877708054684
eval_loss = 0.5273995995521545
eval_pearson = 0.8967736661850353
eval_runtime = 6.5551
eval_samples_per_second = 228.828
eval_spearmanr = 0.8984018754259014
