eval_combined_score = 0.861979117924822
eval_loss = 0.6442967653274536
eval_pearson = 0.8631870838685537
eval_runtime = 6.8211
eval_samples_per_second = 219.906
eval_spearmanr = 0.8607711519810903
