eval_combined_score = 0.7399234273451664
eval_loss = 1.0280077457427979
eval_pearson = 0.7399259194538017
eval_runtime = 7.1096
eval_samples_per_second = 210.982
eval_spearmanr = 0.739920935236531
