eval_combined_score = 0.8982068472621585
eval_loss = 0.5067316889762878
eval_pearson = 0.8978140876454085
eval_runtime = 6.5109
eval_samples_per_second = 230.384
eval_spearmanr = 0.8985996068789084
