eval_combined_score = 0.8941335896832292
eval_loss = 0.5016748309135437
eval_pearson = 0.8935407477548916
eval_runtime = 6.8972
eval_samples_per_second = 217.479
eval_spearmanr = 0.8947264316115668
