eval_combined_score = 0.8889577332169534
eval_loss = 0.48636576533317566
eval_pearson = 0.8891716243549237
eval_runtime = 6.6307
eval_samples_per_second = 226.219
eval_spearmanr = 0.888743842078983
