eval_combined_score = 0.8458220600339091
eval_loss = 0.7021478414535522
eval_pearson = 0.8482428252541415
eval_runtime = 6.4775
eval_samples_per_second = 231.57
eval_spearmanr = 0.8434012948136768
