eval_combined_score = 0.807672952282779
eval_loss = 0.8273952007293701
eval_pearson = 0.8084628270918507
eval_runtime = 6.6384
eval_samples_per_second = 225.958
eval_spearmanr = 0.8068830774737075
