eval_combined_score = 0.8936227696599435
eval_loss = 0.5060735940933228
eval_pearson = 0.8937734857970642
eval_runtime = 6.4947
eval_samples_per_second = 230.957
eval_spearmanr = 0.8934720535228229
