eval_combined_score = 0.895034735611825
eval_loss = 0.5264477729797363
eval_pearson = 0.8942868075673792
eval_runtime = 6.4842
eval_samples_per_second = 231.331
eval_spearmanr = 0.8957826636562708
