eval_combined_score = 0.8879305979924672
eval_loss = 0.5478905439376831
eval_pearson = 0.8868878323954469
eval_runtime = 7.9543
eval_samples_per_second = 188.578
eval_spearmanr = 0.8889733635894874
