eval_combined_score = 0.8823782086813419
eval_loss = 0.6397014260292053
eval_pearson = 0.8800409357113801
eval_runtime = 7.5747
eval_samples_per_second = 198.029
eval_spearmanr = 0.8847154816513038
