eval_combined_score = 0.897112422382716
eval_loss = 0.5242665410041809
eval_pearson = 0.8962928522256617
eval_runtime = 6.7691
eval_samples_per_second = 221.595
eval_spearmanr = 0.8979319925397704
