eval_combined_score = 0.8951889263504715
eval_loss = 0.5329940319061279
eval_pearson = 0.8938168931345881
eval_runtime = 6.5927
eval_samples_per_second = 227.524
eval_spearmanr = 0.8965609595663548
