eval_combined_score = 0.8926678668100261
eval_loss = 0.5265906453132629
eval_pearson = 0.8916950251767182
eval_runtime = 6.6724
eval_samples_per_second = 224.807
eval_spearmanr = 0.893640708443334
