eval_combined_score = 0.885052125044874
eval_loss = 0.5488736033439636
eval_pearson = 0.8852901331391456
eval_runtime = 6.6734
eval_samples_per_second = 224.772
eval_spearmanr = 0.8848141169506022
