eval_combined_score = 0.8871346098313506
eval_loss = 0.5573559403419495
eval_pearson = 0.8861207641150679
eval_runtime = 6.5412
eval_samples_per_second = 229.315
eval_spearmanr = 0.8881484555476333
