eval_combined_score = 0.8954815101478291
eval_loss = 0.5117121338844299
eval_pearson = 0.8948425930613976
eval_runtime = 7.7736
eval_samples_per_second = 192.961
eval_spearmanr = 0.8961204272342607
