eval_combined_score = 0.8890043789674174
eval_loss = 0.5485637784004211
eval_pearson = 0.8886188655885155
eval_runtime = 6.4887
eval_samples_per_second = 231.171
eval_spearmanr = 0.889389892346319
