eval_combined_score = 0.8948577359227123
eval_loss = 0.5377097725868225
eval_pearson = 0.8938933188380934
eval_runtime = 6.5888
eval_samples_per_second = 227.66
eval_spearmanr = 0.8958221530073313
