eval_combined_score = 0.8427477677738345
eval_loss = 0.7421642541885376
eval_pearson = 0.8436592489300676
eval_runtime = 6.5281
eval_samples_per_second = 229.775
eval_spearmanr = 0.8418362866176015
