eval_combined_score = 0.8901821126500898
eval_loss = 0.5586500763893127
eval_pearson = 0.8887865378516786
eval_runtime = 6.5741
eval_samples_per_second = 228.167
eval_spearmanr = 0.8915776874485011
