eval_combined_score = 0.8713218210234481
eval_loss = 0.5635514259338379
eval_pearson = 0.8733925037941683
eval_runtime = 6.3909
eval_samples_per_second = 234.708
eval_spearmanr = 0.869251138252728
