eval_combined_score = 0.8960287961331096
eval_loss = 0.5248637199401855
eval_pearson = 0.8953091823927335
eval_runtime = 6.5202
eval_samples_per_second = 230.055
eval_spearmanr = 0.8967484098734857
