eval_combined_score = 0.8963198718374987
eval_loss = 0.5137836337089539
eval_pearson = 0.8958110383725051
eval_runtime = 6.6003
eval_samples_per_second = 227.263
eval_spearmanr = 0.8968287053024924
