eval_combined_score = 0.8917139493437773
eval_loss = 0.5678053498268127
eval_pearson = 0.890158934272677
eval_runtime = 7.4783
eval_samples_per_second = 200.582
eval_spearmanr = 0.8932689644148778
