eval_combined_score = 0.8958944792881617
eval_loss = 0.5324524641036987
eval_pearson = 0.8949549223093025
eval_runtime = 6.3729
eval_samples_per_second = 235.372
eval_spearmanr = 0.8968340362670209
