eval_combined_score = 0.8677928529491001
eval_loss = 0.7327601909637451
eval_pearson = 0.8655025510577936
eval_runtime = 6.3141
eval_samples_per_second = 237.564
eval_spearmanr = 0.8700831548404068
