eval_combined_score = 0.7003396563305657
eval_loss = 1.1406499147415161
eval_pearson = 0.7049787940232712
eval_runtime = 6.8092
eval_samples_per_second = 220.289
eval_spearmanr = 0.6957005186378602
