eval_combined_score = 0.8931235931881875
eval_loss = 0.5550681352615356
eval_pearson = 0.89196908069658
eval_runtime = 6.6458
eval_samples_per_second = 225.707
eval_spearmanr = 0.8942781056797949
