eval_combined_score = 0.8938515545990817
eval_loss = 0.5353161692619324
eval_pearson = 0.8917032194135278
eval_runtime = 6.4678
eval_samples_per_second = 231.92
eval_spearmanr = 0.8959998897846355
