eval_combined_score = 0.8956731321275486
eval_loss = 0.5262916684150696
eval_pearson = 0.8949086321758777
eval_runtime = 6.327
eval_samples_per_second = 237.081
eval_spearmanr = 0.8964376320792196
