eval_combined_score = 0.892443014286896
eval_loss = 0.5518450736999512
eval_pearson = 0.890770513753389
eval_runtime = 6.374
eval_samples_per_second = 235.33
eval_spearmanr = 0.8941155148204029
