eval_combined_score = 0.890498181614285
eval_loss = 0.5077048540115356
eval_pearson = 0.8902487795550414
eval_runtime = 7.487
eval_samples_per_second = 200.348
eval_spearmanr = 0.8907475836735286
