eval_combined_score = 0.8830306553513996
eval_loss = 0.5630090236663818
eval_pearson = 0.8830101718356073
eval_runtime = 6.7679
eval_samples_per_second = 221.635
eval_spearmanr = 0.8830511388671919
