eval_combined_score = 0.8285109799051582
eval_loss = 0.7327796220779419
eval_pearson = 0.8311518461186573
eval_runtime = 6.3828
eval_samples_per_second = 235.007
eval_spearmanr = 0.825870113691659
