eval_combined_score = 0.8966952566493953
eval_loss = 0.5103530287742615
eval_pearson = 0.8965159645483317
eval_runtime = 6.3702
eval_samples_per_second = 235.47
eval_spearmanr = 0.8968745487504589
