eval_combined_score = 0.8956690299895987
eval_loss = 0.5249421000480652
eval_pearson = 0.8949144306715269
eval_runtime = 6.5922
eval_samples_per_second = 227.543
eval_spearmanr = 0.8964236293076706
