eval_combined_score = 0.8967268213404447
eval_loss = 0.48941919207572937
eval_pearson = 0.8962280545425789
eval_runtime = 6.4632
eval_samples_per_second = 232.083
eval_spearmanr = 0.8972255881383103
