eval_combined_score = 0.8882958706680746
eval_loss = 0.556135356426239
eval_pearson = 0.8876532478774565
eval_runtime = 7.5666
eval_samples_per_second = 198.239
eval_spearmanr = 0.8889384934586927
