eval_combined_score = 0.8941712680368442
eval_loss = 0.5261646509170532
eval_pearson = 0.8933161327251254
eval_runtime = 6.5057
eval_samples_per_second = 230.567
eval_spearmanr = 0.895026403348563
