eval_combined_score = 0.8967431445386217
eval_loss = 0.5157774686813354
eval_pearson = 0.896497154838557
eval_runtime = 7.7934
eval_samples_per_second = 192.472
eval_spearmanr = 0.8969891342386864
