eval_combined_score = 0.8644089730140103
eval_loss = 0.7416387796401978
eval_pearson = 0.8640987407351428
eval_runtime = 6.4018
eval_samples_per_second = 234.308
eval_spearmanr = 0.8647192052928779
