eval_combined_score = 0.8752313800122047
eval_loss = 0.571458637714386
eval_pearson = 0.8749761245914786
eval_runtime = 7.6432
eval_samples_per_second = 196.252
eval_spearmanr = 0.8754866354329307
