eval_combined_score = 0.3742204591505316
eval_loss = 4.059565544128418
eval_pearson = 0.3928226376140087
eval_runtime = 6.7186
eval_samples_per_second = 223.26
eval_spearmanr = 0.3556182806870545
