eval_combined_score = 0.5747101342087717
eval_loss = 1.7945231199264526
eval_pearson = 0.5529027594199127
eval_runtime = 6.8835
eval_samples_per_second = 217.913
eval_spearmanr = 0.5965175089976306
