eval_combined_score = 0.8222555385931726
eval_loss = 0.8208593726158142
eval_pearson = 0.8249450354552482
eval_runtime = 6.3854
eval_samples_per_second = 234.91
eval_spearmanr = 0.8195660417310969
