eval_combined_score = 0.8964579054191821
eval_loss = 0.5085286498069763
eval_pearson = 0.8960842318684106
eval_runtime = 6.3731
eval_samples_per_second = 235.364
eval_spearmanr = 0.8968315789699536
