eval_combined_score = 0.8830570002305449
eval_loss = 0.6245084404945374
eval_pearson = 0.8805535840637373
eval_runtime = 6.5532
eval_samples_per_second = 228.897
eval_spearmanr = 0.8855604163973524
