eval_combined_score = 0.8985215353906315
eval_loss = 0.49810436367988586
eval_pearson = 0.8985357273111404
eval_runtime = 7.7168
eval_samples_per_second = 194.381
eval_spearmanr = 0.8985073434701226
