eval_combined_score = 0.8956442760796233
eval_loss = 0.5199724435806274
eval_pearson = 0.8951932299244952
eval_runtime = 7.8022
eval_samples_per_second = 192.253
eval_spearmanr = 0.8960953222347513
