eval_combined_score = 0.8961064461890278
eval_loss = 0.5012066960334778
eval_pearson = 0.8959755237820576
eval_runtime = 6.4598
eval_samples_per_second = 232.206
eval_spearmanr = 0.896237368595998
