eval_combined_score = 0.8946475888663232
eval_loss = 0.5324733853340149
eval_pearson = 0.8934138414105033
eval_runtime = 6.5411
eval_samples_per_second = 229.32
eval_spearmanr = 0.8958813363221431
