eval_combined_score = 0.8910378145113234
eval_loss = 0.5377722978591919
eval_pearson = 0.8907096730368016
eval_runtime = 6.5942
eval_samples_per_second = 227.473
eval_spearmanr = 0.8913659559858452
