eval_combined_score = 0.896505348902829
eval_loss = 0.508150041103363
eval_pearson = 0.8961345333957226
eval_runtime = 6.4348
eval_samples_per_second = 233.106
eval_spearmanr = 0.8968761644099355
