eval_combined_score = 0.7965511769491644
eval_loss = 0.8836500644683838
eval_pearson = 0.79219854744958
eval_runtime = 7.7864
eval_samples_per_second = 192.643
eval_spearmanr = 0.800903806448749
