eval_combined_score = 0.8909488188491568
eval_loss = 0.5365997552871704
eval_pearson = 0.8905354859855529
eval_runtime = 7.4843
eval_samples_per_second = 200.419
eval_spearmanr = 0.8913621517127607
