eval_combined_score = 0.8736993571857379
eval_loss = 0.6203758120536804
eval_pearson = 0.8735582081869723
eval_runtime = 6.3571
eval_samples_per_second = 235.958
eval_spearmanr = 0.8738405061845036
