eval_combined_score = 0.8886407030452912
eval_loss = 0.4957292377948761
eval_pearson = 0.888316674179642
eval_runtime = 6.5141
eval_samples_per_second = 230.27
eval_spearmanr = 0.8889647319109405
