eval_combined_score = 0.7694037154676068
eval_loss = 0.9782615303993225
eval_pearson = 0.7701089242631299
eval_runtime = 6.4659
eval_samples_per_second = 231.985
eval_spearmanr = 0.7686985066720837
