eval_combined_score = 0.8958784935884159
eval_loss = 0.5313611030578613
eval_pearson = 0.8948639330755404
eval_runtime = 6.7715
eval_samples_per_second = 221.518
eval_spearmanr = 0.8968930541012914
