eval_combined_score = 0.8958829184909203
eval_loss = 0.5235669612884521
eval_pearson = 0.894852807777814
eval_runtime = 6.3925
eval_samples_per_second = 234.652
eval_spearmanr = 0.8969130292040267
