eval_combined_score = 0.8954241239109431
eval_loss = 0.5176061987876892
eval_pearson = 0.8946526639521961
eval_runtime = 7.786
eval_samples_per_second = 192.653
eval_spearmanr = 0.8961955838696901
