eval_combined_score = 0.8755510120592114
eval_loss = 0.6311235427856445
eval_pearson = 0.8748470536363657
eval_runtime = 7.7644
eval_samples_per_second = 193.19
eval_spearmanr = 0.8762549704820569
