eval_combined_score = 0.8958657691572274
eval_loss = 0.531103253364563
eval_pearson = 0.8949709665108787
eval_runtime = 7.8578
eval_samples_per_second = 190.893
eval_spearmanr = 0.8967605718035762
