eval_combined_score = 0.896414598929326
eval_loss = 0.5088053941726685
eval_pearson = 0.8960382719416287
eval_runtime = 7.16
eval_samples_per_second = 209.496
eval_spearmanr = 0.8967909259170234
