eval_combined_score = 0.8940827459732354
eval_loss = 0.5515031218528748
eval_pearson = 0.8926944192522864
eval_runtime = 6.8806
eval_samples_per_second = 218.003
eval_spearmanr = 0.8954710726941846
