eval_combined_score = 0.8918819123036019
eval_loss = 0.5367028117179871
eval_pearson = 0.8910234149232128
eval_runtime = 6.7383
eval_samples_per_second = 222.608
eval_spearmanr = 0.8927404096839909
