eval_combined_score = 0.8398823576350654
eval_loss = 0.7107809782028198
eval_pearson = 0.8418895630552273
eval_runtime = 6.6257
eval_samples_per_second = 226.392
eval_spearmanr = 0.8378751522149034
