eval_combined_score = 0.8940873951493393
eval_loss = 0.4874576926231384
eval_pearson = 0.8940949107341533
eval_runtime = 6.7547
eval_samples_per_second = 222.069
eval_spearmanr = 0.8940798795645255
