eval_combined_score = 0.8888998846337461
eval_loss = 0.5268558859825134
eval_pearson = 0.888613585246627
eval_runtime = 6.6362
eval_samples_per_second = 226.031
eval_spearmanr = 0.8891861840208654
