eval_combined_score = 0.8862865165253624
eval_loss = 0.5584232807159424
eval_pearson = 0.885585693961721
eval_runtime = 6.6169
eval_samples_per_second = 226.692
eval_spearmanr = 0.8869873390890036
