eval_combined_score = 0.894622130202214
eval_loss = 0.4908769130706787
eval_pearson = 0.8948359802576898
eval_runtime = 6.5904
eval_samples_per_second = 227.603
eval_spearmanr = 0.8944082801467382
