eval_combined_score = 0.8963955226177418
eval_loss = 0.5062323212623596
eval_pearson = 0.895734281056947
eval_runtime = 7.5459
eval_samples_per_second = 198.783
eval_spearmanr = 0.8970567641785367
