eval_combined_score = 0.8267030636952655
eval_loss = 0.9378973841667175
eval_pearson = 0.8265088777596308
eval_runtime = 6.7453
eval_samples_per_second = 222.376
eval_spearmanr = 0.8268972496309003
