eval_combined_score = 0.8940205027794748
eval_loss = 0.5750380158424377
eval_pearson = 0.8925533118568683
eval_runtime = 6.6118
eval_samples_per_second = 226.867
eval_spearmanr = 0.8954876937020814
