eval_combined_score = 0.8939218301825851
eval_loss = 0.49539420008659363
eval_pearson = 0.8935749568270869
eval_runtime = 6.3816
eval_samples_per_second = 235.052
eval_spearmanr = 0.8942687035380834
