eval_combined_score = 0.8364707341892058
eval_loss = 0.8973357677459717
eval_pearson = 0.8349604602186638
eval_runtime = 6.4863
eval_samples_per_second = 231.258
eval_spearmanr = 0.8379810081597479
