eval_combined_score = 0.8946931256411068
eval_loss = 0.5093137621879578
eval_pearson = 0.8942083709609222
eval_runtime = 7.9276
eval_samples_per_second = 189.213
eval_spearmanr = 0.8951778803212915
