eval_combined_score = 0.8723692354050837
eval_loss = 0.6374011635780334
eval_pearson = 0.8721884050168429
eval_runtime = 6.6281
eval_samples_per_second = 226.308
eval_spearmanr = 0.8725500657933245
