eval_combined_score = 0.8898718949647025
eval_loss = 0.5974640846252441
eval_pearson = 0.8886789480300977
eval_runtime = 7.6847
eval_samples_per_second = 195.192
eval_spearmanr = 0.8910648418993073
