eval_combined_score = 0.8745671411510519
eval_loss = 0.6019273400306702
eval_pearson = 0.8747902455214459
eval_runtime = 6.6781
eval_samples_per_second = 224.615
eval_spearmanr = 0.874344036780658
