eval_combined_score = 0.8974620604629184
eval_loss = 0.5024276971817017
eval_pearson = 0.8968683649555704
eval_runtime = 6.6129
eval_samples_per_second = 226.829
eval_spearmanr = 0.8980557559702664
