eval_combined_score = 0.8939565584750758
eval_loss = 0.5339241027832031
eval_pearson = 0.8919357485333516
eval_runtime = 6.6974
eval_samples_per_second = 223.968
eval_spearmanr = 0.8959773684168001
