eval_combined_score = 0.8958603156540879
eval_loss = 0.5292324423789978
eval_pearson = 0.8945925556925891
eval_runtime = 8.044
eval_samples_per_second = 186.475
eval_spearmanr = 0.8971280756155866
