eval_combined_score = 0.8954238260363299
eval_loss = 0.5153459310531616
eval_pearson = 0.8951645222928191
eval_runtime = 7.685
eval_samples_per_second = 195.185
eval_spearmanr = 0.8956831297798408
