eval_combined_score = 0.8564518054720154
eval_loss = 0.7771838307380676
eval_pearson = 0.8543924356095336
eval_runtime = 6.493
eval_samples_per_second = 231.019
eval_spearmanr = 0.8585111753344973
