eval_combined_score = 0.8929213671574409
eval_loss = 0.5265455842018127
eval_pearson = 0.8923935598113863
eval_runtime = 6.476
eval_samples_per_second = 231.623
eval_spearmanr = 0.8934491745034954
