eval_combined_score = 0.8959645797924389
eval_loss = 0.5099213719367981
eval_pearson = 0.8956537553754764
eval_runtime = 7.0299
eval_samples_per_second = 213.374
eval_spearmanr = 0.8962754042094014
