eval_combined_score = 0.8949567061171037
eval_loss = 0.5293939113616943
eval_pearson = 0.8940479424710426
eval_runtime = 6.2802
eval_samples_per_second = 238.847
eval_spearmanr = 0.8958654697631647
