eval_combined_score = 0.8960632798685557
eval_loss = 0.536165714263916
eval_pearson = 0.8943135993078504
eval_runtime = 6.6778
eval_samples_per_second = 224.625
eval_spearmanr = 0.8978129604292612
