eval_combined_score = 0.8939191303683587
eval_loss = 0.5036268830299377
eval_pearson = 0.8923226755563378
eval_runtime = 7.548
eval_samples_per_second = 198.729
eval_spearmanr = 0.8955155851803795
