eval_combined_score = 0.8848911921488045
eval_loss = 0.5696874260902405
eval_pearson = 0.8839263111128538
eval_runtime = 7.5902
eval_samples_per_second = 197.622
eval_spearmanr = 0.8858560731847552
