eval_combined_score = 0.8864162958056245
eval_loss = 0.6195688247680664
eval_pearson = 0.8843471126996595
eval_runtime = 6.6415
eval_samples_per_second = 225.853
eval_spearmanr = 0.8884854789115896
