eval_combined_score = 0.8954468380582843
eval_loss = 0.5077412128448486
eval_pearson = 0.895399736858581
eval_runtime = 6.8355
eval_samples_per_second = 219.441
eval_spearmanr = 0.8954939392579875
