eval_combined_score = 0.8961171303085541
eval_loss = 0.5148635506629944
eval_pearson = 0.8955369522023303
eval_runtime = 6.4727
eval_samples_per_second = 231.742
eval_spearmanr = 0.8966973084147779
