eval_combined_score = 0.8947647298196573
eval_loss = 0.5166912078857422
eval_pearson = 0.8942337980980556
eval_runtime = 6.8113
eval_samples_per_second = 220.223
eval_spearmanr = 0.8952956615412588
