eval_combined_score = 0.8753496392738305
eval_loss = 0.567915678024292
eval_pearson = 0.8764099499897625
eval_runtime = 6.8527
eval_samples_per_second = 218.893
eval_spearmanr = 0.8742893285578984
