eval_combined_score = 0.8954122106355343
eval_loss = 0.5278387665748596
eval_pearson = 0.8948910617813975
eval_runtime = 7.3384
eval_samples_per_second = 204.406
eval_spearmanr = 0.8959333594896711
