eval_combined_score = 0.8945887012364138
eval_loss = 0.5435460805892944
eval_pearson = 0.8934819435029946
eval_runtime = 6.4525
eval_samples_per_second = 232.469
eval_spearmanr = 0.8956954589698329
