eval_combined_score = 0.8951581370511668
eval_loss = 0.5353943705558777
eval_pearson = 0.8942328379967708
eval_runtime = 7.5685
eval_samples_per_second = 198.19
eval_spearmanr = 0.8960834361055626
