eval_combined_score = 0.897104683703773
eval_loss = 0.5120671987533569
eval_pearson = 0.8965582095809063
eval_runtime = 6.5072
eval_samples_per_second = 230.513
eval_spearmanr = 0.89765115782664
