eval_accuracy = 0.821078431372549
eval_combined_score = 0.8430715631908956
eval_f1 = 0.8650646950092421
eval_loss = 0.45009344816207886
eval_runtime = 1.79
eval_samples_per_second = 227.937
