eval_accuracy = 0.8137254901960784
eval_combined_score = 0.845572422517394
eval_f1 = 0.8774193548387096
eval_loss = 0.44628259539604187
eval_runtime = 2.1294
eval_samples_per_second = 191.602
