eval_accuracy = 0.7696078431372549
eval_combined_score = 0.8102007469654529
eval_f1 = 0.8507936507936509
eval_loss = 0.5266873240470886
eval_runtime = 1.9807
eval_samples_per_second = 205.991
