eval_accuracy = 0.8406862745098039
eval_combined_score = 0.8615727936744317
eval_f1 = 0.8824593128390597
eval_loss = 0.3844332993030548
eval_runtime = 1.8072
eval_samples_per_second = 225.765
