eval_accuracy = 0.8578431372549019
eval_combined_score = 0.8761942959001783
eval_f1 = 0.8945454545454546
eval_loss = 0.34514620900154114
eval_runtime = 1.925
eval_samples_per_second = 211.948
