eval_accuracy = 0.8627450980392157
eval_combined_score = 0.8830966869506424
eval_f1 = 0.903448275862069
eval_loss = 0.34014132618904114
eval_runtime = 1.804
eval_samples_per_second = 226.163
