eval_accuracy = 0.9112292851842692
eval_combined_score = 0.8954873180821664
eval_f1 = 0.8797453509800637
eval_loss = 0.5202072858810425
eval_runtime = 189.2399
eval_samples_per_second = 213.644
