eval_accuracy = 0.9099183774424932
eval_combined_score = 0.8954377139222665
eval_f1 = 0.8809570504020396
eval_loss = 0.41124653816223145
eval_runtime = 206.0376
eval_samples_per_second = 196.226
