eval_accuracy = 0.9112045510759337
eval_combined_score = 0.8962830422266648
eval_f1 = 0.8813615333773959
eval_loss = 0.510246992111206
eval_runtime = 183.4222
eval_samples_per_second = 220.42
