eval_accuracy = 0.9043037348503586
eval_combined_score = 0.88780794592177
eval_f1 = 0.8713121569931813
eval_loss = 0.30474114418029785
eval_runtime = 192.4987
eval_samples_per_second = 210.027
