eval_accuracy = 0.9138511006678209
eval_combined_score = 0.899383835481771
eval_f1 = 0.8849165702957211
eval_loss = 0.5698341727256775
eval_runtime = 180.4222
eval_samples_per_second = 224.085
