eval_accuracy = 0.8997279248083107
eval_combined_score = 0.8826735619798647
eval_f1 = 0.8656191991514187
eval_loss = 0.295217901468277
eval_runtime = 188.4989
eval_samples_per_second = 214.484
