eval_accuracy = 0.9132080138511006
eval_combined_score = 0.8983788053193378
eval_f1 = 0.883549596787575
eval_loss = 0.5914778709411621
eval_runtime = 185.7405
eval_samples_per_second = 217.669
