eval_accuracy = 0.9031906999752659
eval_combined_score = 0.8867940254843217
eval_f1 = 0.8703973509933776
eval_loss = 0.3231769800186157
eval_runtime = 184.4425
eval_samples_per_second = 219.201
