eval_accuracy = 0.8911946574325995
eval_combined_score = 0.8734234156728216
eval_f1 = 0.8556521739130435
eval_loss = 0.27020058035850525
eval_runtime = 194.5412
eval_samples_per_second = 207.822
