eval_accuracy = 0.9100667820925056
eval_combined_score = 0.8935147121074332
eval_f1 = 0.8769626421223606
eval_loss = 0.4892812967300415
eval_runtime = 200.3342
eval_samples_per_second = 201.813
