eval_accuracy = 0.8855058125154588
eval_combined_score = 0.8687528423129777
eval_f1 = 0.8519998721104965
eval_loss = 0.33160650730133057
eval_runtime = 190.2092
eval_samples_per_second = 212.555
