eval_accuracy = 0.9091268859757605
eval_combined_score = 0.8937879516889986
eval_f1 = 0.8784490174022366
eval_loss = 0.47429049015045166
eval_runtime = 184.3587
eval_samples_per_second = 219.301
