eval_accuracy = 0.9111303487509276
eval_combined_score = 0.8951806494855441
eval_f1 = 0.8792309502201606
eval_loss = 0.4441857933998108
eval_runtime = 188.3035
eval_samples_per_second = 214.707
