eval_accuracy = 0.8815730892901311
eval_combined_score = 0.8574299986840628
eval_f1 = 0.8332869080779944
eval_loss = 0.28899577260017395
eval_runtime = 194.1224
eval_samples_per_second = 208.271
