eval_accuracy = 0.8977986643581499
eval_combined_score = 0.8806604631078634
eval_f1 = 0.863522261857577
eval_loss = 0.27118006348609924
eval_runtime = 204.7468
eval_samples_per_second = 197.463
