eval_accuracy = 0.906208261192184
eval_combined_score = 0.8892528475085996
eval_f1 = 0.8722974338250151
eval_loss = 0.37817737460136414
eval_runtime = 191.0731
eval_samples_per_second = 211.594
