eval_accuracy = 0.8719515211476626
eval_combined_score = 0.8548137501013138
eval_f1 = 0.837675979054965
eval_loss = 0.29116058349609375
eval_runtime = 186.8108
eval_samples_per_second = 216.422
