eval_accuracy = 0.9028444224585703
eval_combined_score = 0.8870751828563083
eval_f1 = 0.8713059432540462
eval_loss = 0.3080562353134155
eval_runtime = 197.3371
eval_samples_per_second = 204.878
