eval_accuracy = 0.9128122681177343
eval_combined_score = 0.8981974745919099
eval_f1 = 0.8835826810660855
eval_loss = 0.48834604024887085
eval_runtime = 180.7762
eval_samples_per_second = 223.647
