eval_accuracy = 0.8882018303240168
eval_combined_score = 0.8671149497716282
eval_f1 = 0.8460280692192397
eval_loss = 0.2820836007595062
eval_runtime = 193.1322
eval_samples_per_second = 209.338
