eval_accuracy = 0.9109077417759089
eval_combined_score = 0.8958496876737634
eval_f1 = 0.8807916335716177
eval_loss = 0.5271501541137695
eval_runtime = 183.8933
eval_samples_per_second = 219.856
