eval_accuracy = 0.8899332179074945
eval_combined_score = 0.8688149216377092
eval_f1 = 0.847696625367924
eval_loss = 0.2953612506389618
eval_runtime = 198.4403
eval_samples_per_second = 203.739
