eval_accuracy = 0.9132574820677715
eval_combined_score = 0.8984367256354854
eval_f1 = 0.8836159692031993
eval_loss = 0.6222878694534302
eval_runtime = 184.034
eval_samples_per_second = 219.688
