eval_accuracy = 0.9132574820677715
eval_combined_score = 0.89889274287775
eval_f1 = 0.8845280036877284
eval_loss = 0.5941947102546692
eval_runtime = 177.3353
eval_samples_per_second = 227.986
