eval_accuracy = 0.908335394509028
eval_combined_score = 0.8921155908986103
eval_f1 = 0.8758957872881924
eval_loss = 0.38114652037620544
eval_runtime = 192.5845
eval_samples_per_second = 209.934
