eval_accuracy = 0.8571110561464259
eval_combined_score = 0.8420916133248069
eval_f1 = 0.8270721705031879
eval_loss = 0.35506704449653625
eval_runtime = 180.2404
eval_samples_per_second = 224.312
