eval_accuracy = 0.9050457581004204
eval_combined_score = 0.8873468239077702
eval_f1 = 0.86964788971512
eval_loss = 0.3431496322154999
eval_runtime = 191.846
eval_samples_per_second = 210.742
