eval_accuracy = 0.8835765520652981
eval_combined_score = 0.86725617988672
eval_f1 = 0.850935807708142
eval_loss = 0.2857097387313843
eval_runtime = 202.8335
eval_samples_per_second = 199.326
