eval_accuracy = 0.9114024239426168
eval_combined_score = 0.8961005464139041
eval_f1 = 0.8807986688851914
eval_loss = 0.46903854608535767
eval_runtime = 179.4473
eval_samples_per_second = 225.303
