eval_accuracy = 0.9078654464506555
eval_combined_score = 0.8904852696399079
eval_f1 = 0.8731050928291603
eval_loss = 0.36812952160835266
eval_runtime = 193.0076
eval_samples_per_second = 209.474
