eval_accuracy = 0.9073212960672767
eval_combined_score = 0.8915069141650785
eval_f1 = 0.8756925322628804
eval_loss = 0.343957781791687
eval_runtime = 187.0708
eval_samples_per_second = 216.121
