eval_accuracy = 0.9132822161761068
eval_combined_score = 0.8983786778833207
eval_f1 = 0.8834751395905345
eval_loss = 0.5970830321311951
eval_runtime = 191.882
eval_samples_per_second = 210.702
