eval_accuracy = 0.9101409844175118
eval_combined_score = 0.8954407774728468
eval_f1 = 0.8807405705281818
eval_loss = 0.42618328332901
eval_runtime = 193.5889
eval_samples_per_second = 208.845
