eval_accuracy = 0.903635913925303
eval_combined_score = 0.8852697197393664
eval_f1 = 0.8669035255534299
eval_loss = 0.3964402973651886
eval_runtime = 185.5655
eval_samples_per_second = 217.874
