eval_accuracy = 0.9087558743507297
eval_combined_score = 0.8937414928478065
eval_f1 = 0.8787271113448831
eval_loss = 0.3782888650894165
eval_runtime = 195.0915
eval_samples_per_second = 207.236
