eval_accuracy = 0.9130596092010883
eval_combined_score = 0.897756437379864
eval_f1 = 0.8824532655586397
eval_loss = 0.6193594932556152
eval_runtime = 182.7387
eval_samples_per_second = 221.245
