eval_accuracy = 0.9076923076923077
eval_combined_score = 0.8931158277379718
eval_f1 = 0.878539347783636
eval_loss = 0.3893478512763977
eval_runtime = 192.0535
eval_samples_per_second = 210.514
