eval_accuracy = 0.9114024239426168
eval_combined_score = 0.8968602894402617
eval_f1 = 0.8823181549379066
eval_loss = 0.4821765124797821
eval_runtime = 184.5528
eval_samples_per_second = 219.07
