eval_accuracy = 0.8396240415533021
eval_combined_score = 0.8240817898665938
eval_f1 = 0.8085395381798856
eval_loss = 0.3603282868862152
eval_runtime = 182.6259
eval_samples_per_second = 221.382
