eval_accuracy = 0.8631461785802622
eval_combined_score = 0.8422014207390085
eval_f1 = 0.8212566628977548
eval_loss = 0.3117281496524811
eval_runtime = 182.473
eval_samples_per_second = 221.567
