eval_accuracy = 0.8967350976997279
eval_combined_score = 0.8750833641912716
eval_f1 = 0.8534316306828155
eval_loss = 0.35829785466194153
eval_runtime = 195.5856
eval_samples_per_second = 206.713
