eval_accuracy = 0.9125649270343804
eval_combined_score = 0.8979856859189845
eval_f1 = 0.8834064448035887
eval_loss = 0.45417320728302
eval_runtime = 184.5304
eval_samples_per_second = 219.097
