eval_accuracy = 0.8958446697996537
eval_combined_score = 0.8760843329209125
eval_f1 = 0.8563239960421712
eval_loss = 0.3029788136482239
eval_runtime = 200.7381
eval_samples_per_second = 201.407
