eval_accuracy = 0.8755379668562948
eval_combined_score = 0.8524808478349271
eval_f1 = 0.8294237288135592
eval_loss = 0.285057932138443
eval_runtime = 197.7183
eval_samples_per_second = 204.483
