eval_accuracy = 0.9096957704674746
eval_combined_score = 0.8938168264259408
eval_f1 = 0.8779378823844071
eval_loss = 0.3756383955478668
eval_runtime = 192.5295
eval_samples_per_second = 209.994
