eval_accuracy = 0.9129359386594114
eval_combined_score = 0.898124138526815
eval_f1 = 0.8833123383942186
eval_loss = 0.5222434401512146
eval_runtime = 181.2581
eval_samples_per_second = 223.052
