eval_accuracy = 0.9136037595844669
eval_combined_score = 0.89849386390067
eval_f1 = 0.883383968216873
eval_loss = 0.5311883091926575
eval_runtime = 183.4953
eval_samples_per_second = 220.333
