eval_accuracy = 0.9106851348008904
eval_combined_score = 0.8955676956904635
eval_f1 = 0.8804502565800364
eval_loss = 0.4195552468299866
eval_runtime = 185.0077
eval_samples_per_second = 218.531
