eval_accuracy = 0.9134306208261193
eval_combined_score = 0.8984984108787948
eval_f1 = 0.8835662009314704
eval_loss = 0.5977922081947327
eval_runtime = 181.6098
eval_samples_per_second = 222.62
