eval_accuracy = 0.9109324758842444
eval_combined_score = 0.8963345751617353
eval_f1 = 0.8817366744392263
eval_loss = 0.39358580112457275
eval_runtime = 186.0487
eval_samples_per_second = 217.309
