eval_accuracy = 0.9072470937422706
eval_combined_score = 0.890611045190802
eval_f1 = 0.8739749966393333
eval_loss = 0.37570732831954956
eval_runtime = 187.9689
eval_samples_per_second = 215.089
