eval_accuracy = 0.8953252535246105
eval_combined_score = 0.8804837582627179
eval_f1 = 0.8656422630008254
eval_loss = 0.25580960512161255
eval_runtime = 200.4355
eval_samples_per_second = 201.711
