eval_accuracy = 0.9052683650754391
eval_combined_score = 0.8881082710881609
eval_f1 = 0.8709481771008828
eval_loss = 0.36757123470306396
eval_runtime = 185.9882
eval_samples_per_second = 217.379
