eval_accuracy = 0.8950284442245857
eval_combined_score = 0.876818593114425
eval_f1 = 0.8586087420042644
eval_loss = 0.2845515310764313
eval_runtime = 196.6253
eval_samples_per_second = 205.619
