eval_accuracy = 0.9127380657927282
eval_combined_score = 0.8974157543722012
eval_f1 = 0.8820934429516742
eval_loss = 0.6028928756713867
eval_runtime = 186.0139
eval_samples_per_second = 217.349
