eval_accuracy = 0.9110808805342567
eval_combined_score = 0.8948899020885004
eval_f1 = 0.8786989236427439
eval_loss = 0.5268768668174744
eval_runtime = 182.751
eval_samples_per_second = 221.23
