eval_accuracy = 0.9099925797674994
eval_combined_score = 0.8946540353817101
eval_f1 = 0.8793154909959209
eval_loss = 0.3673582375049591
eval_runtime = 196.0775
eval_samples_per_second = 206.194
