eval_accuracy = 0.9090526836507544
eval_combined_score = 0.8930195337560587
eval_f1 = 0.876986383861363
eval_loss = 0.3812748193740845
eval_runtime = 189.373
eval_samples_per_second = 213.494
