eval_accuracy = 0.9
eval_combined_score = 0.8850980832824991
eval_f1 = 0.8701961665649982
eval_loss = 0.28799349069595337
eval_runtime = 188.5264
eval_samples_per_second = 214.453
