eval_accuracy = 0.9052683650754391
eval_combined_score = 0.8886686537782834
eval_f1 = 0.8720689424811278
eval_loss = 0.29951369762420654
eval_runtime = 186.3513
eval_samples_per_second = 216.956
