eval_accuracy = 0.8979470690081622
eval_combined_score = 0.8783663745341996
eval_f1 = 0.8587856800602369
eval_loss = 0.2712682783603668
eval_runtime = 189.781
eval_samples_per_second = 213.035
