eval_accuracy = 0.9098194410091516
eval_combined_score = 0.8936735767356809
eval_f1 = 0.8775277124622103
eval_loss = 0.3660515546798706
eval_runtime = 182.1424
eval_samples_per_second = 221.969
