eval_accuracy = 0.9068760821172397
eval_combined_score = 0.8909484145026032
eval_f1 = 0.8750207468879667
eval_loss = 0.3713657855987549
eval_runtime = 185.9503
eval_samples_per_second = 217.424
