eval_accuracy = 0.909844175117487
eval_combined_score = 0.8951268186850927
eval_f1 = 0.8804094622526984
eval_loss = 0.4997722804546356
eval_runtime = 187.6693
eval_samples_per_second = 215.432
