eval_accuracy = 0.897872866683156
eval_combined_score = 0.8818701954830197
eval_f1 = 0.8658675242828835
eval_loss = 0.2863005995750427
eval_runtime = 191.7485
eval_samples_per_second = 210.849
