eval_accuracy = 0.8961909473163493
eval_combined_score = 0.8794789219791372
eval_f1 = 0.8627668966419252
eval_loss = 0.3007050156593323
eval_runtime = 208.1533
eval_samples_per_second = 194.232
