eval_accuracy = 0.8962651496413554
eval_combined_score = 0.8812127382110275
eval_f1 = 0.8661603267806997
eval_loss = 0.3152497410774231
eval_runtime = 195.82
eval_samples_per_second = 206.465
