eval_accuracy = 0.9115508285926293
eval_combined_score = 0.8959920787339233
eval_f1 = 0.8804333288752173
eval_loss = 0.4093891978263855
eval_runtime = 188.4813
eval_samples_per_second = 214.504
