eval_accuracy = 0.8764036606480337
eval_combined_score = 0.8512581688423033
eval_f1 = 0.826112677036573
eval_loss = 0.2880716025829315
eval_runtime = 191.7479
eval_samples_per_second = 210.85
