eval_accuracy = 0.9121691813010141
eval_combined_score = 0.8963617610901451
eval_f1 = 0.8805543408792762
eval_loss = 0.5374957323074341
eval_runtime = 182.5739
eval_samples_per_second = 221.445
