eval_accuracy = 0.8329705664110809
eval_combined_score = 0.7904635611139494
eval_f1 = 0.7479565558168179
eval_loss = 0.37281009554862976
eval_runtime = 195.9618
eval_samples_per_second = 206.316
