eval_accuracy = 0.9094978976007915
eval_combined_score = 0.8939702371296872
eval_f1 = 0.8784425766585828
eval_loss = 0.3779691159725189
eval_runtime = 187.1641
eval_samples_per_second = 216.014
