eval_accuracy = 0.9111550828592629
eval_combined_score = 0.895862153745099
eval_f1 = 0.880569224630935
eval_loss = 0.49960458278656006
eval_runtime = 182.5009
eval_samples_per_second = 221.533
