eval_accuracy = 0.9138016324511501
eval_combined_score = 0.8985861681214287
eval_f1 = 0.8833707037917071
eval_loss = 0.5900704860687256
eval_runtime = 184.7174
eval_samples_per_second = 218.875
