eval_accuracy = 0.90972050457581
eval_combined_score = 0.8940147498540849
eval_f1 = 0.8783089951323597
eval_loss = 0.4199221730232239
eval_runtime = 195.6243
eval_samples_per_second = 206.672
