eval_accuracy = 0.9139005688844917
eval_combined_score = 0.899483384452151
eval_f1 = 0.8850662000198105
eval_loss = 0.5978603959083557
eval_runtime = 184.9027
eval_samples_per_second = 218.656
