eval_accuracy = 0.9058619836754885
eval_combined_score = 0.8906518977154769
eval_f1 = 0.8754418117554654
eval_loss = 0.3269909918308258
eval_runtime = 188.4415
eval_samples_per_second = 214.549
