eval_accuracy = 0.9071234232005936
eval_combined_score = 0.8910637920902937
eval_f1 = 0.875004160979994
eval_loss = 0.37915486097335815
eval_runtime = 193.6905
eval_samples_per_second = 208.735
