eval_accuracy = 0.9124659906010388
eval_combined_score = 0.8972987738184212
eval_f1 = 0.8821315570358035
eval_loss = 0.46978768706321716
eval_runtime = 181.917
eval_samples_per_second = 222.244
