eval_accuracy = 0.9098689092258224
eval_combined_score = 0.8947666981899537
eval_f1 = 0.879664487154085
eval_loss = 0.46306926012039185
eval_runtime = 188.5222
eval_samples_per_second = 214.457
