eval_accuracy = 0.9113034875092753
eval_combined_score = 0.8965704204384388
eval_f1 = 0.8818373533676025
eval_loss = 0.46305012702941895
eval_runtime = 192.6617
eval_samples_per_second = 209.85
