eval_accuracy = 0.9083106604006925
eval_combined_score = 0.8916911371629048
eval_f1 = 0.875071613925117
eval_loss = 0.3953518569469452
eval_runtime = 193.1182
eval_samples_per_second = 209.354
