eval_accuracy = 0.8927034380410587
eval_combined_score = 0.8718258806477971
eval_f1 = 0.8509483232545355
eval_loss = 0.28044185042381287
eval_runtime = 192.9451
eval_samples_per_second = 209.541
