eval_accuracy = 0.9076181053673015
eval_combined_score = 0.893035841710303
eval_f1 = 0.8784535780533047
eval_loss = 0.4223804473876953
eval_runtime = 189.3633
eval_samples_per_second = 213.505
