eval_accuracy = 0.9111798169675983
eval_combined_score = 0.8957538702260592
eval_f1 = 0.8803279234845203
eval_loss = 0.4860243499279022
eval_runtime = 182.1921
eval_samples_per_second = 221.909
