eval_accuracy = 0.9075439030422954
eval_combined_score = 0.8919663959655921
eval_f1 = 0.8763888888888888
eval_loss = 0.40234243869781494
eval_runtime = 191.0766
eval_samples_per_second = 211.591
