eval_accuracy = 0.9044026712837002
eval_combined_score = 0.8887970244767857
eval_f1 = 0.8731913776698711
eval_loss = 0.3410181403160095
eval_runtime = 187.1706
eval_samples_per_second = 216.006
