eval_accuracy = 0.9123175859510264
eval_combined_score = 0.8975385594867411
eval_f1 = 0.8827595330224559
eval_loss = 0.44126373529434204
eval_runtime = 186.6303
eval_samples_per_second = 216.631
