eval_accuracy = 0.9107098689092258
eval_combined_score = 0.8953442954493599
eval_f1 = 0.879978721989494
eval_loss = 0.5074663162231445
eval_runtime = 193.8032
eval_samples_per_second = 208.614
