eval_accuracy = 0.9105861983675488
eval_combined_score = 0.8943133751528713
eval_f1 = 0.8780405519381937
eval_loss = 0.40734389424324036
eval_runtime = 212.3833
eval_samples_per_second = 190.363
