eval_accuracy = 0.9038585209003216
eval_combined_score = 0.8879794068750892
eval_f1 = 0.8721002928498568
eval_loss = 0.2621733248233795
eval_runtime = 201.6176
eval_samples_per_second = 200.528
