eval_accuracy = 0.8809052683650754
eval_combined_score = 0.863753790638621
eval_f1 = 0.8466023129121666
eval_loss = 0.27337193489074707
eval_runtime = 187.2572
eval_samples_per_second = 215.906
