eval_accuracy = 0.9128617363344051
eval_combined_score = 0.8978956606438583
eval_f1 = 0.8829295849533114
eval_loss = 0.6129041314125061
eval_runtime = 185.5565
eval_samples_per_second = 217.885
