eval_accuracy = 0.797056641108088
eval_combined_score = 0.7846174500834068
eval_f1 = 0.7721782590587255
eval_loss = 0.4083683490753174
eval_runtime = 185.6819
eval_samples_per_second = 217.738
