eval_accuracy = 0.9136037595844669
eval_combined_score = 0.8989650085798613
eval_f1 = 0.8843262575752557
eval_loss = 0.6021726727485657
eval_runtime = 185.7331
eval_samples_per_second = 217.678
