eval_accuracy = 0.9083848627256987
eval_combined_score = 0.891421281688229
eval_f1 = 0.8744577006507592
eval_loss = 0.4172714948654175
eval_runtime = 184.638
eval_samples_per_second = 218.969
