eval_accuracy = 0.9123670541676973
eval_combined_score = 0.8965952462805925
eval_f1 = 0.8808234383934878
eval_loss = 0.5027704834938049
eval_runtime = 192.6581
eval_samples_per_second = 209.854
