eval_accuracy = 0.9045263418253772
eval_combined_score = 0.8882159153209982
eval_f1 = 0.8719054888166192
eval_loss = 0.36379989981651306
eval_runtime = 188.2329
eval_samples_per_second = 214.787
