eval_accuracy = 0.9134058867177838
eval_combined_score = 0.8978091574018889
eval_f1 = 0.8822124280859941
eval_loss = 0.5122198462486267
eval_runtime = 184.8973
eval_samples_per_second = 218.662
