eval_accuracy = 0.9139995053178332
eval_combined_score = 0.8988850944606883
eval_f1 = 0.8837706836035433
eval_loss = 0.5461827516555786
eval_runtime = 183.862
eval_samples_per_second = 219.893
