eval_accuracy = 0.9131585456344299
eval_combined_score = 0.8987393334412471
eval_f1 = 0.8843201212480644
eval_loss = 0.6260464191436768
eval_runtime = 183.2478
eval_samples_per_second = 220.63
