eval_accuracy = 0.9004452139500371
eval_combined_score = 0.8849177427766864
eval_f1 = 0.8693902716033358
eval_loss = 0.2889147102832794
eval_runtime = 193.8469
eval_samples_per_second = 208.567
