eval_accuracy = 0.9020776651001732
eval_combined_score = 0.8847083697950016
eval_f1 = 0.86733907448983
eval_loss = 0.271740585565567
eval_runtime = 195.1003
eval_samples_per_second = 207.227
