eval_accuracy = 0.9057383131338115
eval_combined_score = 0.8911365618865028
eval_f1 = 0.876534810639194
eval_loss = 0.39666128158569336
eval_runtime = 193.0454
eval_samples_per_second = 209.433
