eval_accuracy = 0.9016077170418006
eval_combined_score = 0.8870661157791199
eval_f1 = 0.8725245145164391
eval_loss = 0.3129039704799652
eval_runtime = 185.99
eval_samples_per_second = 217.377
