eval_accuracy = 0.9112045510759337
eval_combined_score = 0.8954803569956302
eval_f1 = 0.8797561629153269
eval_loss = 0.4970674514770508
eval_runtime = 182.2524
eval_samples_per_second = 221.835
