eval_accuracy = 0.8913430620826119
eval_combined_score = 0.8718520049112438
eval_f1 = 0.8523609477398757
eval_loss = 0.2832064628601074
eval_runtime = 197.618
eval_samples_per_second = 204.587
