eval_accuracy = 0.9133811526094484
eval_combined_score = 0.89848301031842
eval_f1 = 0.8835848680273918
eval_loss = 0.5892415046691895
eval_runtime = 190.6839
eval_samples_per_second = 212.026
