eval_accuracy = 0.9120207766510018
eval_combined_score = 0.8972771892898019
eval_f1 = 0.8825336019286021
eval_loss = 0.47503015398979187
eval_runtime = 179.3974
eval_samples_per_second = 225.366
