eval_accuracy = 0.8853574078654465
eval_combined_score = 0.8683068930152302
eval_f1 = 0.851256378165014
eval_loss = 0.2896806597709656
eval_runtime = 202.3705
eval_samples_per_second = 199.782
