eval_accuracy = 0.9032896364086075
eval_combined_score = 0.8870081720362154
eval_f1 = 0.8707267076638233
eval_loss = 0.32647791504859924
eval_runtime = 193.9446
eval_samples_per_second = 208.462
