eval_accuracy = 0.9132080138511006
eval_combined_score = 0.8983246513367777
eval_f1 = 0.8834412888224548
eval_loss = 0.598399817943573
eval_runtime = 178.0374
eval_samples_per_second = 227.087
