eval_accuracy = 0.8937422705911452
eval_combined_score = 0.8794130610540047
eval_f1 = 0.8650838515168644
eval_loss = 0.29085928201675415
eval_runtime = 199.2027
eval_samples_per_second = 202.959
