eval_accuracy = 0.9039574573336632
eval_combined_score = 0.8880736564177285
eval_f1 = 0.8721898555017938
eval_loss = 0.3042667806148529
eval_runtime = 197.972
eval_samples_per_second = 204.221
