eval_accuracy = 0.8983180806331932
eval_combined_score = 0.8814971686289177
eval_f1 = 0.8646762566246421
eval_loss = 0.26423999667167664
eval_runtime = 188.223
eval_samples_per_second = 214.798
