eval_accuracy = 0.8935938659411328
eval_combined_score = 0.8764246238689503
eval_f1 = 0.8592553817967677
eval_loss = 0.2925645411014557
eval_runtime = 188.7765
eval_samples_per_second = 214.169
