eval_accuracy = 0.8999505317833292
eval_combined_score = 0.8824167262918383
eval_f1 = 0.8648829208003475
eval_loss = 0.27525225281715393
eval_runtime = 197.3252
eval_samples_per_second = 204.89
