eval_accuracy = 0.9133316843927777
eval_combined_score = 0.8981566249909387
eval_f1 = 0.8829815655890997
eval_loss = 0.6086229085922241
eval_runtime = 181.8354
eval_samples_per_second = 222.344
