eval_accuracy = 0.9064803363838734
eval_combined_score = 0.8914166945662458
eval_f1 = 0.8763530527486183
eval_loss = 0.36645907163619995
eval_runtime = 191.665
eval_samples_per_second = 210.941
