eval_accuracy = 0.9025723472668811
eval_combined_score = 0.8878010174589893
eval_f1 = 0.8730296876510976
eval_loss = 0.2812761068344116
eval_runtime = 193.7028
eval_samples_per_second = 208.722
