eval_accuracy = 0.9103141231758595
eval_combined_score = 0.8960824444487965
eval_f1 = 0.8818507657217335
eval_loss = 0.4120803475379944
eval_runtime = 183.0892
eval_samples_per_second = 220.821
