eval_accuracy = 0.9127875340093989
eval_combined_score = 0.8979349832657247
eval_f1 = 0.8830824325220505
eval_loss = 0.5645593404769897
eval_runtime = 182.2522
eval_samples_per_second = 221.835
