eval_accuracy = 0.9116002968093
eval_combined_score = 0.8962175930565572
eval_f1 = 0.8808348893038145
eval_loss = 0.4687953591346741
eval_runtime = 191.5562
eval_samples_per_second = 211.061
