eval_accuracy = 0.9058619836754885
eval_combined_score = 0.8889818017039988
eval_f1 = 0.8721016197325089
eval_loss = 0.34083446860313416
eval_runtime = 192.3195
eval_samples_per_second = 210.223
