eval_accuracy = 0.9092010883007667
eval_combined_score = 0.893944914792464
eval_f1 = 0.8786887412841612
eval_loss = 0.5064569115638733
eval_runtime = 183.781
eval_samples_per_second = 219.99
