eval_accuracy = 0.9130596092010883
eval_combined_score = 0.8980147388439268
eval_f1 = 0.8829698684867654
eval_loss = 0.6033146977424622
eval_runtime = 184.6451
eval_samples_per_second = 218.961
