eval_accuracy = 0.9115755627009646
eval_combined_score = 0.8953277779681046
eval_f1 = 0.8790799932352444
eval_loss = 0.5083873867988586
eval_runtime = 183.5742
eval_samples_per_second = 220.238
