eval_accuracy = 0.9112540192926045
eval_combined_score = 0.8951374284203261
eval_f1 = 0.8790208375480476
eval_loss = 0.5420300960540771
eval_runtime = 184.6065
eval_samples_per_second = 219.006
