eval_accuracy = 0.9111550828592629
eval_combined_score = 0.8961230922770891
eval_f1 = 0.8810911016949153
eval_loss = 0.5124520063400269
eval_runtime = 186.3445
eval_samples_per_second = 216.964
