eval_accuracy = 0.9091021518674252
eval_combined_score = 0.8934050242216232
eval_f1 = 0.8777078965758212
eval_loss = 0.5060902833938599
eval_runtime = 184.0219
eval_samples_per_second = 219.702
