eval_accuracy = 0.897872866683156
eval_combined_score = 0.8802411283803429
eval_f1 = 0.8626093900775297
eval_loss = 0.2972162067890167
eval_runtime = 196.7671
eval_samples_per_second = 205.471
