eval_accuracy = 0.9128122681177343
eval_combined_score = 0.897228079463964
eval_f1 = 0.8816438908101938
eval_loss = 0.6102026104927063
eval_runtime = 184.5766
eval_samples_per_second = 219.042
