eval_accuracy = 0.9135048231511254
eval_combined_score = 0.8985757354817347
eval_f1 = 0.8836466478123441
eval_loss = 0.5277960300445557
eval_runtime = 182.6513
eval_samples_per_second = 221.351
