eval_accuracy = 0.9138016324511501
eval_combined_score = 0.898943058034988
eval_f1 = 0.884084483618826
eval_loss = 0.6045162677764893
eval_runtime = 182.8756
eval_samples_per_second = 221.079
