eval_accuracy = 0.9119218402176602
eval_combined_score = 0.8969238167565969
eval_f1 = 0.8819257932955337
eval_loss = 0.516623318195343
eval_runtime = 184.7905
eval_samples_per_second = 218.788
