eval_accuracy = 0.910338857284195
eval_combined_score = 0.8955418338136605
eval_f1 = 0.8807448103431261
eval_loss = 0.49351513385772705
eval_runtime = 180.3324
eval_samples_per_second = 224.197
