eval_accuracy = 0.9052930991837744
eval_combined_score = 0.8882308166084747
eval_f1 = 0.8711685340331751
eval_loss = 0.3686513900756836
eval_runtime = 189.7761
eval_samples_per_second = 213.04
