eval_accuracy = 0.906208261192184
eval_combined_score = 0.891167635104128
eval_f1 = 0.8761270090160721
eval_loss = 0.3564617931842804
eval_runtime = 187.6273
eval_samples_per_second = 215.48
