eval_accuracy = 0.913109077417759
eval_combined_score = 0.8979947787488862
eval_f1 = 0.8828804800800134
eval_loss = 0.6087732911109924
eval_runtime = 181.5907
eval_samples_per_second = 222.644
