eval_accuracy = 0.8952510511996042
eval_combined_score = 0.8788554304421261
eval_f1 = 0.8624598096846481
eval_loss = 0.2934666574001312
eval_runtime = 198.4957
eval_samples_per_second = 203.682
