eval_accuracy = 0.9081375216423448
eval_combined_score = 0.8913704017152233
eval_f1 = 0.8746032817881019
eval_loss = 0.3979700207710266
eval_runtime = 188.0708
eval_samples_per_second = 214.972
