eval_accuracy = 0.903067029433589
eval_combined_score = 0.8850534468626808
eval_f1 = 0.8670398642917727
eval_loss = 0.34620359539985657
eval_runtime = 189.8559
eval_samples_per_second = 212.951
