eval_accuracy = 0.864828097947069
eval_combined_score = 0.84538344095366
eval_f1 = 0.8259387839602509
eval_loss = 0.3118981420993805
eval_runtime = 201.3193
eval_samples_per_second = 200.825
