eval_accuracy = 0.9125154588177096
eval_combined_score = 0.8975445392757251
eval_f1 = 0.8825736197337406
eval_loss = 0.5142587423324585
eval_runtime = 185.7822
eval_samples_per_second = 217.62
