eval_accuracy = 0.9099183774424932
eval_combined_score = 0.8936666946115193
eval_f1 = 0.8774150117805453
eval_loss = 0.3732243776321411
eval_runtime = 190.2514
eval_samples_per_second = 212.508
