eval_accuracy = 0.9097947069008162
eval_combined_score = 0.8936464717198649
eval_f1 = 0.8774982365389137
eval_loss = 0.4369359016418457
eval_runtime = 184.7321
eval_samples_per_second = 218.857
