eval_accuracy = 0.8922334899826861
eval_combined_score = 0.8736570742778889
eval_f1 = 0.8550806585730917
eval_loss = 0.28300678730010986
eval_runtime = 186.3071
eval_samples_per_second = 217.007
