eval_accuracy = 0.7075812274368231
eval_loss = 1.1651194095611572
eval_runtime = 1.4817
eval_samples_per_second = 186.946
