eval_accuracy = 0.49458483754512633
eval_loss = 0.709633469581604
eval_runtime = 1.2474
eval_samples_per_second = 222.054
