eval_accuracy = 0.6931407942238267
eval_loss = 0.6379786729812622
eval_runtime = 1.2801
eval_samples_per_second = 216.389
