eval_accuracy = 0.6606498194945848
eval_loss = 0.6501688361167908
eval_runtime = 1.264
eval_samples_per_second = 219.141
