eval_accuracy = 0.703971119133574
eval_loss = 0.9593113660812378
eval_runtime = 1.5873
eval_samples_per_second = 174.508
