eval_accuracy = 0.6714801444043321
eval_loss = 0.645011842250824
eval_runtime = 1.672
eval_samples_per_second = 165.667
