eval_accuracy = 0.592057761732852
eval_loss = 0.6899546384811401
eval_runtime = 1.2327
eval_samples_per_second = 224.711
