eval_accuracy = 0.6534296028880866
eval_loss = 0.6748530268669128
eval_runtime = 1.3176
eval_samples_per_second = 210.234
