eval_accuracy = 0.7111913357400722
eval_loss = 1.2065497636795044
eval_runtime = 1.3307
eval_samples_per_second = 208.157
