eval_accuracy = 0.5740072202166066
eval_loss = 0.7335772514343262
eval_runtime = 1.218
eval_samples_per_second = 227.428
