eval_accuracy = 0.5523465703971119
eval_loss = 0.6911363005638123
eval_runtime = 1.2107
eval_samples_per_second = 228.794
