eval_accuracy = 0.5703971119133574
eval_loss = 0.6880346536636353
eval_runtime = 1.2925
eval_samples_per_second = 214.317
