eval_accuracy = 0.6714801444043321
eval_loss = 0.6576495170593262
eval_runtime = 1.2214
eval_samples_per_second = 226.78
