eval_accuracy = 0.5523465703971119
eval_loss = 0.6996496915817261
eval_runtime = 1.6451
eval_samples_per_second = 168.376
