eval_accuracy = 0.703971119133574
eval_loss = 0.745302140712738
eval_runtime = 1.3741
eval_samples_per_second = 201.583
