eval_accuracy = 0.6606498194945848
eval_loss = 0.7151551246643066
eval_runtime = 1.2079
eval_samples_per_second = 229.319
