eval_accuracy = 0.6245487364620939
eval_loss = 0.6704676747322083
eval_runtime = 1.409
eval_samples_per_second = 196.594
