eval_accuracy = 0.8692060351224339
eval_combined_score = 0.8431341183707375
eval_f1 = 0.8170622016190411
eval_loss = 0.310280978679657
eval_runtime = 182.2833
eval_samples_per_second = 221.798
