eval_accuracy = 0.901756121691813
eval_combined_score = 0.8851773859749259
eval_f1 = 0.8685986502580388
eval_loss = 0.26596125960350037
eval_runtime = 189.2534
eval_samples_per_second = 213.629
