eval_accuracy = 0.889092258224091
eval_combined_score = 0.8742331390850744
eval_f1 = 0.8593740199460578
eval_loss = 0.2863062024116516
eval_runtime = 189.7547
eval_samples_per_second = 213.065
