eval_accuracy = 0.8976749938164729
eval_combined_score = 0.8810689289430954
eval_f1 = 0.864462864069718
eval_loss = 0.2763710618019104
eval_runtime = 198.5909
eval_samples_per_second = 203.584
