eval_accuracy = 0.8834034133069503
eval_combined_score = 0.8630143860952859
eval_f1 = 0.8426253588836216
eval_loss = 0.27388855814933777
eval_runtime = 180.8409
eval_samples_per_second = 223.567
