eval_accuracy = 0.8970319069997527
eval_combined_score = 0.8786411675050461
eval_f1 = 0.8602504280103394
eval_loss = 0.27528926730155945
eval_runtime = 188.8106
eval_samples_per_second = 214.13
