eval_accuracy = 0.8802869156566906
eval_combined_score = 0.8558170239305127
eval_f1 = 0.8313471322043348
eval_loss = 0.3038536012172699
eval_runtime = 181.5893
eval_samples_per_second = 222.645
