eval_accuracy = 0.8913430620826119
eval_combined_score = 0.8707542419113903
eval_f1 = 0.8501654217401685
eval_loss = 0.2809440791606903
eval_runtime = 188.0963
eval_samples_per_second = 214.943
