eval_accuracy = 0.8998763294583231
eval_combined_score = 0.8825388973298941
eval_f1 = 0.8652014652014651
eval_loss = 0.27076980471611023
eval_runtime = 194.4877
eval_samples_per_second = 207.879
