eval_accuracy = 0.9028938906752412
eval_combined_score = 0.8872462650655117
eval_f1 = 0.8715986394557822
eval_loss = 0.2732068598270416
eval_runtime = 183.967
eval_samples_per_second = 219.768
