eval_accuracy = 0.837991590403166
eval_combined_score = 0.793169761699201
eval_f1 = 0.7483479329952359
eval_loss = 0.3591160476207733
eval_runtime = 178.2017
eval_samples_per_second = 226.878
