eval_accuracy = 0.9025228790502102
eval_combined_score = 0.8868302195663045
eval_f1 = 0.8711375600823986
eval_loss = 0.25634849071502686
eval_runtime = 188.0807
eval_samples_per_second = 214.961
