eval_accuracy = 0.8848132574820677
eval_combined_score = 0.861715635221264
eval_f1 = 0.8386180129604602
eval_loss = 0.28638097643852234
eval_runtime = 193.4964
eval_samples_per_second = 208.944
