eval_accuracy = 0.8942369527578531
eval_combined_score = 0.8793272404096197
eval_f1 = 0.8644175280613863
eval_loss = 0.2742462456226349
eval_runtime = 188.792
eval_samples_per_second = 214.151
