eval_accuracy = 0.9003215434083601
eval_combined_score = 0.8839562770268243
eval_f1 = 0.8675910106452884
eval_loss = 0.2721932530403137
eval_runtime = 191.7749
eval_samples_per_second = 210.82
