eval_accuracy = 0.8858768241404897
eval_combined_score = 0.8662684220403346
eval_f1 = 0.8466600199401795
eval_loss = 0.2703075408935547
eval_runtime = 182.1532
eval_samples_per_second = 221.956
