eval_accuracy = 0.8789512738065792
eval_combined_score = 0.8594612493550586
eval_f1 = 0.839971224903538
eval_loss = 0.28457364439964294
eval_runtime = 180.7849
eval_samples_per_second = 223.636
