eval_accuracy = 0.899752658916646
eval_combined_score = 0.8825619298569278
eval_f1 = 0.8653712007972097
eval_loss = 0.25873497128486633
eval_runtime = 194.1884
eval_samples_per_second = 208.2
