eval_accuracy = 0.8897106109324758
eval_combined_score = 0.8691327228489774
eval_f1 = 0.848554834765479
eval_loss = 0.27513033151626587
eval_runtime = 195.1092
eval_samples_per_second = 207.217
