eval_accuracy = 0.885951026465496
eval_combined_score = 0.868133766763019
eval_f1 = 0.8503165070605421
eval_loss = 0.2813945710659027
eval_runtime = 179.2116
eval_samples_per_second = 225.599
