eval_accuracy = 0.8875340093989612
eval_combined_score = 0.872298015984885
eval_f1 = 0.8570620225708088
eval_loss = 0.2689296007156372
eval_runtime = 189.4531
eval_samples_per_second = 213.404
