eval_accuracy = 0.8974523868414543
eval_combined_score = 0.8787633179566705
eval_f1 = 0.8600742490718867
eval_loss = 0.2703160047531128
eval_runtime = 194.2313
eval_samples_per_second = 208.154
