eval_accuracy = 0.9019787286668316
eval_combined_score = 0.8864012095695708
eval_f1 = 0.87082369047231
eval_loss = 0.2791402041912079
eval_runtime = 187.6986
eval_samples_per_second = 215.398
