eval_accuracy = 0.7689339599307445
eval_combined_score = 0.7625978503473384
eval_f1 = 0.7562617407639323
eval_loss = 0.48048868775367737
eval_runtime = 178.8147
eval_samples_per_second = 226.1
