eval_accuracy = 0.8187237200098937
eval_combined_score = 0.7600889771991299
eval_f1 = 0.7014542343883661
eval_loss = 0.4563930034637451
eval_runtime = 183.6128
eval_samples_per_second = 220.192
