eval_accuracy = 0.8980460054415038
eval_combined_score = 0.8791349050605282
eval_f1 = 0.8602238046795524
eval_loss = 0.2627160847187042
eval_runtime = 196.0591
eval_samples_per_second = 206.213
