eval_accuracy = 0.9024734108335395
eval_combined_score = 0.8863356289444387
eval_f1 = 0.870197847055338
eval_loss = 0.27933865785598755
eval_runtime = 217.1012
eval_samples_per_second = 186.227
