eval_accuracy = 0.8989859015582489
eval_combined_score = 0.8833059936936842
eval_f1 = 0.8676260858291197
eval_loss = 0.2618293762207031
eval_runtime = 193.904
eval_samples_per_second = 208.505
