eval_accuracy = 0.8735097699727925
eval_combined_score = 0.8551554466407236
eval_f1 = 0.8368011233086546
eval_loss = 0.33416733145713806
eval_runtime = 184.3109
eval_samples_per_second = 219.358
