eval_accuracy = 0.9013356418501113
eval_combined_score = 0.8846182133481441
eval_f1 = 0.8679007848461768
eval_loss = 0.27565374970436096
eval_runtime = 179.9983
eval_samples_per_second = 224.613
