eval_accuracy = 0.8691070986890923
eval_combined_score = 0.8447977827231079
eval_f1 = 0.8204884667571234
eval_loss = 0.32361212372779846
eval_runtime = 182.6467
eval_samples_per_second = 221.356
