eval_accuracy = 0.8296067276774672
eval_combined_score = 0.8166051142734915
eval_f1 = 0.8036035008695157
eval_loss = 0.3994506895542145
eval_runtime = 183.8442
eval_samples_per_second = 219.915
