eval_accuracy = 0.8912935938659411
eval_combined_score = 0.8700039619186852
eval_f1 = 0.8487143299714295
eval_loss = 0.29312852025032043
eval_runtime = 193.0497
eval_samples_per_second = 209.428
