eval_accuracy = 0.8800890427900074
eval_combined_score = 0.8548424124319105
eval_f1 = 0.8295957820738136
eval_loss = 0.3178781270980835
eval_runtime = 185.8594
eval_samples_per_second = 217.53
