eval_accuracy = 0.8925302992827109
eval_combined_score = 0.8762635385570957
eval_f1 = 0.8599967778314805
eval_loss = 0.2594158947467804
eval_runtime = 195.2961
eval_samples_per_second = 207.019
