eval_accuracy = 0.9027949542418996
eval_combined_score = 0.8867210239578928
eval_f1 = 0.8706470936738859
eval_loss = 0.2584456503391266
eval_runtime = 184.8395
eval_samples_per_second = 218.73
