eval_accuracy = 0.9020281968835023
eval_combined_score = 0.8861200979830205
eval_f1 = 0.8702119990825387
eval_loss = 0.29844388365745544
eval_runtime = 203.7791
eval_samples_per_second = 198.401
