eval_accuracy = 0.8975760573831313
eval_combined_score = 0.8794315151083412
eval_f1 = 0.861286972833551
eval_loss = 0.27409234642982483
eval_runtime = 195.8492
eval_samples_per_second = 206.434
