eval_accuracy = 0.9021518674251793
eval_combined_score = 0.885678856413112
eval_f1 = 0.8692058454010447
eval_loss = 0.28461986780166626
eval_runtime = 217.7784
eval_samples_per_second = 185.647
