eval_accuracy = 0.8831560722235964
eval_combined_score = 0.8688339646612284
eval_f1 = 0.8545118570988605
eval_loss = 0.28646141290664673
eval_runtime = 191.5465
eval_samples_per_second = 211.072
