eval_accuracy = 0.8881770962156814
eval_combined_score = 0.8676557501365812
eval_f1 = 0.8471344040574811
eval_loss = 0.2805875539779663
eval_runtime = 181.2319
eval_samples_per_second = 223.084
