eval_accuracy = 0.895795201582983
eval_combined_score = 0.8798911439714754
eval_f1 = 0.8639870863599677
eval_loss = 0.2750864326953888
eval_runtime = 189.7574
eval_samples_per_second = 213.062
