eval_accuracy = 0.9034133069502844
eval_combined_score = 0.8869964821298997
eval_f1 = 0.870579657309515
eval_loss = 0.2686105966567993
eval_runtime = 190.8622
eval_samples_per_second = 211.828
