eval_accuracy = 0.8995053178332921
eval_combined_score = 0.8830652020017
eval_f1 = 0.866625086170108
eval_loss = 0.2781619429588318
eval_runtime = 194.5005
eval_samples_per_second = 207.866
