eval_accuracy = 0.896611427158051
eval_combined_score = 0.8795330910058106
eval_f1 = 0.8624547548535701
eval_loss = 0.26014432311058044
eval_runtime = 189.1784
eval_samples_per_second = 213.714
