eval_accuracy = 0.8846895869403908
eval_combined_score = 0.8634828948302332
eval_f1 = 0.8422762027200756
eval_loss = 0.2914521396160126
eval_runtime = 183.2777
eval_samples_per_second = 220.594
