eval_accuracy = 0.8981944100915162
eval_combined_score = 0.881736639452671
eval_f1 = 0.8652788688138258
eval_loss = 0.26204219460487366
eval_runtime = 193.4134
eval_samples_per_second = 209.034
