eval_loss = 0.6439311504364014
eval_matthews_correlation = 0.07380739515541786
eval_runtime = 3.5473
eval_samples_per_second = 294.026
