eval_combined_score = 0.886454734044698
eval_loss = 0.5933132171630859
eval_pearson = 0.8823820660622834
eval_runtime = 6.8181
eval_samples_per_second = 220.002
eval_spearmanr = 0.8905274020271127
