eval_combined_score = 0.8701927846756435
eval_loss = 0.5659388303756714
eval_pearson = 0.8694552751369777
eval_runtime = 6.5409
eval_samples_per_second = 229.326
eval_spearmanr = 0.8709302942143093
