eval_combined_score = 0.8971693485512187
eval_loss = 0.5001465678215027
eval_pearson = 0.8959823341634199
eval_runtime = 7.6853
eval_samples_per_second = 195.178
eval_spearmanr = 0.8983563629390173
