eval_combined_score = 0.8974841962533863
eval_loss = 0.514371931552887
eval_pearson = 0.896481543712697
eval_runtime = 7.8853
eval_samples_per_second = 190.227
eval_spearmanr = 0.8984868487940756
