eval_combined_score = 0.894635462064221
eval_loss = 0.48592206835746765
eval_pearson = 0.8940661220804103
eval_runtime = 6.773
eval_samples_per_second = 221.468
eval_spearmanr = 0.8952048020480317
