eval_combined_score = 0.894537447532528
eval_loss = 0.49932006001472473
eval_pearson = 0.8939686731561421
eval_runtime = 6.7066
eval_samples_per_second = 223.661
eval_spearmanr = 0.8951062219089138
