eval_combined_score = 0.8969183922460742
eval_loss = 0.49906933307647705
eval_pearson = 0.8957769858144691
eval_runtime = 6.925
eval_samples_per_second = 216.607
eval_spearmanr = 0.8980597986776793
