eval_combined_score = 0.8958982044071568
eval_loss = 0.5009108185768127
eval_pearson = 0.8943271461308334
eval_runtime = 6.4665
eval_samples_per_second = 231.965
eval_spearmanr = 0.8974692626834803
