eval_combined_score = 0.8708208911830025
eval_loss = 0.5842866897583008
eval_pearson = 0.8697755889301413
eval_runtime = 7.5467
eval_samples_per_second = 198.761
eval_spearmanr = 0.8718661934358638
