eval_combined_score = 0.7775764337619975
eval_loss = 0.926256000995636
eval_pearson = 0.7691319556744981
eval_runtime = 6.864
eval_samples_per_second = 218.532
eval_spearmanr = 0.7860209118494969
