eval_combined_score = 0.8925168562111294
eval_loss = 0.5074295401573181
eval_pearson = 0.8915488617375911
eval_runtime = 6.4768
eval_samples_per_second = 231.595
eval_spearmanr = 0.8934848506846679
