eval_combined_score = 0.8774571404390892
eval_loss = 0.6122623682022095
eval_pearson = 0.8745164196403953
eval_runtime = 6.5734
eval_samples_per_second = 228.192
eval_spearmanr = 0.8803978612377832
