eval_combined_score = 0.89676724126516
eval_loss = 0.49864500761032104
eval_pearson = 0.8955184134201468
eval_runtime = 6.6154
eval_samples_per_second = 226.744
eval_spearmanr = 0.8980160691101733
