eval_combined_score = 0.8968709863526754
eval_loss = 0.49053335189819336
eval_pearson = 0.8961468131379464
eval_runtime = 6.7274
eval_samples_per_second = 222.968
eval_spearmanr = 0.8975951595674042
