eval_combined_score = 0.8551181373647889
eval_loss = 0.6956524848937988
eval_pearson = 0.8524696372747804
eval_runtime = 8.0347
eval_samples_per_second = 186.69
eval_spearmanr = 0.8577666374547974
