eval_combined_score = 0.8967450829534114
eval_loss = 0.4820733666419983
eval_pearson = 0.8966275281966016
eval_runtime = 6.4393
eval_samples_per_second = 232.943
eval_spearmanr = 0.896862637710221
