eval_combined_score = 0.8949353140582484
eval_loss = 0.5090168714523315
eval_pearson = 0.894605084033718
eval_runtime = 6.5858
eval_samples_per_second = 227.764
eval_spearmanr = 0.8952655440827789
