eval_combined_score = 0.8951368442872317
eval_loss = 0.5479270219802856
eval_pearson = 0.8932549368776417
eval_runtime = 6.8345
eval_samples_per_second = 219.474
eval_spearmanr = 0.8970187516968218
