eval_combined_score = 0.8960432276276573
eval_loss = 0.4904114305973053
eval_pearson = 0.8957700830461468
eval_runtime = 6.5328
eval_samples_per_second = 229.609
eval_spearmanr = 0.8963163722091678
