eval_combined_score = 0.8958654296953591
eval_loss = 0.512083888053894
eval_pearson = 0.8953605921266111
eval_runtime = 7.3135
eval_samples_per_second = 205.101
eval_spearmanr = 0.8963702672641071
