eval_combined_score = 0.8966177008779859
eval_loss = 0.4771451950073242
eval_pearson = 0.895259190324515
eval_runtime = 6.503
eval_samples_per_second = 230.661
eval_spearmanr = 0.8979762114314569
