eval_combined_score = 0.8827120026818212
eval_loss = 0.5176047086715698
eval_pearson = 0.8826645019287688
eval_runtime = 6.7306
eval_samples_per_second = 222.864
eval_spearmanr = 0.8827595034348735
