eval_combined_score = 0.8972761528705202
eval_loss = 0.49917057156562805
eval_pearson = 0.8962166830298408
eval_runtime = 6.5032
eval_samples_per_second = 230.657
eval_spearmanr = 0.8983356227111995
