eval_combined_score = 0.6911416671414802
eval_loss = 1.2297275066375732
eval_pearson = 0.6961540820283023
eval_runtime = 7.0384
eval_samples_per_second = 213.117
eval_spearmanr = 0.686129252254658
