eval_combined_score = 0.8939016301287426
eval_loss = 0.5013918876647949
eval_pearson = 0.893676046235663
eval_runtime = 7.1349
eval_samples_per_second = 210.235
eval_spearmanr = 0.8941272140218223
