eval_combined_score = 0.8961438953137661
eval_loss = 0.5005983710289001
eval_pearson = 0.8948503927346974
eval_runtime = 7.8993
eval_samples_per_second = 189.889
eval_spearmanr = 0.897437397892835
