eval_combined_score = 0.8858262535633854
eval_loss = 0.5486440658569336
eval_pearson = 0.8846897481258827
eval_runtime = 7.7928
eval_samples_per_second = 192.486
eval_spearmanr = 0.886962759000888
