eval_combined_score = 0.8981337193774169
eval_loss = 0.4761529862880707
eval_pearson = 0.8979907253369048
eval_runtime = 6.5776
eval_samples_per_second = 228.047
eval_spearmanr = 0.898276713417929
