eval_combined_score = 0.8976884945947121
eval_loss = 0.4856332242488861
eval_pearson = 0.8968625567464442
eval_runtime = 7.924
eval_samples_per_second = 189.298
eval_spearmanr = 0.89851443244298
