eval_combined_score = 0.8972300643138245
eval_loss = 0.49893108010292053
eval_pearson = 0.8969676790954475
eval_runtime = 6.4806
eval_samples_per_second = 231.461
eval_spearmanr = 0.8974924495322014
