eval_combined_score = 0.8962674447320017
eval_loss = 0.492536336183548
eval_pearson = 0.8950395947341114
eval_runtime = 8.0044
eval_samples_per_second = 187.397
eval_spearmanr = 0.897495294729892
