eval_combined_score = 0.8962786625549619
eval_loss = 0.5070210099220276
eval_pearson = 0.8947883700490704
eval_runtime = 6.6383
eval_samples_per_second = 225.962
eval_spearmanr = 0.8977689550608534
