eval_combined_score = 0.892015853066816
eval_loss = 0.5160108804702759
eval_pearson = 0.8902024103717074
eval_runtime = 6.6907
eval_samples_per_second = 224.191
eval_spearmanr = 0.8938292957619245
