eval_combined_score = 0.89657158897765
eval_loss = 0.5178946852684021
eval_pearson = 0.8954029969356307
eval_runtime = 6.7788
eval_samples_per_second = 221.279
eval_spearmanr = 0.8977401810196693
