eval_combined_score = 0.8948672963858806
eval_loss = 0.535723090171814
eval_pearson = 0.8933749127035632
eval_runtime = 6.5272
eval_samples_per_second = 229.808
eval_spearmanr = 0.8963596800681981
