eval_accuracy = 0.9254587155963303
eval_loss = 0.21872004866600037
eval_runtime = 3.3126
eval_samples_per_second = 263.236
