eval_accuracy = 0.9231651376146789
eval_loss = 0.2218056470155716
eval_runtime = 3.3372
eval_samples_per_second = 261.298
