eval_accuracy = 0.9243119266055045
eval_loss = 0.21766041219234467
eval_runtime = 3.3296
eval_samples_per_second = 261.895
