eval_accuracy = 0.9231651376146789
eval_loss = 0.22005245089530945
eval_runtime = 3.3288
eval_samples_per_second = 261.957
