eval_accuracy = 0.9243119266055045
eval_loss = 0.21955347061157227
eval_runtime = 3.3474
eval_samples_per_second = 260.5
