eval_accuracy = 0.9243119266055045
eval_loss = 0.21925267577171326
eval_runtime = 3.3136
eval_samples_per_second = 263.156
