eval_accuracy = 0.9243119266055045
eval_loss = 0.21938523650169373
eval_runtime = 3.4454
eval_samples_per_second = 253.092
