eval_accuracy = 0.9231651376146789
eval_loss = 0.21983526647090912
eval_runtime = 3.37
eval_samples_per_second = 258.754
