eval_accuracy = 0.9231651376146789
eval_loss = 0.21857646107673645
eval_runtime = 3.4769
eval_samples_per_second = 250.797
