eval_accuracy = 0.9036697247706422
eval_loss = 0.246503546833992
eval_runtime = 3.3186
eval_samples_per_second = 262.759
