eval_accuracy = 0.8876146788990825
eval_loss = 0.28292080760002136
eval_runtime = 3.3428
eval_samples_per_second = 260.856
