eval_accuracy = 0.9231651376146789
eval_loss = 0.2197006642818451
eval_runtime = 3.3233
eval_samples_per_second = 262.39
