eval_accuracy = 0.6548165137614679
eval_loss = 0.6547501683235168
eval_runtime = 3.4775
eval_samples_per_second = 250.756
