eval_accuracy = 0.9231651376146789
eval_loss = 0.21940825879573822
eval_runtime = 3.3163
eval_samples_per_second = 262.946
