eval_accuracy = 0.9231651376146789
eval_loss = 0.22074857354164124
eval_runtime = 3.3325
eval_samples_per_second = 261.665
