eval_accuracy = 0.9231651376146789
eval_loss = 0.22136184573173523
eval_runtime = 3.3455
eval_samples_per_second = 260.652
