eval_accuracy = 0.9231651376146789
eval_loss = 0.21984873712062836
eval_runtime = 3.323
eval_samples_per_second = 262.414
