eval_accuracy = 0.8899082568807339
eval_loss = 0.2643956243991852
eval_runtime = 3.3316
eval_samples_per_second = 261.739
