eval_accuracy = 0.9071100917431193
eval_loss = 0.24251914024353027
eval_runtime = 3.3446
eval_samples_per_second = 260.719
