eval_accuracy = 0.9243119266055045
eval_loss = 0.22117692232131958
eval_runtime = 3.3301
eval_samples_per_second = 261.852
