eval_accuracy = 0.9243119266055045
eval_loss = 0.21886995434761047
eval_runtime = 3.4216
eval_samples_per_second = 254.852
