eval_accuracy = 0.9220183486238532
eval_loss = 0.22249498963356018
eval_runtime = 3.5683
eval_samples_per_second = 244.372
