eval_accuracy = 0.5435779816513762
eval_loss = 0.6889519691467285
eval_runtime = 3.3541
eval_samples_per_second = 259.98
