eval_accuracy = 0.926605504587156
eval_loss = 0.21847762167453766
eval_runtime = 3.3263
eval_samples_per_second = 262.154
