eval_accuracy = 0.893348623853211
eval_loss = 0.25812244415283203
eval_runtime = 3.3155
eval_samples_per_second = 263.005
