eval_accuracy = 0.9151376146788991
eval_loss = 0.2280617654323578
eval_runtime = 3.3246
eval_samples_per_second = 262.289
