eval_accuracy = 0.9025229357798165
eval_loss = 0.2391766905784607
eval_runtime = 3.3054
eval_samples_per_second = 263.813
