eval_accuracy = 0.8738532110091743
eval_loss = 0.29780662059783936
eval_runtime = 3.3289
eval_samples_per_second = 261.949
