eval_accuracy = 0.9243119266055045
eval_loss = 0.21895039081573486
eval_runtime = 3.3407
eval_samples_per_second = 261.02
