eval_accuracy = 0.9243119266055045
eval_loss = 0.2207314670085907
eval_runtime = 3.3302
eval_samples_per_second = 261.846
