eval_accuracy = 0.6869266055045872
eval_loss = 0.629777193069458
eval_runtime = 3.3202
eval_samples_per_second = 262.634
