eval_accuracy = 0.9231651376146789
eval_loss = 0.22119475901126862
eval_runtime = 3.336
eval_samples_per_second = 261.393
