eval_accuracy = 0.9243119266055045
eval_loss = 0.21995295584201813
eval_runtime = 3.3327
eval_samples_per_second = 261.648
