eval_accuracy = 0.9243119266055045
eval_loss = 0.2196395993232727
eval_runtime = 3.3085
eval_samples_per_second = 263.563
