eval_accuracy = 0.9243119266055045
eval_loss = 0.22134217619895935
eval_runtime = 3.3223
eval_samples_per_second = 262.469
