eval_accuracy = 0.9243119266055045
eval_loss = 0.22066736221313477
eval_runtime = 3.3191
eval_samples_per_second = 262.722
