eval_accuracy = 0.9013761467889908
eval_loss = 0.24708084762096405
eval_runtime = 3.3108
eval_samples_per_second = 263.384
