eval_accuracy = 0.9231651376146789
eval_loss = 0.21984893083572388
eval_runtime = 3.454
eval_samples_per_second = 252.457
