eval_accuracy = 0.5884476534296029
eval_loss = 0.6614256501197815
eval_runtime = 1.4787
eval_samples_per_second = 187.333
