eval_accuracy = 0.7075812274368231
eval_loss = 0.6681238412857056
eval_runtime = 1.2417
eval_samples_per_second = 223.075
