eval_accuracy = 0.6498194945848376
eval_loss = 0.6561555862426758
eval_runtime = 1.2493
eval_samples_per_second = 221.721
