eval_accuracy = 0.6967509025270758
eval_loss = 0.6892993450164795
eval_runtime = 1.5658
eval_samples_per_second = 176.908
