eval_accuracy = 0.6895306859205776
eval_loss = 0.6846879720687866
eval_runtime = 1.2075
eval_samples_per_second = 229.4
