eval_accuracy = 0.6895306859205776
eval_loss = 0.6722546219825745
eval_runtime = 1.1912
eval_samples_per_second = 232.537
