eval_accuracy = 0.6678700361010831
eval_loss = 0.7014312744140625
eval_runtime = 1.4443
eval_samples_per_second = 191.789
