eval_accuracy = 0.9357798165137615
eval_loss = 0.22741927206516266
eval_runtime = 4.0215
eval_samples_per_second = 216.833
