eval_accuracy = 0.9403669724770642
eval_loss = 0.2446354329586029
eval_runtime = 3.9252
eval_samples_per_second = 222.156
