eval_accuracy = 0.926605504587156
eval_loss = 0.2647223472595215
eval_runtime = 4.0427
eval_samples_per_second = 215.699
