eval_accuracy = 0.9392201834862385
eval_loss = 0.2622067630290985
eval_runtime = 4.0612
eval_samples_per_second = 214.713
