eval_accuracy = 0.8428899082568807
eval_loss = 0.5471009612083435
eval_runtime = 4.0471
eval_samples_per_second = 215.465
