eval_accuracy = 0.908256880733945
eval_loss = 0.32751619815826416
eval_runtime = 4.0935
eval_samples_per_second = 213.021
