eval_accuracy = 0.930045871559633
eval_loss = 0.24892157316207886
eval_runtime = 4.0308
eval_samples_per_second = 216.334
