eval_accuracy = 0.9403669724770642
eval_loss = 0.26437661051750183
eval_runtime = 4.0835
eval_samples_per_second = 213.544
