eval_accuracy = 0.9059633027522935
eval_loss = 0.25357869267463684
eval_runtime = 4.1351
eval_samples_per_second = 210.879
