eval_accuracy = 0.930045871559633
eval_loss = 0.26634010672569275
eval_runtime = 3.8986
eval_samples_per_second = 223.673
