eval_accuracy = 0.9369266055045872
eval_loss = 0.2638353407382965
eval_runtime = 4.0233
eval_samples_per_second = 216.738
