eval_accuracy = 0.9380733944954128
eval_loss = 0.25367453694343567
eval_runtime = 4.0041
eval_samples_per_second = 217.779
