eval_accuracy = 0.9013761467889908
eval_loss = 0.28540942072868347
eval_runtime = 3.9553
eval_samples_per_second = 220.462
