eval_accuracy = 0.9415137614678899
eval_loss = 0.24026702344417572
eval_runtime = 3.9511
eval_samples_per_second = 220.697
