eval_accuracy = 0.9346330275229358
eval_loss = 0.26269224286079407
eval_runtime = 3.9793
eval_samples_per_second = 219.135
