eval_accuracy = 0.9334862385321101
eval_loss = 0.43031615018844604
eval_runtime = 4.5668
eval_samples_per_second = 190.944
