eval_accuracy = 0.9334862385321101
eval_loss = 0.4303434193134308
eval_runtime = 4.2697
eval_samples_per_second = 204.23
