eval_accuracy = 0.9334862385321101
eval_loss = 0.4379037320613861
eval_runtime = 3.9159
eval_samples_per_second = 222.68
