eval_accuracy = 0.9334862385321101
eval_loss = 0.33646371960639954
eval_runtime = 4.5911
eval_samples_per_second = 189.931
