eval_accuracy = 0.9334862385321101
eval_loss = 0.3699486553668976
eval_runtime = 3.7681
eval_samples_per_second = 231.416
