eval_accuracy = 0.930045871559633
eval_loss = 0.31101134419441223
eval_runtime = 3.8967
eval_samples_per_second = 223.779
