eval_accuracy = 0.9311926605504587
eval_loss = 0.28532999753952026
eval_runtime = 4.0
eval_samples_per_second = 218.002
