eval_accuracy = 0.9392201834862385
eval_loss = 0.31631171703338623
eval_runtime = 3.7721
eval_samples_per_second = 231.169
