eval_accuracy = 0.9323394495412844
eval_loss = 0.38173583149909973
eval_runtime = 3.9175
eval_samples_per_second = 222.592
