eval_accuracy = 0.9220183486238532
eval_loss = 0.26249900460243225
eval_runtime = 3.8402
eval_samples_per_second = 227.07
