eval_accuracy = 0.9334862385321101
eval_loss = 0.36913907527923584
eval_runtime = 4.3409
eval_samples_per_second = 200.881
