eval_accuracy = 0.9174311926605505
eval_loss = 0.25250259041786194
eval_runtime = 3.8057
eval_samples_per_second = 229.133
