eval_accuracy = 0.9369266055045872
eval_loss = 0.2993999719619751
eval_runtime = 3.8533
eval_samples_per_second = 226.299
