eval_accuracy = 0.9277522935779816
eval_loss = 0.2414197027683258
eval_runtime = 3.936
eval_samples_per_second = 221.547
