eval_accuracy = 0.9311926605504587
eval_loss = 0.37759721279144287
eval_runtime = 4.1419
eval_samples_per_second = 210.529
