eval_accuracy = 0.9334862385321101
eval_loss = 0.4266796410083771
eval_runtime = 3.8851
eval_samples_per_second = 224.445
