eval_accuracy = 0.9334862385321101
eval_loss = 0.39003515243530273
eval_runtime = 3.8142
eval_samples_per_second = 228.621
