eval_accuracy = 0.9357798165137615
eval_loss = 0.36615756154060364
eval_runtime = 4.0671
eval_samples_per_second = 214.401
