eval_accuracy = 0.9346330275229358
eval_loss = 0.2869701087474823
eval_runtime = 3.9181
eval_samples_per_second = 222.555
