eval_accuracy = 0.9357798165137615
eval_loss = 0.25639665126800537
eval_runtime = 3.9907
eval_samples_per_second = 218.51
