eval_accuracy = 0.9311926605504587
eval_loss = 0.3139548897743225
eval_runtime = 4.6393
eval_samples_per_second = 187.959
