eval_accuracy = 0.9185779816513762
eval_loss = 0.23588313162326813
eval_runtime = 4.8081
eval_samples_per_second = 181.359
