eval_accuracy = 0.6838235294117647
eval_combined_score = 0.7480253018237863
eval_f1 = 0.8122270742358079
eval_loss = 2.246170997619629
eval_runtime = 1.561
eval_samples_per_second = 261.365
