eval_accuracy = 0.7426470588235294
eval_combined_score = 0.7870538664904164
eval_f1 = 0.8314606741573034
eval_loss = 0.838693380355835
eval_runtime = 1.5603
eval_samples_per_second = 261.486
