eval_accuracy = 0.9369266055045872
eval_loss = 0.319618284702301
eval_runtime = 3.8006
eval_samples_per_second = 229.44
