eval_accuracy = 0.9334862385321101
eval_loss = 0.2212437242269516
eval_runtime = 3.9204
eval_samples_per_second = 222.426
