eval_accuracy = 0.9415137614678899
eval_loss = 0.3482957184314728
eval_runtime = 4.0988
eval_samples_per_second = 212.748
