eval_accuracy = 0.9346330275229358
eval_loss = 0.23370274901390076
eval_runtime = 4.2658
eval_samples_per_second = 204.416
