eval_accuracy = 0.9403669724770642
eval_loss = 0.3365006148815155
eval_runtime = 4.1587
eval_samples_per_second = 209.679
