eval_accuracy = 0.944954128440367
eval_loss = 0.3228656053543091
eval_runtime = 4.5602
eval_samples_per_second = 191.219
