eval_loss = 0.35678473114967346
eval_matthews_correlation = 0.6591892411081671
eval_runtime = 4.5218
eval_samples_per_second = 230.658
