eval_loss = 0.8045446872711182
eval_matthews_correlation = 0.6561418141429641
eval_runtime = 4.4592
eval_samples_per_second = 233.9
