eval_loss = 0.7879268527030945
eval_matthews_correlation = 0.6809478001855582
eval_runtime = 4.4512
eval_samples_per_second = 234.317
