eval_loss = 0.4359213709831238
eval_matthews_correlation = 0.6704274910523875
eval_runtime = 4.4698
eval_samples_per_second = 233.344
