eval_loss = 0.9447879791259766
eval_matthews_correlation = 0.6433364564823282
eval_runtime = 4.5027
eval_samples_per_second = 231.64
