eval_loss = 0.5292999148368835
eval_matthews_correlation = 0.5506507396732544
eval_runtime = 4.6213
eval_samples_per_second = 225.692
