eval_loss = 1.0833930969238281
eval_matthews_correlation = 0.581055666295123
eval_runtime = 5.2117
eval_samples_per_second = 200.125
