eval_loss = 0.5500890016555786
eval_matthews_correlation = 0.5647658135732772
eval_runtime = 4.4565
eval_samples_per_second = 234.042
