eval_loss = 1.040484070777893
eval_matthews_correlation = 0.5847656895813115
eval_runtime = 4.597
eval_samples_per_second = 226.888
