eval_accuracy = 0.7003610108303249
eval_loss = 0.7520419359207153
eval_runtime = 1.204
eval_samples_per_second = 230.057
