eval_accuracy = 0.5415162454873647
eval_loss = 0.7700844407081604
eval_runtime = 1.2052
eval_samples_per_second = 229.839
