eval_accuracy = 0.7328519855595668
eval_loss = 0.7064619660377502
eval_runtime = 1.2085
eval_samples_per_second = 229.21
