eval_accuracy = 0.6787003610108303
eval_loss = 0.6302108764648438
eval_runtime = 1.1886
eval_samples_per_second = 233.045
