eval_accuracy = 0.7256317689530686
eval_loss = 0.7019850611686707
eval_runtime = 1.2047
eval_samples_per_second = 229.937
