eval_accuracy = 0.5992779783393501
eval_loss = 0.6724071502685547
eval_runtime = 1.1957
eval_samples_per_second = 231.657
