eval_accuracy = 0.6353790613718412
eval_loss = 0.6432793736457825
eval_runtime = 1.2072
eval_samples_per_second = 229.451
