eval_accuracy = 0.628158844765343
eval_loss = 0.6671849489212036
eval_runtime = 1.2552
eval_samples_per_second = 220.676
