eval_accuracy = 0.7364620938628159
eval_loss = 0.7276079058647156
eval_runtime = 1.1954
eval_samples_per_second = 231.727
