eval_accuracy = 0.6678700361010831
eval_loss = 0.6199257969856262
eval_runtime = 1.1854
eval_samples_per_second = 233.676
