eval_accuracy = 0.592057761732852
eval_loss = 0.6647494435310364
eval_runtime = 1.3986
eval_samples_per_second = 198.052
