eval_accuracy = 0.5956678700361011
eval_loss = 0.7134078741073608
eval_runtime = 1.1628
eval_samples_per_second = 238.225
