eval_accuracy = 0.8847389558232932
eval_loss = 0.31437718868255615
eval_runtime = 10.5753
eval_samples_per_second = 235.453
