eval_accuracy = 0.6100401606425703
eval_loss = 0.6971814036369324
eval_runtime = 10.6378
eval_samples_per_second = 234.072
