eval_accuracy = 0.8955823293172691
eval_loss = 0.28040194511413574
eval_runtime = 10.8121
eval_samples_per_second = 230.298
