eval_accuracy = 0.6345381526104418
eval_loss = 0.6537935137748718
eval_runtime = 10.3094
eval_samples_per_second = 241.526
