eval_accuracy = 0.7827309236947791
eval_loss = 0.5326168537139893
eval_runtime = 10.6851
eval_samples_per_second = 233.034
