eval_accuracy = 0.793574297188755
eval_loss = 0.4532908499240875
eval_runtime = 10.5949
eval_samples_per_second = 235.02
