eval_accuracy = 0.9040160642570281
eval_loss = 0.25313618779182434
eval_runtime = 10.5913
eval_samples_per_second = 235.1
