eval_accuracy = 0.8333333333333334
eval_loss = 0.4126631021499634
eval_runtime = 10.6069
eval_samples_per_second = 234.754
