eval_accuracy = 0.5959839357429719
eval_loss = 0.665801465511322
eval_runtime = 10.7504
eval_samples_per_second = 231.619
