eval_combined_score = 0.8993024015979942
eval_loss = 0.46703600883483887
eval_pearson = 0.8997491854644754
eval_runtime = 6.9657
eval_samples_per_second = 215.342
eval_spearmanr = 0.898855617731513
