eval_combined_score = 0.869120096623748
eval_loss = 0.8082573413848877
eval_pearson = 0.8658428232889501
eval_runtime = 7.6893
eval_samples_per_second = 195.077
eval_spearmanr = 0.8723973699585458
