eval_combined_score = 0.8872938834915185
eval_loss = 0.6345735788345337
eval_pearson = 0.8835524624706356
eval_runtime = 6.9929
eval_samples_per_second = 214.503
eval_spearmanr = 0.8910353045124014
