eval_combined_score = 0.8989754363513346
eval_loss = 0.47696971893310547
eval_pearson = 0.8989435822687553
eval_runtime = 6.7727
eval_samples_per_second = 221.478
eval_spearmanr = 0.8990072904339139
