eval_combined_score = 0.8968964887420597
eval_loss = 0.5363158583641052
eval_pearson = 0.8969029020325678
eval_runtime = 6.6876
eval_samples_per_second = 224.297
eval_spearmanr = 0.8968900754515516
