eval_combined_score = 0.8986387218826144
eval_loss = 0.4538068175315857
eval_pearson = 0.8993858533885356
eval_runtime = 7.8735
eval_samples_per_second = 190.512
eval_spearmanr = 0.8978915903766932
