eval_combined_score = 0.8359232686903943
eval_loss = 0.7643675208091736
eval_pearson = 0.8321719675555805
eval_runtime = 6.6617
eval_samples_per_second = 225.168
eval_spearmanr = 0.839674569825208
