eval_combined_score = 0.8986507292934258
eval_loss = 0.46046918630599976
eval_pearson = 0.8992573040480686
eval_runtime = 6.7856
eval_samples_per_second = 221.055
eval_spearmanr = 0.8980441545387831
