eval_combined_score = 0.876347762635449
eval_loss = 0.5346417427062988
eval_pearson = 0.876578677659839
eval_runtime = 6.7042
eval_samples_per_second = 223.74
eval_spearmanr = 0.8761168476110589
