eval_combined_score = 0.7993474020264911
eval_loss = 1.2175124883651733
eval_pearson = 0.7795750170778524
eval_runtime = 6.5285
eval_samples_per_second = 229.763
eval_spearmanr = 0.8191197869751299
