eval_combined_score = 0.8804465456556214
eval_loss = 0.5062451958656311
eval_pearson = 0.880436212239189
eval_runtime = 6.8774
eval_samples_per_second = 218.104
eval_spearmanr = 0.8804568790720539
