eval_combined_score = 0.8853202583749744
eval_loss = 0.4955378770828247
eval_pearson = 0.8858706560576072
eval_runtime = 6.7884
eval_samples_per_second = 220.964
eval_spearmanr = 0.8847698606923416
