eval_combined_score = 0.8572946450093604
eval_loss = 0.6910066604614258
eval_pearson = 0.8566535207747563
eval_runtime = 7.7713
eval_samples_per_second = 193.019
eval_spearmanr = 0.8579357692439645
