eval_combined_score = 0.8979959408417713
eval_loss = 0.46761253476142883
eval_pearson = 0.898406200770358
eval_runtime = 6.5814
eval_samples_per_second = 227.915
eval_spearmanr = 0.8975856809131846
