eval_combined_score = 0.8612343347602469
eval_loss = 0.6135951280593872
eval_pearson = 0.8612587627886056
eval_runtime = 6.9683
eval_samples_per_second = 215.259
eval_spearmanr = 0.8612099067318882
