eval_combined_score = 0.8993968924478072
eval_loss = 0.464671790599823
eval_pearson = 0.8997185691479808
eval_runtime = 6.8258
eval_samples_per_second = 219.755
eval_spearmanr = 0.8990752157476336
