eval_combined_score = 0.8733716835785736
eval_loss = 0.6567872166633606
eval_pearson = 0.8705563006364821
eval_runtime = 6.8226
eval_samples_per_second = 219.857
eval_spearmanr = 0.8761870665206651
