eval_combined_score = 0.8377748114831963
eval_loss = 1.426084041595459
eval_pearson = 0.8353970581498185
eval_runtime = 7.2809
eval_samples_per_second = 206.018
eval_spearmanr = 0.8401525648165742
