eval_combined_score = 0.8890044677163705
eval_loss = 0.6936217546463013
eval_pearson = 0.8876598929591627
eval_runtime = 7.1494
eval_samples_per_second = 209.806
eval_spearmanr = 0.8903490424735784
