eval_combined_score = 0.8822472798514941
eval_loss = 0.5590296387672424
eval_pearson = 0.8825426368958912
eval_runtime = 6.7098
eval_samples_per_second = 223.553
eval_spearmanr = 0.881951922807097
