eval_combined_score = 0.68951394320047
eval_loss = 2.5168776512145996
eval_pearson = 0.690333329887115
eval_runtime = 7.7092
eval_samples_per_second = 194.572
eval_spearmanr = 0.6886945565138248
