eval_combined_score = 0.7337922316386846
eval_loss = 2.51309871673584
eval_pearson = 0.7172317236979864
eval_runtime = 6.6989
eval_samples_per_second = 223.918
eval_spearmanr = 0.7503527395793828
