eval_combined_score = 0.8979836777081567
eval_loss = 0.48234060406684875
eval_pearson = 0.8982287295578583
eval_runtime = 6.6488
eval_samples_per_second = 225.606
eval_spearmanr = 0.8977386258584551
