eval_combined_score = 0.49946067773222225
eval_loss = 2.5266213417053223
eval_pearson = 0.5154582019664097
eval_runtime = 6.8784
eval_samples_per_second = 218.074
eval_spearmanr = 0.48346315349803476
