eval_combined_score = 0.8986907819363872
eval_loss = 0.4428257644176483
eval_pearson = 0.8997055021143794
eval_runtime = 6.6105
eval_samples_per_second = 226.912
eval_spearmanr = 0.8976760617583951
