eval_combined_score = 0.8501294936555537
eval_loss = 0.8026992082595825
eval_pearson = 0.8380102453436584
eval_runtime = 6.5996
eval_samples_per_second = 227.288
eval_spearmanr = 0.862248741967449
