eval_combined_score = 0.8966908205111523
eval_loss = 0.49878111481666565
eval_pearson = 0.8963880103392381
eval_runtime = 6.638
eval_samples_per_second = 225.972
eval_spearmanr = 0.8969936306830666
