eval_combined_score = 0.8937371182537303
eval_loss = 0.5802358388900757
eval_pearson = 0.8922447671826411
eval_runtime = 6.7643
eval_samples_per_second = 221.752
eval_spearmanr = 0.8952294693248194
