eval_combined_score = 0.871092596290072
eval_loss = 0.5842978358268738
eval_pearson = 0.8698070576245327
eval_runtime = 6.6274
eval_samples_per_second = 226.335
eval_spearmanr = 0.8723781349556112
