eval_combined_score = 0.8941634821154381
eval_loss = 0.5645357370376587
eval_pearson = 0.8930241888057104
eval_runtime = 7.9137
eval_samples_per_second = 189.544
eval_spearmanr = 0.8953027754251656
