eval_combined_score = 0.8919666134777358
eval_loss = 0.46618619561195374
eval_pearson = 0.891981717185267
eval_runtime = 6.8146
eval_samples_per_second = 220.116
eval_spearmanr = 0.8919515097702045
