eval_combined_score = 0.7132584857897779
eval_loss = 1.822235345840454
eval_pearson = 0.7629248238259329
eval_runtime = 6.6808
eval_samples_per_second = 224.523
eval_spearmanr = 0.6635921477536231
