eval_combined_score = 0.8809526265453543
eval_loss = 0.5203637480735779
eval_pearson = 0.8815231534296248
eval_runtime = 6.9546
eval_samples_per_second = 215.685
eval_spearmanr = 0.8803820996610838
