eval_combined_score = 0.8661200778758994
eval_loss = 0.5986505746841431
eval_pearson = 0.8646980951894601
eval_runtime = 6.6948
eval_samples_per_second = 224.053
eval_spearmanr = 0.8675420605623387
