eval_combined_score = 0.7435393073389076
eval_loss = 1.2142823934555054
eval_pearson = 0.7383520666106981
eval_runtime = 8.2349
eval_samples_per_second = 182.151
eval_spearmanr = 0.7487265480671171
