eval_combined_score = 0.8954089976146107
eval_loss = 0.4839806854724884
eval_pearson = 0.8955533799727055
eval_runtime = 6.6287
eval_samples_per_second = 226.287
eval_spearmanr = 0.895264615256516
