eval_combined_score = 0.8691560475340367
eval_loss = 0.9437828063964844
eval_pearson = 0.8672435302958319
eval_runtime = 7.5396
eval_samples_per_second = 198.949
eval_spearmanr = 0.8710685647722417
