eval_combined_score = 0.8877495712150212
eval_loss = 0.5226351618766785
eval_pearson = 0.8873646228350744
eval_runtime = 6.6913
eval_samples_per_second = 224.17
eval_spearmanr = 0.8881345195949678
