eval_combined_score = 0.8185202273892067
eval_loss = 1.3536598682403564
eval_pearson = 0.8022103064415526
eval_runtime = 6.6321
eval_samples_per_second = 226.173
eval_spearmanr = 0.834830148336861
