eval_combined_score = 0.895816926791805
eval_loss = 0.48715534806251526
eval_pearson = 0.8967224912396027
eval_runtime = 6.7502
eval_samples_per_second = 222.215
eval_spearmanr = 0.8949113623440073
