eval_combined_score = 0.8365737537195477
eval_loss = 1.3958988189697266
eval_pearson = 0.8278845689935789
eval_runtime = 7.7328
eval_samples_per_second = 193.978
eval_spearmanr = 0.8452629384455166
