eval_combined_score = 0.89918471251798
eval_loss = 0.4741544723510742
eval_pearson = 0.8995231952112731
eval_runtime = 6.8689
eval_samples_per_second = 218.375
eval_spearmanr = 0.898846229824687
