eval_combined_score = 0.8085790582084652
eval_loss = 0.8465958833694458
eval_pearson = 0.8043456558530042
eval_runtime = 6.6229
eval_samples_per_second = 226.488
eval_spearmanr = 0.8128124605639262
