eval_combined_score = 0.8989096711108884
eval_loss = 0.4308517575263977
eval_pearson = 0.9003693019714738
eval_runtime = 7.865
eval_samples_per_second = 190.719
eval_spearmanr = 0.8974500402503031
