eval_combined_score = 0.8821883819595517
eval_loss = 0.6128642559051514
eval_pearson = 0.8821996665795871
eval_runtime = 6.6493
eval_samples_per_second = 225.589
eval_spearmanr = 0.8821770973395164
