eval_combined_score = 0.8985891235347554
eval_loss = 0.4739837944507599
eval_pearson = 0.8987850317919267
eval_runtime = 6.8398
eval_samples_per_second = 219.306
eval_spearmanr = 0.898393215277584
