eval_combined_score = 0.8523824721890267
eval_loss = 1.4134986400604248
eval_pearson = 0.8431386387826615
eval_runtime = 7.9152
eval_samples_per_second = 189.509
eval_spearmanr = 0.8616263055953919
