eval_combined_score = 0.8716883144118196
eval_loss = 0.8154635429382324
eval_pearson = 0.8680463742814079
eval_runtime = 6.7786
eval_samples_per_second = 221.283
eval_spearmanr = 0.8753302545422313
