eval_combined_score = 0.8689470997359432
eval_loss = 0.788364589214325
eval_pearson = 0.8674100247821344
eval_runtime = 6.6847
eval_samples_per_second = 224.394
eval_spearmanr = 0.8704841746897521
