eval_combined_score = 0.8549133646532318
eval_loss = 1.276924967765808
eval_pearson = 0.8503293130787044
eval_runtime = 6.9034
eval_samples_per_second = 217.286
eval_spearmanr = 0.8594974162277591
