eval_combined_score = 0.8351415694865105
eval_loss = 1.0821486711502075
eval_pearson = 0.8276257236756009
eval_runtime = 6.7627
eval_samples_per_second = 221.807
eval_spearmanr = 0.8426574152974202
