eval_combined_score = 0.8992911820979598
eval_loss = 0.46936556696891785
eval_pearson = 0.8998091095104968
eval_runtime = 6.792
eval_samples_per_second = 220.847
eval_spearmanr = 0.8987732546854228
