eval_combined_score = 0.8996677666105278
eval_loss = 0.4586171805858612
eval_pearson = 0.900357637825195
eval_runtime = 6.8114
eval_samples_per_second = 220.22
eval_spearmanr = 0.8989778953958607
