eval_combined_score = 0.8810987070379288
eval_loss = 0.6315869688987732
eval_pearson = 0.881230381627284
eval_runtime = 6.5876
eval_samples_per_second = 227.7
eval_spearmanr = 0.8809670324485737
