eval_combined_score = 0.894745255142949
eval_loss = 0.5413471460342407
eval_pearson = 0.8928563282491478
eval_runtime = 6.6588
eval_samples_per_second = 225.266
eval_spearmanr = 0.8966341820367502
