eval_combined_score = 0.8977369984967174
eval_loss = 0.4914689064025879
eval_pearson = 0.8977564992634207
eval_runtime = 6.6109
eval_samples_per_second = 226.898
eval_spearmanr = 0.8977174977300142
