eval_combined_score = 0.588274726940827
eval_loss = 2.2450919151306152
eval_pearson = 0.584899732936518
eval_runtime = 8.3098
eval_samples_per_second = 180.509
eval_spearmanr = 0.591649720945136
