eval_combined_score = 0.8981116499575311
eval_loss = 0.48044654726982117
eval_pearson = 0.8982521632201991
eval_runtime = 6.5704
eval_samples_per_second = 228.295
eval_spearmanr = 0.8979711366948632
