eval_combined_score = 0.8957147302147637
eval_loss = 0.4451342225074768
eval_pearson = 0.8964936496700933
eval_runtime = 6.8047
eval_samples_per_second = 220.435
eval_spearmanr = 0.8949358107594341
