eval_combined_score = 0.852463673036198
eval_loss = 1.2280291318893433
eval_pearson = 0.8453356931248824
eval_runtime = 6.5858
eval_samples_per_second = 227.762
eval_spearmanr = 0.8595916529475135
