eval_combined_score = 0.8995496016539009
eval_loss = 0.45991915464401245
eval_pearson = 0.8999157828592564
eval_runtime = 7.7643
eval_samples_per_second = 193.191
eval_spearmanr = 0.8991834204485452
