eval_combined_score = 0.8549721619902655
eval_loss = 0.8216272592544556
eval_pearson = 0.8487910204905019
eval_runtime = 6.5467
eval_samples_per_second = 229.123
eval_spearmanr = 0.861153303490029
