eval_combined_score = 0.8982155391741254
eval_loss = 0.47880420088768005
eval_pearson = 0.8989646911115923
eval_runtime = 6.7969
eval_samples_per_second = 220.688
eval_spearmanr = 0.8974663872366586
