eval_combined_score = 0.8858573146969055
eval_loss = 0.5198959708213806
eval_pearson = 0.885819360452504
eval_runtime = 6.7563
eval_samples_per_second = 222.013
eval_spearmanr = 0.8858952689413071
