eval_combined_score = 0.8701862603935027
eval_loss = 0.8237757682800293
eval_pearson = 0.8690608935696597
eval_runtime = 6.683
eval_samples_per_second = 224.451
eval_spearmanr = 0.8713116272173458
