eval_combined_score = 0.89557291462143
eval_loss = 0.4634791612625122
eval_pearson = 0.896462246415274
eval_runtime = 6.6806
eval_samples_per_second = 224.532
eval_spearmanr = 0.8946835828275861
