eval_combined_score = 0.8960373526566761
eval_loss = 0.5108610987663269
eval_pearson = 0.8965567535832989
eval_runtime = 6.6812
eval_samples_per_second = 224.51
eval_spearmanr = 0.8955179517300533
