eval_combined_score = 0.8916615834310366
eval_loss = 0.4785429835319519
eval_pearson = 0.8925076365224972
eval_runtime = 6.6762
eval_samples_per_second = 224.68
eval_spearmanr = 0.890815530339576
