eval_combined_score = 0.8992097608693386
eval_loss = 0.47021785378456116
eval_pearson = 0.8994189821990956
eval_runtime = 6.7666
eval_samples_per_second = 221.677
eval_spearmanr = 0.8990005395395815
