eval_combined_score = 0.8975284942617605
eval_loss = 0.5003322958946228
eval_pearson = 0.8974648645453975
eval_runtime = 7.4762
eval_samples_per_second = 200.637
eval_spearmanr = 0.8975921239781234
