eval_combined_score = 0.88608583920525
eval_loss = 0.7147907018661499
eval_pearson = 0.8833419501513259
eval_runtime = 6.8013
eval_samples_per_second = 220.547
eval_spearmanr = 0.8888297282591741
