eval_combined_score = 0.8861401728390199
eval_loss = 0.6359080672264099
eval_pearson = 0.8842873012695478
eval_runtime = 6.9188
eval_samples_per_second = 216.801
eval_spearmanr = 0.887993044408492
