eval_combined_score = 0.8945637925737027
eval_loss = 0.5244307518005371
eval_pearson = 0.8938130090023627
eval_runtime = 6.6483
eval_samples_per_second = 225.621
eval_spearmanr = 0.8953145761450427
