eval_combined_score = 0.8991152497400916
eval_loss = 0.46987399458885193
eval_pearson = 0.8995436274165748
eval_runtime = 7.8735
eval_samples_per_second = 190.512
eval_spearmanr = 0.8986868720636085
