eval_combined_score = 0.8904245155550445
eval_loss = 0.47741714119911194
eval_pearson = 0.8913316119854844
eval_runtime = 6.8266
eval_samples_per_second = 219.729
eval_spearmanr = 0.8895174191246048
