eval_combined_score = 0.8236435983960504
eval_loss = 0.8635605573654175
eval_pearson = 0.8307683689049822
eval_runtime = 7.3305
eval_samples_per_second = 204.625
eval_spearmanr = 0.8165188278871186
