eval_combined_score = 0.890895065069141
eval_loss = 0.49896129965782166
eval_pearson = 0.8910312902292371
eval_runtime = 6.809
eval_samples_per_second = 220.295
eval_spearmanr = 0.8907588399090447
