eval_combined_score = 0.890616542558506
eval_loss = 0.5497957468032837
eval_pearson = 0.8904620708223521
eval_runtime = 7.0486
eval_samples_per_second = 212.809
eval_spearmanr = 0.8907710142946598
