eval_combined_score = 0.8976133380108117
eval_loss = 0.44616496562957764
eval_pearson = 0.8985749174603035
eval_runtime = 7.8826
eval_samples_per_second = 190.292
eval_spearmanr = 0.8966517585613198
