eval_combined_score = 0.8919412486948032
eval_loss = 0.6636190414428711
eval_pearson = 0.8892914466542653
eval_runtime = 6.7818
eval_samples_per_second = 221.181
eval_spearmanr = 0.8945910507353411
