eval_combined_score = 0.845049885562372
eval_loss = 0.721245288848877
eval_pearson = 0.8410341264566193
eval_runtime = 6.7691
eval_samples_per_second = 221.595
eval_spearmanr = 0.8490656446681247
