eval_combined_score = 0.8989542441453946
eval_loss = 0.4685274660587311
eval_pearson = 0.8993075806992408
eval_runtime = 7.7973
eval_samples_per_second = 192.374
eval_spearmanr = 0.8986009075915485
