eval_combined_score = 0.8987883455108748
eval_loss = 0.48091667890548706
eval_pearson = 0.8986352814161602
eval_runtime = 6.764
eval_samples_per_second = 221.762
eval_spearmanr = 0.8989414096055894
