eval_combined_score = 0.8729078798209453
eval_loss = 0.8031144738197327
eval_pearson = 0.8730809090236995
eval_runtime = 6.6966
eval_samples_per_second = 223.993
eval_spearmanr = 0.8727348506181911
