eval_combined_score = 0.7589337994502529
eval_loss = 1.3211252689361572
eval_pearson = 0.7453006126938543
eval_runtime = 7.0071
eval_samples_per_second = 214.069
eval_spearmanr = 0.7725669862066514
