eval_combined_score = 0.8992584286301418
eval_loss = 0.47134479880332947
eval_pearson = 0.899706579417671
eval_runtime = 7.9278
eval_samples_per_second = 189.208
eval_spearmanr = 0.8988102778426127
