eval_combined_score = 0.8992861613098454
eval_loss = 0.46982601284980774
eval_pearson = 0.8995481994339618
eval_runtime = 6.7441
eval_samples_per_second = 222.417
eval_spearmanr = 0.899024123185729
