eval_combined_score = 0.8904825009243511
eval_loss = 0.5831475257873535
eval_pearson = 0.8881679274387765
eval_runtime = 6.7522
eval_samples_per_second = 222.151
eval_spearmanr = 0.8927970744099256
