eval_combined_score = 0.826033182801102
eval_loss = 1.0718492269515991
eval_pearson = 0.818206812240348
eval_runtime = 7.955
eval_samples_per_second = 188.56
eval_spearmanr = 0.833859553361856
