eval_combined_score = 0.8446976332994021
eval_loss = 0.9755678176879883
eval_pearson = 0.8440252302147044
eval_runtime = 6.771
eval_samples_per_second = 221.533
eval_spearmanr = 0.8453700363840996
