eval_combined_score = 0.8933724454980668
eval_loss = 0.5405843257904053
eval_pearson = 0.8927638345484858
eval_runtime = 7.799
eval_samples_per_second = 192.331
eval_spearmanr = 0.8939810564476478
