eval_combined_score = 0.7837227512053548
eval_loss = 0.9485296010971069
eval_pearson = 0.7800877355472966
eval_runtime = 6.7714
eval_samples_per_second = 221.52
eval_spearmanr = 0.7873577668634131
