eval_combined_score = 0.8776480914676753
eval_loss = 0.5478997826576233
eval_pearson = 0.8778546137706954
eval_runtime = 6.9704
eval_samples_per_second = 215.195
eval_spearmanr = 0.8774415691646552
