eval_combined_score = 0.8200822679565283
eval_loss = 0.8830337524414062
eval_pearson = 0.8082946031395721
eval_runtime = 6.706
eval_samples_per_second = 223.682
eval_spearmanr = 0.8318699327734843
