eval_combined_score = 0.8828901485769607
eval_loss = 0.6692683100700378
eval_pearson = 0.8823445494807236
eval_runtime = 6.7516
eval_samples_per_second = 222.171
eval_spearmanr = 0.8834357476731977
