eval_combined_score = 0.8600266099148677
eval_loss = 0.7688299417495728
eval_pearson = 0.8547466590287922
eval_runtime = 6.8185
eval_samples_per_second = 219.989
eval_spearmanr = 0.8653065608009431
