eval_combined_score = 0.8986486556890141
eval_loss = 0.45554855465888977
eval_pearson = 0.8992298027306221
eval_runtime = 6.6414
eval_samples_per_second = 225.855
eval_spearmanr = 0.8980675086474059
