eval_combined_score = 0.734088708135467
eval_loss = 1.1043000221252441
eval_pearson = 0.7360188618292447
eval_runtime = 6.6593
eval_samples_per_second = 225.249
eval_spearmanr = 0.7321585544416892
