eval_combined_score = 0.8738612348819128
eval_loss = 0.5323864221572876
eval_pearson = 0.8738945436591669
eval_runtime = 6.6966
eval_samples_per_second = 223.996
eval_spearmanr = 0.8738279261046586
