eval_combined_score = 0.6459523147138355
eval_loss = 1.6788361072540283
eval_pearson = 0.6520175513928812
eval_runtime = 6.8294
eval_samples_per_second = 219.64
eval_spearmanr = 0.6398870780347897
