eval_combined_score = 0.8284805069175617
eval_loss = 2.037262201309204
eval_pearson = 0.817820818043698
eval_runtime = 7.7753
eval_samples_per_second = 192.918
eval_spearmanr = 0.8391401957914254
