eval_combined_score = 0.818892453589539
eval_loss = 1.408172845840454
eval_pearson = 0.8203643615886255
eval_runtime = 7.7766
eval_samples_per_second = 192.886
eval_spearmanr = 0.8174205455904525
