eval_combined_score = 0.5334714037303236
eval_loss = 2.7328860759735107
eval_pearson = 0.5315527249350076
eval_runtime = 7.0085
eval_samples_per_second = 214.027
eval_spearmanr = 0.5353900825256396
