eval_combined_score = 0.898664375186921
eval_loss = 0.4517797827720642
eval_pearson = 0.899495533702862
eval_runtime = 6.5661
eval_samples_per_second = 228.445
eval_spearmanr = 0.8978332166709801
