eval_combined_score = 0.8668162484955285
eval_loss = 0.6593702435493469
eval_pearson = 0.8646999354703547
eval_runtime = 6.8721
eval_samples_per_second = 218.274
eval_spearmanr = 0.8689325615207023
