eval_combined_score = 0.8628545903366317
eval_loss = 0.7696632742881775
eval_pearson = 0.8619062063178776
eval_runtime = 7.1968
eval_samples_per_second = 208.427
eval_spearmanr = 0.8638029743553858
