eval_combined_score = 0.8942482647221299
eval_loss = 0.5052309036254883
eval_pearson = 0.8941003453912677
eval_runtime = 6.6212
eval_samples_per_second = 226.544
eval_spearmanr = 0.8943961840529923
