eval_combined_score = 0.8884693722971369
eval_loss = 0.5204709768295288
eval_pearson = 0.8880021105674676
eval_runtime = 6.6419
eval_samples_per_second = 225.837
eval_spearmanr = 0.8889366340268061
