eval_combined_score = 0.8903030990324128
eval_loss = 0.5000510811805725
eval_pearson = 0.8903476093902446
eval_runtime = 6.7566
eval_samples_per_second = 222.005
eval_spearmanr = 0.8902585886745809
