eval_combined_score = 0.8952963167698882
eval_loss = 0.4999034106731415
eval_pearson = 0.8950468508296873
eval_runtime = 7.7458
eval_samples_per_second = 193.654
eval_spearmanr = 0.8955457827100892
