eval_combined_score = 0.8950076029150101
eval_loss = 0.48816338181495667
eval_pearson = 0.8950658843851178
eval_runtime = 6.9452
eval_samples_per_second = 215.976
eval_spearmanr = 0.8949493214449025
