eval_combined_score = 0.8969870886989211
eval_loss = 0.5043015480041504
eval_pearson = 0.8967696764626776
eval_runtime = 6.6709
eval_samples_per_second = 224.858
eval_spearmanr = 0.8972045009351645
