eval_combined_score = 0.8624047868185621
eval_loss = 1.059308409690857
eval_pearson = 0.856341878984861
eval_runtime = 7.7726
eval_samples_per_second = 192.985
eval_spearmanr = 0.8684676946522633
