eval_combined_score = 0.8965654461576733
eval_loss = 0.5059669613838196
eval_pearson = 0.8960133291625215
eval_runtime = 7.931
eval_samples_per_second = 189.132
eval_spearmanr = 0.8971175631528251
