eval_combined_score = 0.8994019867366454
eval_loss = 0.4652681350708008
eval_pearson = 0.8997020797713273
eval_runtime = 6.6625
eval_samples_per_second = 225.141
eval_spearmanr = 0.8991018937019636
