eval_combined_score = 0.8987472865686945
eval_loss = 0.48170581459999084
eval_pearson = 0.8985755923728806
eval_runtime = 7.0451
eval_samples_per_second = 212.913
eval_spearmanr = 0.8989189807645083
