eval_combined_score = 0.8386348789503052
eval_loss = 0.7551419138908386
eval_pearson = 0.8361442102070293
eval_runtime = 6.7606
eval_samples_per_second = 221.873
eval_spearmanr = 0.841125547693581
