eval_combined_score = 0.8068784815298895
eval_loss = 1.028071403503418
eval_pearson = 0.8105427350898117
eval_runtime = 6.6188
eval_samples_per_second = 226.626
eval_spearmanr = 0.8032142279699674
