eval_combined_score = 0.6868166576259104
eval_loss = 1.3307090997695923
eval_pearson = 0.6932439471313436
eval_runtime = 6.7156
eval_samples_per_second = 223.361
eval_spearmanr = 0.6803893681204771
