eval_combined_score = 0.8769782424375482
eval_loss = 0.741567075252533
eval_pearson = 0.8775978346062786
eval_runtime = 6.7723
eval_samples_per_second = 221.489
eval_spearmanr = 0.8763586502688178
