eval_accuracy = 0.628158844765343
eval_loss = 0.6573817729949951
eval_runtime = 1.083
eval_samples_per_second = 255.771
