eval_accuracy = 0.631768953068592
eval_loss = 0.6591113209724426
eval_runtime = 1.0781
eval_samples_per_second = 256.93
