eval_accuracy = 0.592057761732852
eval_loss = 0.6732903718948364
eval_runtime = 1.0778
eval_samples_per_second = 257.014
