eval_accuracy = 0.628158844765343
eval_loss = 0.6573773622512817
eval_runtime = 1.0809
eval_samples_per_second = 256.264
