eval_accuracy = 0.592057761732852
eval_loss = 0.6894062161445618
eval_runtime = 1.0692
eval_samples_per_second = 259.07
