eval_accuracy = 0.592057761732852
eval_loss = 0.6758192777633667
eval_runtime = 1.0828
eval_samples_per_second = 255.811
