eval_accuracy = 0.6389891696750902
eval_loss = 0.6530961990356445
eval_runtime = 1.0808
eval_samples_per_second = 256.3
