eval_accuracy = 0.6209386281588448
eval_loss = 0.662395179271698
eval_runtime = 1.0802
eval_samples_per_second = 256.429
