eval_accuracy = 0.5956678700361011
eval_loss = 0.6605843901634216
eval_runtime = 1.079
eval_samples_per_second = 256.716
