eval_accuracy = 0.6425992779783394
eval_loss = 0.6519119739532471
eval_runtime = 1.1504
eval_samples_per_second = 240.792
