eval_accuracy = 0.5812274368231047
eval_loss = 0.6951524019241333
eval_runtime = 1.1112
eval_samples_per_second = 249.282
