eval_accuracy = 0.6389891696750902
eval_loss = 0.6531227827072144
eval_runtime = 1.0816
eval_samples_per_second = 256.098
