eval_accuracy = 0.5992779783393501
eval_loss = 0.6669536828994751
eval_runtime = 1.0809
eval_samples_per_second = 256.258
