eval_accuracy = 0.6101083032490975
eval_loss = 0.6605281829833984
eval_runtime = 1.084
eval_samples_per_second = 255.533
