eval_accuracy = 0.592057761732852
eval_loss = 0.6846875548362732
eval_runtime = 1.0864
eval_samples_per_second = 254.961
