eval_accuracy = 0.6137184115523465
eval_loss = 0.6534206867218018
eval_runtime = 1.2414
eval_samples_per_second = 223.129
