eval_accuracy = 0.6245487364620939
eval_loss = 0.6629641056060791
eval_runtime = 1.0754
eval_samples_per_second = 257.574
