eval_accuracy = 0.6137184115523465
eval_loss = 0.6602944135665894
eval_runtime = 1.0782
eval_samples_per_second = 256.902
