eval_accuracy = 0.6173285198555957
eval_loss = 0.6683468222618103
eval_runtime = 1.0761
eval_samples_per_second = 257.408
