eval_accuracy = 0.628158844765343
eval_loss = 0.6543112993240356
eval_runtime = 1.0879
eval_samples_per_second = 254.615
