eval_accuracy = 0.628158844765343
eval_loss = 0.6538666486740112
eval_runtime = 1.0805
eval_samples_per_second = 256.368
