eval_accuracy = 0.592057761732852
eval_loss = 0.687210202217102
eval_runtime = 1.0858
eval_samples_per_second = 255.117
