eval_accuracy = 0.628158844765343
eval_loss = 0.6575068235397339
eval_runtime = 1.079
eval_samples_per_second = 256.721
