eval_accuracy = 0.6137184115523465
eval_loss = 0.6513422727584839
eval_runtime = 1.0814
eval_samples_per_second = 256.155
