eval_accuracy = 0.6173285198555957
eval_loss = 0.6661581993103027
eval_runtime = 1.0926
eval_samples_per_second = 253.531
