eval_loss = 4.0478692054748535
eval_matthews_correlation = 0.025690322354642595
eval_runtime = 4.4044
eval_samples_per_second = 236.808
