eval_accuracy = 0.8565907241659886
eval_loss = 0.41400185227394104
eval_runtime = 45.8449
eval_samples_per_second = 214.462
