eval_accuracy = 0.8496745321399511
eval_loss = 0.42114874720573425
eval_runtime = 45.0574
eval_samples_per_second = 218.21
