eval_accuracy = 0.8664564686737185
eval_loss = 0.957391619682312
eval_runtime = 46.7668
eval_samples_per_second = 210.235
