eval_accuracy = 0.858726606997559
eval_loss = 0.6824876666069031
eval_runtime = 43.0314
eval_samples_per_second = 228.484
