eval_accuracy = 0.8657445077298617
eval_loss = 0.8198099136352539
eval_runtime = 42.8024
eval_samples_per_second = 229.707
