eval_accuracy = 0.8620829943043125
eval_loss = 0.5890888571739197
eval_runtime = 42.9495
eval_samples_per_second = 228.92
