eval_accuracy = 0.86571574121243
eval_loss = 1.0529450178146362
eval_runtime = 42.6587
eval_samples_per_second = 230.082
