eval_accuracy = 0.8409577177789098
eval_loss = 0.41407132148742676
eval_runtime = 44.9231
eval_samples_per_second = 218.485
