eval_accuracy = 0.8661232806928171
eval_loss = 0.9325809478759766
eval_runtime = 44.4772
eval_samples_per_second = 220.675
