eval_accuracy = 0.8655119714722364
eval_loss = 0.8450691103935242
eval_runtime = 50.6479
eval_samples_per_second = 193.789
