eval_accuracy = 0.8659479251423922
eval_loss = 0.7196198105812073
eval_runtime = 50.1945
eval_samples_per_second = 195.878
