eval_accuracy = 0.8553234844625573
eval_loss = 0.4011271297931671
eval_runtime = 44.4278
eval_samples_per_second = 220.92
