eval_accuracy = 0.8675752644426363
eval_loss = 0.9284090995788574
eval_runtime = 42.689
eval_samples_per_second = 230.317
