eval_accuracy = 0.8630667345899133
eval_loss = 1.0663952827453613
eval_runtime = 42.696
eval_samples_per_second = 229.881
