eval_accuracy = 0.8624898291293734
eval_loss = 0.6078497171401978
eval_runtime = 43.597
eval_samples_per_second = 225.52
