eval_accuracy = 0.8618441161487519
eval_loss = 1.0682644844055176
eval_runtime = 42.765
eval_samples_per_second = 229.51
