eval_accuracy = 0.8644222945484134
eval_loss = 0.5843685865402222
eval_runtime = 51.2815
eval_samples_per_second = 191.726
