eval_accuracy = 0.8660496338486574
eval_loss = 0.6654690504074097
eval_runtime = 45.6834
eval_samples_per_second = 215.22
