eval_accuracy = 0.866253051261188
eval_loss = 0.5753260254859924
eval_runtime = 43.8424
eval_samples_per_second = 224.258
