eval_accuracy = 0.863270504330107
eval_loss = 1.0324795246124268
eval_runtime = 47.0252
eval_samples_per_second = 208.718
