eval_accuracy = 0.8682872253864931
eval_loss = 1.0458085536956787
eval_runtime = 47.743
eval_samples_per_second = 205.936
