eval_accuracy = 0.853998981151299
eval_loss = 0.423854798078537
eval_runtime = 43.6998
eval_samples_per_second = 224.601
