eval_accuracy = 0.8658462164361269
eval_loss = 0.8389864563941956
eval_runtime = 50.5612
eval_samples_per_second = 194.457
