eval_accuracy = 0.863100081366965
eval_loss = 0.5715406537055969
eval_runtime = 50.5676
eval_samples_per_second = 194.433
