eval_accuracy = 0.8671684296175752
eval_loss = 0.664094090461731
eval_runtime = 43.0916
eval_samples_per_second = 228.165
