eval_accuracy = 0.8636780438104942
eval_loss = 1.0654104948043823
eval_runtime = 46.7938
eval_samples_per_second = 209.75
