eval_accuracy = 0.8615744507729862
eval_loss = 0.3951435387134552
eval_runtime = 51.031
eval_samples_per_second = 192.667
