eval_accuracy = 0.858319772172498
eval_loss = 0.3874778747558594
eval_runtime = 45.0495
eval_samples_per_second = 218.249
