eval_accuracy = 0.8566924328722538
eval_loss = 0.4109838008880615
eval_runtime = 44.5163
eval_samples_per_second = 220.863
