eval_accuracy = 0.8580743759551707
eval_loss = 0.40651604533195496
eval_runtime = 46.1706
eval_samples_per_second = 212.581
