eval_accuracy = 0.8678803905614321
eval_loss = 1.0663573741912842
eval_runtime = 45.3947
eval_samples_per_second = 216.589
