eval_accuracy = 0.8652359641985354
eval_loss = 0.9027668833732605
eval_runtime = 42.9138
eval_samples_per_second = 229.11
