eval_accuracy = 0.8676769731489016
eval_loss = 1.0012472867965698
eval_runtime = 42.7889
eval_samples_per_second = 229.779
