eval_accuracy = 0.8550650935720098
eval_loss = 0.42474478483200073
eval_runtime = 49.0565
eval_samples_per_second = 200.422
