eval_accuracy = 0.8613346917982679
eval_loss = 0.6141329407691956
eval_runtime = 50.7715
eval_samples_per_second = 193.317
