eval_accuracy = 0.8672701383238405
eval_loss = 1.0418421030044556
eval_runtime = 42.306
eval_samples_per_second = 232.402
