eval_accuracy = 0.8673718470301057
eval_loss = 1.0383518934249878
eval_runtime = 43.9784
eval_samples_per_second = 223.564
