eval_accuracy = 0.8665308201732043
eval_loss = 0.6524724960327148
eval_runtime = 45.5449
eval_samples_per_second = 215.502
