eval_accuracy = 0.8643912379011717
eval_loss = 0.9162319302558899
eval_runtime = 50.1001
eval_samples_per_second = 195.908
