eval_accuracy = 0.8560366785532348
eval_loss = 0.4215184152126312
eval_runtime = 49.0506
eval_samples_per_second = 200.1
