eval_accuracy = 0.8615384615384616
eval_loss = 0.6090130805969238
eval_runtime = 49.8371
eval_samples_per_second = 196.941
