eval_accuracy = 0.8498779495524816
eval_loss = 0.4287501573562622
eval_runtime = 50.834
eval_samples_per_second = 193.414
