eval_accuracy = 0.8665581773799838
eval_loss = 0.6568308472633362
eval_runtime = 45.4425
eval_samples_per_second = 216.361
