eval_accuracy = 0.8607233825776872
eval_loss = 0.5890718102455139
eval_runtime = 50.029
eval_samples_per_second = 196.186
