eval_accuracy = 0.8574630667345899
eval_loss = 0.4283141791820526
eval_runtime = 51.322
eval_samples_per_second = 191.244
