eval_accuracy = 0.8646968925114621
eval_loss = 0.4426354467868805
eval_runtime = 50.8638
eval_samples_per_second = 192.966
