eval_accuracy = 0.8650025471217524
eval_loss = 0.646228551864624
eval_runtime = 43.8774
eval_samples_per_second = 223.691
