eval_accuracy = 0.8642188771358829
eval_loss = 0.40759336948394775
eval_runtime = 50.7172
eval_samples_per_second = 193.859
