eval_accuracy = 0.8600101884870097
eval_loss = 0.6715835928916931
eval_runtime = 46.0877
eval_samples_per_second = 212.963
