eval_accuracy = 0.8623535404992358
eval_loss = 1.0767754316329956
eval_runtime = 43.2827
eval_samples_per_second = 226.765
