eval_accuracy = 0.8650025471217524
eval_loss = 0.8213909268379211
eval_runtime = 42.7902
eval_samples_per_second = 229.375
