eval_accuracy = 0.8304515866558178
eval_loss = 0.4456920623779297
eval_runtime = 52.0631
eval_samples_per_second = 188.848
