eval_accuracy = 0.8631686194600102
eval_loss = 0.9073835611343384
eval_runtime = 49.1669
eval_samples_per_second = 199.626
