eval_accuracy = 0.8620478858889455
eval_loss = 0.5811806321144104
eval_runtime = 42.5988
eval_samples_per_second = 230.406
