eval_accuracy = 0.8648291293734743
eval_loss = 0.6023567318916321
eval_runtime = 50.0514
eval_samples_per_second = 196.438
