eval_accuracy = 0.8654393816110659
eval_loss = 0.6228815913200378
eval_runtime = 43.8047
eval_samples_per_second = 224.451
