eval_accuracy = 0.863779928680591
eval_loss = 1.041737675666809
eval_runtime = 42.6219
eval_samples_per_second = 230.281
