eval_accuracy = 0.8664564686737185
eval_loss = 0.9292075634002686
eval_runtime = 49.3332
eval_samples_per_second = 199.298
