eval_accuracy = 0.8195618950585838
eval_loss = 0.45444726943969727
eval_runtime = 44.5637
eval_samples_per_second = 220.246
