eval_accuracy = 0.8511462047885889
eval_loss = 0.46607571840286255
eval_runtime = 50.3845
eval_samples_per_second = 194.802
