eval_accuracy = 0.8652359641985354
eval_loss = 0.3877093195915222
eval_runtime = 45.615
eval_samples_per_second = 215.543
