eval_accuracy = 0.8650025471217524
eval_loss = 0.6600008606910706
eval_runtime = 45.4101
eval_samples_per_second = 216.142
