eval_accuracy = 0.8581762608252674
eval_loss = 0.42721110582351685
eval_runtime = 44.991
eval_samples_per_second = 218.155
