eval_accuracy = 0.8638818135506877
eval_loss = 0.6714031100273132
eval_runtime = 45.9202
eval_samples_per_second = 213.74
