eval_accuracy = 0.8566924328722538
eval_loss = 0.43180227279663086
eval_runtime = 47.6574
eval_samples_per_second = 206.306
