eval_accuracy = 0.860825267447784
eval_loss = 1.0724397897720337
eval_runtime = 43.1728
eval_samples_per_second = 227.342
