eval_accuracy = 0.8678803905614321
eval_loss = 1.0191388130187988
eval_runtime = 44.0037
eval_samples_per_second = 223.436
