eval_accuracy = 0.8681609780947529
eval_loss = 0.6793954968452454
eval_runtime = 45.5999
eval_samples_per_second = 215.242
