eval_accuracy = 0.8655410903173312
eval_loss = 0.8893420100212097
eval_runtime = 44.0964
eval_samples_per_second = 222.966
