eval_accuracy = 0.8671684296175752
eval_loss = 1.044358730316162
eval_runtime = 42.8561
eval_samples_per_second = 229.419
