eval_accuracy = 0.8630667345899133
eval_loss = 0.8349365592002869
eval_runtime = 50.2363
eval_samples_per_second = 195.376
