eval_accuracy = 0.8532343368592351
eval_loss = 0.4168783724308014
eval_runtime = 45.2796
eval_samples_per_second = 217.14
