eval_accuracy = 0.8439788445890968
eval_loss = 0.41243690252304077
eval_runtime = 45.3414
eval_samples_per_second = 216.844
