eval_accuracy = 0.7433889340927583
eval_loss = 0.6282801032066345
eval_runtime = 44.6854
eval_samples_per_second = 220.027
