eval_accuracy = 0.8616403464085584
eval_loss = 0.9210941195487976
eval_runtime = 41.9802
eval_samples_per_second = 233.801
