eval_accuracy = 0.8619460010188487
eval_loss = 0.5884984731674194
eval_runtime = 48.1474
eval_samples_per_second = 203.853
