eval_accuracy = 0.8638818135506877
eval_loss = 1.038562297821045
eval_runtime = 43.9696
eval_samples_per_second = 223.223
