eval_accuracy = 0.8604556550040684
eval_loss = 0.43176910281181335
eval_runtime = 43.6126
eval_samples_per_second = 225.439
