eval_accuracy = 0.8638120423108218
eval_loss = 0.5774193406105042
eval_runtime = 43.7193
eval_samples_per_second = 224.889
