eval_accuracy = 0.8656427990235964
eval_loss = 0.8717122673988342
eval_runtime = 49.1976
eval_samples_per_second = 199.847
