eval_accuracy = 0.8660496338486574
eval_loss = 0.8898319602012634
eval_runtime = 42.9247
eval_samples_per_second = 229.052
