eval_accuracy = 0.8622516556291391
eval_loss = 0.5917714834213257
eval_runtime = 42.808
eval_samples_per_second = 229.28
