eval_accuracy = 0.8627949552481693
eval_loss = 0.8969890475273132
eval_runtime = 43.0453
eval_samples_per_second = 228.411
