eval_accuracy = 0.8634742740703005
eval_loss = 1.0656580924987793
eval_runtime = 42.6688
eval_samples_per_second = 230.027
