eval_accuracy = 0.8675752644426363
eval_loss = 1.0422807931900024
eval_runtime = 45.7434
eval_samples_per_second = 214.938
