eval_accuracy = 0.8642188771358829
eval_loss = 0.6313849091529846
eval_runtime = 44.2879
eval_samples_per_second = 222.002
