eval_accuracy = 0.8629648497198166
eval_loss = 0.8362471461296082
eval_runtime = 50.1937
eval_samples_per_second = 195.543
