eval_accuracy = 0.8509424350483953
eval_loss = 0.43649667501449585
eval_runtime = 44.2327
eval_samples_per_second = 221.895
