eval_accuracy = 0.8547121752419765
eval_loss = 0.3997606039047241
eval_runtime = 44.1266
eval_samples_per_second = 222.428
