eval_accuracy = 0.8624898291293734
eval_loss = 0.7011618614196777
eval_runtime = 46.0989
eval_samples_per_second = 213.281
