eval_accuracy = 0.8572009764035802
eval_loss = 0.4245755076408386
eval_runtime = 47.8069
eval_samples_per_second = 205.661
