eval_accuracy = 0.8618441161487519
eval_loss = 0.4341367483139038
eval_runtime = 43.2559
eval_samples_per_second = 226.905
