eval_accuracy = 0.8620829943043125
eval_loss = 0.7218692898750305
eval_runtime = 43.0233
eval_samples_per_second = 228.527
