eval_accuracy = 0.8528782475802343
eval_loss = 0.44350549578666687
eval_runtime = 47.7101
eval_samples_per_second = 205.721
