eval_accuracy = 0.8625915378356387
eval_loss = 0.7355675101280212
eval_runtime = 43.0206
eval_samples_per_second = 228.541
