eval_accuracy = 0.8607233825776872
eval_loss = 0.7275862693786621
eval_runtime = 43.0212
eval_samples_per_second = 228.143
