eval_accuracy = 0.8623881204231082
eval_loss = 0.42166754603385925
eval_runtime = 43.4433
eval_samples_per_second = 226.318
