eval_accuracy = 0.8629983726606998
eval_loss = 0.4056311547756195
eval_runtime = 47.9952
eval_samples_per_second = 204.854
