eval_accuracy = 0.8514035801464606
eval_loss = 0.42480239272117615
eval_runtime = 51.5904
eval_samples_per_second = 190.578
