eval_accuracy = 0.8250610252237591
eval_loss = 0.4677557647228241
eval_runtime = 45.2404
eval_samples_per_second = 217.328
