eval_accuracy = 0.8650325467860048
eval_loss = 0.9074718952178955
eval_runtime = 50.4527
eval_samples_per_second = 194.876
