eval_accuracy = 0.8625573102394295
eval_loss = 0.5903270840644836
eval_runtime = 43.721
eval_samples_per_second = 224.492
