eval_accuracy = 0.8630667345899133
eval_loss = 0.8988693952560425
eval_runtime = 42.9275
eval_samples_per_second = 228.641
