eval_accuracy = 0.8638120423108218
eval_loss = 0.8521528840065002
eval_runtime = 46.1984
eval_samples_per_second = 212.821
