eval_accuracy = 0.8640154597233524
eval_loss = 0.8614348769187927
eval_runtime = 43.0498
eval_samples_per_second = 228.387
