eval_accuracy = 0.8639836984207845
eval_loss = 0.6042385101318359
eval_runtime = 42.9672
eval_samples_per_second = 228.43
