eval_accuracy = 0.8626932465419039
eval_loss = 0.5718501210212708
eval_runtime = 43.2762
eval_samples_per_second = 227.192
