eval_accuracy = 0.8610290371879776
eval_loss = 0.7354220151901245
eval_runtime = 43.9289
eval_samples_per_second = 223.429
