eval_accuracy = 0.8681855166802278
eval_loss = 1.0150638818740845
eval_runtime = 46.6653
eval_samples_per_second = 210.692
