eval_accuracy = 0.8553234844625573
eval_loss = 0.44933581352233887
eval_runtime = 50.6568
eval_samples_per_second = 193.755
