eval_accuracy = 0.8597436940602116
eval_loss = 0.41708114743232727
eval_runtime = 43.5043
eval_samples_per_second = 226.001
