eval_accuracy = 0.8587875700458482
eval_loss = 0.40296465158462524
eval_runtime = 49.3622
eval_samples_per_second = 198.836
