eval_accuracy = 0.8616403464085584
eval_loss = 0.9413155317306519
eval_runtime = 49.5148
eval_samples_per_second = 198.224
