eval_accuracy = 0.8131611065907242
eval_loss = 0.49605855345726013
eval_runtime = 48.0819
eval_samples_per_second = 204.485
