eval_accuracy = 0.8487009679062659
eval_loss = 0.42537400126457214
eval_runtime = 45.6778
eval_samples_per_second = 214.875
