eval_accuracy = 0.8583800305654611
eval_loss = 0.44615045189857483
eval_runtime = 43.8082
eval_samples_per_second = 224.045
