eval_accuracy = 0.8572592969943963
eval_loss = 0.4241642355918884
eval_runtime = 51.2197
eval_samples_per_second = 191.626
