eval_accuracy = 0.8491085073866531
eval_loss = 0.4150998592376709
eval_runtime = 45.2096
eval_samples_per_second = 217.1
