eval_accuracy = 0.8629648497198166
eval_loss = 0.45282724499702454
eval_runtime = 50.5078
eval_samples_per_second = 194.326
