eval_accuracy = 0.863779928680591
eval_loss = 0.9103585481643677
eval_runtime = 50.1955
eval_samples_per_second = 195.536
