eval_accuracy = 0.8619812855980472
eval_loss = 0.6602616906166077
eval_runtime = 48.5161
eval_samples_per_second = 202.655
