eval_accuracy = 0.866253051261188
eval_loss = 0.8813190460205078
eval_runtime = 42.8182
eval_samples_per_second = 229.622
