eval_accuracy = 0.8573611818644932
eval_loss = 0.6702325344085693
eval_runtime = 43.1194
eval_samples_per_second = 227.624
