eval_accuracy = 0.7948038716250637
eval_loss = 0.5356823205947876
eval_runtime = 50.8236
eval_samples_per_second = 193.119
