eval_accuracy = 0.8635761589403973
eval_loss = 0.5638917088508606
eval_runtime = 42.5581
eval_samples_per_second = 230.626
