eval_accuracy = 0.8633034987794955
eval_loss = 0.5950173735618591
eval_runtime = 50.5849
eval_samples_per_second = 194.366
