eval_accuracy = 0.8608624898291294
eval_loss = 0.4214904010295868
eval_runtime = 43.5781
eval_samples_per_second = 225.618
