eval_accuracy = 0.861879576891782
eval_loss = 0.9354316592216492
eval_runtime = 50.0649
eval_samples_per_second = 196.385
