eval_accuracy = 0.8621847030105777
eval_loss = 0.6513919830322266
eval_runtime = 43.0961
eval_samples_per_second = 228.141
