eval_accuracy = 0.8649006622516556
eval_loss = 0.889595627784729
eval_runtime = 42.8206
eval_samples_per_second = 229.212
