eval_accuracy = 0.8598064187468161
eval_loss = 0.903763473033905
eval_runtime = 42.5004
eval_samples_per_second = 230.939
