eval_accuracy = 0.8663547599674533
eval_loss = 0.9193569421768188
eval_runtime = 50.1799
eval_samples_per_second = 195.935
