eval_accuracy = 0.8195618950585838
eval_loss = 0.4806767404079437
eval_runtime = 44.8576
eval_samples_per_second = 218.803
