eval_accuracy = 0.8639137510170871
eval_loss = 0.8357406258583069
eval_runtime = 50.2929
eval_samples_per_second = 195.495
