eval_accuracy = 0.8647274206672091
eval_loss = 0.9034532904624939
eval_runtime = 42.4799
eval_samples_per_second = 231.451
