eval_accuracy = 0.8680838079739626
eval_loss = 1.0408955812454224
eval_runtime = 43.2185
eval_samples_per_second = 227.495
