eval_accuracy = 0.8459807073954984
eval_combined_score = 0.8283292001907108
eval_f1 = 0.8106776929859233
eval_loss = 0.343630850315094
eval_runtime = 158.8034
eval_samples_per_second = 254.591
