eval_accuracy = 0.8054662379421221
eval_combined_score = 0.7872174476142476
eval_f1 = 0.7689686572863731
eval_loss = 0.40569618344306946
eval_runtime = 154.5633
eval_samples_per_second = 261.576
