eval_accuracy = 0.8854810784071234
eval_combined_score = 0.8688921278216554
eval_f1 = 0.8523031772361873
eval_loss = 0.2997162938117981
eval_runtime = 158.2581
eval_samples_per_second = 255.469
