eval_accuracy = 0.8879792233489983
eval_combined_score = 0.8710283074247327
eval_f1 = 0.8540773915004672
eval_loss = 0.2751879394054413
eval_runtime = 155.1818
eval_samples_per_second = 260.533
