eval_accuracy = 0.8887459807073955
eval_combined_score = 0.8689538085964879
eval_f1 = 0.8491616364855802
eval_loss = 0.2720887362957001
eval_runtime = 156.145
eval_samples_per_second = 258.926
