eval_accuracy = 0.8748454118229038
eval_combined_score = 0.8574252354757345
eval_f1 = 0.8400050591285652
eval_loss = 0.2976607084274292
eval_runtime = 163.02
eval_samples_per_second = 248.006
