eval_accuracy = 0.8568142468464012
eval_combined_score = 0.8313641757583332
eval_f1 = 0.8059141046702653
eval_loss = 0.33401617407798767
eval_runtime = 154.7657
eval_samples_per_second = 261.234
