eval_accuracy = 0.8854068760821172
eval_combined_score = 0.8672547848149894
eval_f1 = 0.8491026935478617
eval_loss = 0.285787969827652
eval_runtime = 161.2698
eval_samples_per_second = 250.698
