eval_accuracy = 0.882191441998516
eval_combined_score = 0.8662175571885363
eval_f1 = 0.8502436723785567
eval_loss = 0.2913442552089691
eval_runtime = 154.9723
eval_samples_per_second = 260.885
