eval_accuracy = 0.8607222359633935
eval_combined_score = 0.8444310096343749
eval_f1 = 0.8281397833053563
eval_loss = 0.3278099596500397
eval_runtime = 156.8385
eval_samples_per_second = 257.781
