eval_accuracy = 0.8942616868661885
eval_combined_score = 0.8768391534728851
eval_f1 = 0.8594166200795818
eval_loss = 0.2600485384464264
eval_runtime = 158.4848
eval_samples_per_second = 255.103
