eval_accuracy = 0.8591887212465991
eval_combined_score = 0.8285579072814474
eval_f1 = 0.7979270933162957
eval_loss = 0.3137360215187073
eval_runtime = 157.2777
eval_samples_per_second = 257.061
