eval_accuracy = 0.8695523126391294
eval_combined_score = 0.8525907795197143
eval_f1 = 0.8356292464002992
eval_loss = 0.3133451044559479
eval_runtime = 163.5762
eval_samples_per_second = 247.163
