eval_accuracy = 0.8915162008409597
eval_combined_score = 0.8734105153056739
eval_f1 = 0.855304829770388
eval_loss = 0.2690885663032532
eval_runtime = 156.8078
eval_samples_per_second = 257.832
