eval_accuracy = 0.8926787039327232
eval_combined_score = 0.876524388169097
eval_f1 = 0.8603700724054706
eval_loss = 0.26870864629745483
eval_runtime = 158.8482
eval_samples_per_second = 254.52
