eval_accuracy = 0.8879544892406629
eval_combined_score = 0.8689126194463406
eval_f1 = 0.8498707496520184
eval_loss = 0.27892786264419556
eval_runtime = 155.8788
eval_samples_per_second = 259.368
