eval_accuracy = 0.8798911699233243
eval_combined_score = 0.8608885388559054
eval_f1 = 0.8418859077884866
eval_loss = 0.28024598956108093
eval_runtime = 157.9379
eval_samples_per_second = 255.987
