eval_accuracy = 0.8928023744744003
eval_combined_score = 0.8760760103695426
eval_f1 = 0.8593496462646849
eval_loss = 0.2767997086048126
eval_runtime = 163.1348
eval_samples_per_second = 247.832
