eval_accuracy = 0.8718278506059857
eval_combined_score = 0.8469433875652002
eval_f1 = 0.8220589245244145
eval_loss = 0.2938113808631897
eval_runtime = 155.5721
eval_samples_per_second = 259.88
