eval_accuracy = 0.8896858768241405
eval_combined_score = 0.872800552936849
eval_f1 = 0.8559152290495575
eval_loss = 0.28296491503715515
eval_runtime = 155.7569
eval_samples_per_second = 259.571
