eval_accuracy = 0.8829334652485777
eval_combined_score = 0.8615632987856152
eval_f1 = 0.8401931323226526
eval_loss = 0.2829454839229584
eval_runtime = 161.3381
eval_samples_per_second = 250.592
