eval_accuracy = 0.8301508780608459
eval_combined_score = 0.809698401925184
eval_f1 = 0.7892459257895221
eval_loss = 0.36890068650245667
eval_runtime = 152.8123
eval_samples_per_second = 264.573
