eval_accuracy = 0.8913677961909473
eval_combined_score = 0.8716348017911845
eval_f1 = 0.8519018073914216
eval_loss = 0.27498748898506165
eval_runtime = 156.1553
eval_samples_per_second = 258.909
