eval_accuracy = 0.8786049962898838
eval_combined_score = 0.8607292399482206
eval_f1 = 0.8428534836065574
eval_loss = 0.28460100293159485
eval_runtime = 159.8188
eval_samples_per_second = 252.974
