eval_accuracy = 0.8866930497155577
eval_combined_score = 0.8685937426378774
eval_f1 = 0.850494435560197
eval_loss = 0.2717974781990051
eval_runtime = 157.6777
eval_samples_per_second = 256.409
