eval_accuracy = 0.8580756863715063
eval_combined_score = 0.8292048694227913
eval_f1 = 0.8003340524740762
eval_loss = 0.31394335627555847
eval_runtime = 155.1585
eval_samples_per_second = 260.572
