eval_accuracy = 0.8923571605243631
eval_combined_score = 0.874918428310387
eval_f1 = 0.8574796960964108
eval_loss = 0.26423904299736023
eval_runtime = 162.8411
eval_samples_per_second = 248.279
