eval_accuracy = 0.8400197872866683
eval_combined_score = 0.8054590293758362
eval_f1 = 0.7708982714650042
eval_loss = 0.3477345407009125
eval_runtime = 163.497
eval_samples_per_second = 247.283
