eval_accuracy = 0.8820430373485035
eval_combined_score = 0.8633530388201753
eval_f1 = 0.8446630402918472
eval_loss = 0.2826390862464905
eval_runtime = 158.7651
eval_samples_per_second = 254.653
