eval_accuracy = 0.8831066040069255
eval_combined_score = 0.8621460837764314
eval_f1 = 0.8411855635459372
eval_loss = 0.2882900536060333
eval_runtime = 158.5315
eval_samples_per_second = 255.028
