eval_accuracy = 0.89436062329953
eval_combined_score = 0.877595118257996
eval_f1 = 0.8608296132164619
eval_loss = 0.2675965428352356
eval_runtime = 161.7509
eval_samples_per_second = 249.952
