eval_accuracy = 0.8827850605985654
eval_combined_score = 0.8642980126483961
eval_f1 = 0.8458109646982268
eval_loss = 0.2804584503173828
eval_runtime = 159.7161
eval_samples_per_second = 253.137
