eval_accuracy = 0.8748948800395746
eval_combined_score = 0.8592615746886799
eval_f1 = 0.8436282693377852
eval_loss = 0.3066750764846802
eval_runtime = 157.9984
eval_samples_per_second = 255.889
