eval_combined_score = 0.17891960794418507
eval_loss = 125.47076416015625
eval_pearson = 0.1828048780134549
eval_runtime = 5.0312
eval_samples_per_second = 298.14
eval_spearmanr = 0.17503433787491524
