eval_combined_score = 0.2704636386334503
eval_loss = 2.5070505142211914
eval_pearson = 0.2712861958789059
eval_runtime = 5.0086
eval_samples_per_second = 299.485
eval_spearmanr = 0.2696410813879947
