eval_combined_score = -0.18693938213856143
eval_loss = 103.8956069946289
eval_pearson = -0.20146229135140709
eval_runtime = 5.312
eval_samples_per_second = 282.38
eval_spearmanr = -0.1724164729257158
