epoch = 6.76
eval_accuracy = 0.8673718470301057
eval_loss = 1.0699495077133179
eval_runtime = 40.825
eval_samples_per_second = 240.833
