epoch = 5.64
eval_accuracy = 0.8719307182883341
eval_loss = 0.9306516051292419
eval_runtime = 40.9084
eval_samples_per_second = 239.926
