epoch = 5.58
eval_accuracy = 0.8667615947925142
eval_loss = 0.985388994216919
eval_runtime = 40.9055
eval_samples_per_second = 240.359
