epoch = 6.5
eval_accuracy = 0.8677786818551668
eval_loss = 1.0624547004699707
eval_runtime = 40.8565
eval_samples_per_second = 240.647
