epoch = 6.09
eval_accuracy = 0.8680838079739626
eval_loss = 1.070194125175476
eval_runtime = 40.8771
eval_samples_per_second = 240.526
