epoch = 2.85
eval_accuracy = 0.8683889340927583
eval_loss = 0.5401468873023987
eval_runtime = 40.875
eval_samples_per_second = 240.538
