epoch = 2.71
eval_accuracy = 0.8674477840040754
eval_loss = 0.5550062656402588
eval_runtime = 40.8341
eval_samples_per_second = 240.363
