epoch = 0.79
eval_accuracy = 0.8600101884870097
eval_loss = 0.3787005841732025
eval_runtime = 40.8747
eval_samples_per_second = 240.124
