epoch = 2.3
eval_accuracy = 0.8597436940602116
eval_loss = 0.5793699622154236
eval_runtime = 41.1131
eval_samples_per_second = 239.145
