epoch = 2.42
eval_accuracy = 0.8655410903173312
eval_loss = 0.5411465167999268
eval_runtime = 40.8989
eval_samples_per_second = 240.398
