epoch = 3.77
eval_accuracy = 0.8642188771358829
eval_loss = 0.7303093075752258
eval_runtime = 40.7967
eval_samples_per_second = 241.0
