epoch = 3.44
eval_accuracy = 0.8629648497198166
eval_loss = 0.7538401484489441
eval_runtime = 40.8083
eval_samples_per_second = 240.515
