epoch = 5.54
eval_accuracy = 0.8685685175751401
eval_loss = 0.9569185972213745
eval_runtime = 40.8369
eval_samples_per_second = 240.347
