epoch = 1.14
eval_accuracy = 0.8572009764035802
eval_loss = 0.41537922620773315
eval_runtime = 40.902
eval_samples_per_second = 240.38
