epoch = 1.94
eval_accuracy = 0.8701986754966887
eval_loss = 0.40952885150909424
eval_runtime = 41.6513
eval_samples_per_second = 235.647
