epoch = 6.82
eval_accuracy = 0.8686940602115542
eval_loss = 1.0709784030914307
eval_runtime = 40.8758
eval_samples_per_second = 240.534
