epoch = 2.55
eval_accuracy = 0.8651342554922702
eval_loss = 0.589985191822052
eval_runtime = 40.9077
eval_samples_per_second = 240.346
