epoch = 5.74
eval_accuracy = 0.8667345899133979
eval_loss = 0.9432520270347595
eval_runtime = 40.7837
eval_samples_per_second = 240.66
