epoch = 6.84
eval_accuracy = 0.8694854814060112
eval_loss = 1.0525723695755005
eval_runtime = 40.8402
eval_samples_per_second = 240.327
