epoch = 5.17
eval_accuracy = 0.8740703005603668
eval_loss = 0.9259427189826965
eval_runtime = 40.8354
eval_samples_per_second = 240.355
