epoch = 4.69
eval_accuracy = 0.8643205858421481
eval_loss = 0.8611140847206116
eval_runtime = 40.9502
eval_samples_per_second = 240.096
