epoch = 4.58
eval_accuracy = 0.8648291293734743
eval_loss = 0.8727467060089111
eval_runtime = 40.9871
eval_samples_per_second = 239.88
