epoch = 4.26
eval_accuracy = 0.8637103336045565
eval_loss = 0.8497634530067444
eval_runtime = 40.9431
eval_samples_per_second = 240.138
