epoch = 4.75
eval_accuracy = 0.8704024452368824
eval_loss = 0.8102510571479797
eval_runtime = 41.6678
eval_samples_per_second = 235.553
