epoch = 3.54
eval_accuracy = 0.8659479251423922
eval_loss = 0.7348828911781311
eval_runtime = 40.8864
eval_samples_per_second = 240.471
