epoch = 0.67
eval_accuracy = 0.8550178298522669
eval_loss = 0.3910655081272125
eval_runtime = 40.7615
eval_samples_per_second = 240.791
