epoch = 0.1
eval_accuracy = 0.8205807437595517
eval_loss = 0.46716398000717163
eval_runtime = 40.8382
eval_samples_per_second = 240.339
