epoch = 0.79
eval_accuracy = 0.8582180634662328
eval_loss = 0.38187286257743835
eval_runtime = 41.3486
eval_samples_per_second = 237.783
