epoch = 2.63
eval_accuracy = 0.8653376729048007
eval_loss = 0.5272037386894226
eval_runtime = 40.899
eval_samples_per_second = 240.397
