epoch = 5.6
eval_accuracy = 0.8646257119609438
eval_loss = 0.9792922735214233
eval_runtime = 40.941
eval_samples_per_second = 240.15
