epoch = 3.44
eval_accuracy = 0.8637103336045565
eval_loss = 0.757926344871521
eval_runtime = 40.8904
eval_samples_per_second = 240.448
