epoch = 2.28
eval_accuracy = 0.8664289353031075
eval_loss = 0.5955789089202881
eval_runtime = 40.8381
eval_samples_per_second = 240.339
