epoch = 5.79
eval_accuracy = 0.8689760570555273
eval_loss = 0.9743508100509644
eval_runtime = 40.8069
eval_samples_per_second = 240.523
