epoch = 6.01
eval_accuracy = 0.8661513425549227
eval_loss = 0.9948555827140808
eval_runtime = 40.8558
eval_samples_per_second = 240.651
