epoch = 4.71
eval_accuracy = 0.8657445077298617
eval_loss = 0.8475269079208374
eval_runtime = 40.8585
eval_samples_per_second = 240.635
