epoch = 3.91
eval_accuracy = 0.8674735557363711
eval_loss = 0.7579946517944336
eval_runtime = 41.3969
eval_samples_per_second = 237.506
