epoch = 0.61
eval_accuracy = 0.8469689251146205
eval_loss = 0.4088646173477173
eval_runtime = 40.8337
eval_samples_per_second = 240.365
