epoch = 6.56
eval_accuracy = 0.8665581773799838
eval_loss = 1.0821577310562134
eval_runtime = 40.8891
eval_samples_per_second = 240.455
