epoch = 5.09
eval_accuracy = 0.8654393816110659
eval_loss = 0.9799803495407104
eval_runtime = 40.9032
eval_samples_per_second = 240.372
