epoch = 5.48
eval_accuracy = 0.8647274206672091
eval_loss = 1.0036574602127075
eval_runtime = 41.0256
eval_samples_per_second = 239.655
