epoch = 4.6
eval_accuracy = 0.8634052074857608
eval_loss = 0.9029670357704163
eval_runtime = 40.8804
eval_samples_per_second = 240.507
