epoch = 6.34
eval_accuracy = 0.8674735557363711
eval_loss = 1.0654442310333252
eval_runtime = 40.871
eval_samples_per_second = 240.562
