epoch = 2.28
eval_accuracy = 0.8633034987794955
eval_loss = 0.6026799082756042
eval_runtime = 41.003
eval_samples_per_second = 239.787
