epoch = 3.54
eval_accuracy = 0.8684666327050433
eval_loss = 0.7061745524406433
eval_runtime = 40.9068
eval_samples_per_second = 239.936
