epoch = 2.89
eval_accuracy = 0.8625573102394295
eval_loss = 0.5722507238388062
eval_runtime = 40.8845
eval_samples_per_second = 240.066
