epoch = 4.38
eval_accuracy = 0.8649006622516556
eval_loss = 0.8379116058349609
eval_runtime = 40.8425
eval_samples_per_second = 240.313
