epoch = 6.21
eval_accuracy = 0.8665581773799838
eval_loss = 1.062337875366211
eval_runtime = 40.8923
eval_samples_per_second = 240.436
