epoch = 3.36
eval_accuracy = 0.8629983726606998
eval_loss = 0.7478376030921936
eval_runtime = 40.858
eval_samples_per_second = 240.639
