epoch = 3.75
eval_accuracy = 0.8658462164361269
eval_loss = 0.7152054309844971
eval_runtime = 41.0057
eval_samples_per_second = 239.771
