epoch = 6.46
eval_accuracy = 0.8678803905614321
eval_loss = 1.0713942050933838
eval_runtime = 40.8728
eval_samples_per_second = 240.551
