epoch = 4.3
eval_accuracy = 0.8654393816110659
eval_loss = 0.7992367744445801
eval_runtime = 40.9402
eval_samples_per_second = 240.155
