epoch = 5.4
eval_accuracy = 0.8638120423108218
eval_loss = 0.9730932712554932
eval_runtime = 40.7875
eval_samples_per_second = 241.054
