epoch = 5.95
eval_accuracy = 0.866659886086249
eval_loss = 0.9866944551467896
eval_runtime = 40.9003
eval_samples_per_second = 240.389
