epoch = 5.11
eval_accuracy = 0.8689760570555273
eval_loss = 0.9540205597877502
eval_runtime = 40.8229
eval_samples_per_second = 240.429
