epoch = 6.91
eval_accuracy = 0.8685685175751401
eval_loss = 1.0586456060409546
eval_runtime = 40.8377
eval_samples_per_second = 240.342
