epoch = 3.48
eval_accuracy = 0.8678803905614321
eval_loss = 0.7366722226142883
eval_runtime = 40.7755
eval_samples_per_second = 241.125
