epoch = 5.28
eval_accuracy = 0.8642188771358829
eval_loss = 0.9883207678794861
eval_runtime = 40.8404
eval_samples_per_second = 240.742
