epoch = 5.58
eval_accuracy = 0.8713194090677534
eval_loss = 0.9438620209693909
eval_runtime = 40.8132
eval_samples_per_second = 240.486
