epoch = 2.69
eval_accuracy = 0.870096790626592
eval_loss = 0.5095994472503662
eval_runtime = 40.8851
eval_samples_per_second = 240.063
