epoch = 4.4
eval_accuracy = 0.8676769731489016
eval_loss = 0.8314582705497742
eval_runtime = 40.9164
eval_samples_per_second = 240.295
