epoch = 4.14
eval_accuracy = 0.8663547599674533
eval_loss = 0.8661944270133972
eval_runtime = 41.1125
eval_samples_per_second = 239.148
