epoch = 0.04
eval_accuracy = 0.7890561432058584
eval_loss = 0.5671919584274292
eval_runtime = 40.9721
eval_samples_per_second = 239.968
