epoch = 3.65
eval_accuracy = 0.8670402445236882
eval_loss = 0.7234917283058167
eval_runtime = 41.3236
eval_samples_per_second = 237.516
