epoch = 4.93
eval_accuracy = 0.8645240032546786
eval_loss = 0.8293049931526184
eval_runtime = 40.898
eval_samples_per_second = 240.403
