epoch = 1.75
eval_accuracy = 0.8656427990235964
eval_loss = 0.40949252247810364
eval_runtime = 41.0839
eval_samples_per_second = 239.315
