epoch = 4.46
eval_accuracy = 0.863100081366965
eval_loss = 0.8622353672981262
eval_runtime = 40.9149
eval_samples_per_second = 240.304
