epoch = 3.36
eval_accuracy = 0.8643912379011717
eval_loss = 0.7413370013237
eval_runtime = 40.9013
eval_samples_per_second = 239.968
