epoch = 5.05
eval_accuracy = 0.8627949552481693
eval_loss = 0.9721542596817017
eval_runtime = 40.8955
eval_samples_per_second = 240.418
