epoch = 6.89
eval_accuracy = 0.8683889340927583
eval_loss = 1.082236647605896
eval_runtime = 41.6453
eval_samples_per_second = 236.089
