epoch = 6.66
eval_accuracy = 0.8682628629648497
eval_loss = 1.0474300384521484
eval_runtime = 40.8291
eval_samples_per_second = 240.392
