epoch = 5.85
eval_accuracy = 0.8671684296175752
eval_loss = 0.9450342059135437
eval_runtime = 40.8762
eval_samples_per_second = 240.531
