epoch = 5.5
eval_accuracy = 0.8664289353031075
eval_loss = 1.007943868637085
eval_runtime = 40.8682
eval_samples_per_second = 240.162
