epoch = 4.56
eval_accuracy = 0.8655119714722364
eval_loss = 0.8454609513282776
eval_runtime = 40.8922
eval_samples_per_second = 240.021
