epoch = 6.19
eval_accuracy = 0.8671684296175752
eval_loss = 1.0735937356948853
eval_runtime = 41.1002
eval_samples_per_second = 239.22
