epoch = 4.36
eval_accuracy = 0.8659479251423922
eval_loss = 0.8792529106140137
eval_runtime = 40.9073
eval_samples_per_second = 240.348
