epoch = 2.91
eval_accuracy = 0.863506916192026
eval_loss = 0.5453915596008301
eval_runtime = 41.1485
eval_samples_per_second = 238.94
