epoch = 3.91
eval_accuracy = 0.8681609780947529
eval_loss = 0.7382138967514038
eval_runtime = 41.2853
eval_samples_per_second = 237.736
