epoch = 5.77
eval_accuracy = 0.8677786818551668
eval_loss = 0.9794090390205383
eval_runtime = 40.9195
eval_samples_per_second = 240.277
