epoch = 4.69
eval_accuracy = 0.8689760570555273
eval_loss = 0.8292250037193298
eval_runtime = 41.3264
eval_samples_per_second = 237.5
