epoch = 2.24
eval_accuracy = 0.8664289353031075
eval_loss = 0.6317153573036194
eval_runtime = 40.9068
eval_samples_per_second = 239.935
