epoch = 6.07
eval_accuracy = 0.8694854814060112
eval_loss = 1.0297828912734985
eval_runtime = 41.3616
eval_samples_per_second = 237.298
