epoch = 4.4
eval_accuracy = 0.8670402445236882
eval_loss = 0.8351918458938599
eval_runtime = 41.2763
eval_samples_per_second = 237.788
