epoch = 4.22
eval_accuracy = 0.8688974776240846
eval_loss = 0.834735095500946
eval_runtime = 40.945
eval_samples_per_second = 240.127
