epoch = 2.97
eval_accuracy = 0.866632705043301
eval_loss = 0.5242503881454468
eval_runtime = 40.8048
eval_samples_per_second = 240.536
