epoch = 5.24
eval_accuracy = 0.8667345899133979
eval_loss = 0.9604137539863586
eval_runtime = 40.8092
eval_samples_per_second = 240.509
