epoch = 0.9
eval_accuracy = 0.8625573102394295
eval_loss = 0.3815506398677826
eval_runtime = 40.8349
eval_samples_per_second = 240.358
