epoch = 5.46
eval_accuracy = 0.8651342554922702
eval_loss = 0.9779963493347168
eval_runtime = 41.3832
eval_samples_per_second = 237.585
