epoch = 5.81
eval_accuracy = 0.8698930208863984
eval_loss = 0.9478033781051636
eval_runtime = 40.8535
eval_samples_per_second = 240.249
