epoch = 5.83
eval_accuracy = 0.8668633034987795
eval_loss = 0.9887312054634094
eval_runtime = 40.8699
eval_samples_per_second = 240.568
