epoch = 3.71
eval_accuracy = 0.8668364747834947
eval_loss = 0.7143353223800659
eval_runtime = 40.8809
eval_samples_per_second = 240.088
