epoch = 5.5
eval_accuracy = 0.8642188771358829
eval_loss = 1.028365135192871
eval_runtime = 40.8798
eval_samples_per_second = 240.51
