epoch = 6.36
eval_accuracy = 0.8699949057564952
eval_loss = 1.052983045578003
eval_runtime = 41.2322
eval_samples_per_second = 238.042
