epoch = 4.28
eval_accuracy = 0.8610659072416599
eval_loss = 0.8400402069091797
eval_runtime = 40.9027
eval_samples_per_second = 240.375
