epoch = 0.77
eval_accuracy = 0.8624554253693326
eval_loss = 0.3817558288574219
eval_runtime = 40.8709
eval_samples_per_second = 240.147
