epoch = 5.66
eval_accuracy = 0.8664564686737185
eval_loss = 0.9837651252746582
eval_runtime = 40.8808
eval_samples_per_second = 240.504
