epoch = 2.32
eval_accuracy = 0.8639137510170871
eval_loss = 0.6222485899925232
eval_runtime = 40.9056
eval_samples_per_second = 240.358
