epoch = 1.67
eval_accuracy = 0.8654100866021396
eval_loss = 0.4539235532283783
eval_runtime = 40.903
eval_samples_per_second = 239.958
