epoch = 2.24
eval_accuracy = 0.863506916192026
eval_loss = 0.6360326409339905
eval_runtime = 40.8946
eval_samples_per_second = 240.423
