epoch = 2.49
eval_accuracy = 0.8605573637103336
eval_loss = 0.6133118867874146
eval_runtime = 40.8961
eval_samples_per_second = 240.414
