epoch = 5.79
eval_accuracy = 0.8658462164361269
eval_loss = 0.9910740852355957
eval_runtime = 40.8467
eval_samples_per_second = 240.705
