epoch = 3.63
eval_accuracy = 0.8664564686737185
eval_loss = 0.6984992623329163
eval_runtime = 40.8669
eval_samples_per_second = 240.586
