epoch = 5.56
eval_accuracy = 0.8668364747834947
eval_loss = 0.9382089376449585
eval_runtime = 40.9191
eval_samples_per_second = 239.864
