epoch = 2.67
eval_accuracy = 0.8665581773799838
eval_loss = 0.5803259611129761
eval_runtime = 40.8766
eval_samples_per_second = 240.529
