epoch = 2.73
eval_accuracy = 0.8652359641985354
eval_loss = 0.5598353743553162
eval_runtime = 40.807
eval_samples_per_second = 240.939
