epoch = 4.81
eval_accuracy = 0.8696892511462048
eval_loss = 0.8015921115875244
eval_runtime = 40.7602
eval_samples_per_second = 240.798
