epoch = 5.07
eval_accuracy = 0.8684666327050433
eval_loss = 0.9374922513961792
eval_runtime = 40.8523
eval_samples_per_second = 240.256
