epoch = 5.6
eval_accuracy = 0.8679572083545594
eval_loss = 0.9502124190330505
eval_runtime = 40.8531
eval_samples_per_second = 240.251
