epoch = 6.42
eval_accuracy = 0.8677786818551668
eval_loss = 1.072139859199524
eval_runtime = 40.9147
eval_samples_per_second = 240.305
