epoch = 5.26
eval_accuracy = 0.8685685175751401
eval_loss = 0.9759555459022522
eval_runtime = 40.8106
eval_samples_per_second = 240.501
