epoch = 4.44
eval_accuracy = 0.8628966639544345
eval_loss = 0.8266412615776062
eval_runtime = 40.8534
eval_samples_per_second = 240.666
