epoch = 3.61
eval_accuracy = 0.8674477840040754
eval_loss = 0.7306729555130005
eval_runtime = 40.8523
eval_samples_per_second = 240.256
