epoch = 5.83
eval_accuracy = 0.869587366276108
eval_loss = 0.9669883251190186
eval_runtime = 40.7997
eval_samples_per_second = 240.565
