epoch = 3.77
eval_accuracy = 0.8687722873153336
eval_loss = 0.7100435495376587
eval_runtime = 40.7574
eval_samples_per_second = 240.815
