epoch = 6.19
eval_accuracy = 0.8689760570555273
eval_loss = 1.056697130203247
eval_runtime = 40.8258
eval_samples_per_second = 240.412
