epoch = 0.71
eval_accuracy = 0.854759967453214
eval_loss = 0.4120790362358093
eval_runtime = 40.9191
eval_samples_per_second = 240.279
