epoch = 5.01
eval_accuracy = 0.8694854814060112
eval_loss = 0.9498119354248047
eval_runtime = 40.8598
eval_samples_per_second = 240.211
