epoch = 3.67
eval_accuracy = 0.8688974776240846
eval_loss = 0.7171093225479126
eval_runtime = 40.8915
eval_samples_per_second = 240.441
