epoch = 0.73
eval_accuracy = 0.8589913397860418
eval_loss = 0.3848378360271454
eval_runtime = 40.9366
eval_samples_per_second = 239.761
