epoch = 0.06
eval_accuracy = 0.8061130922058074
eval_loss = 0.49521443247795105
eval_runtime = 40.8961
eval_samples_per_second = 239.998
