epoch = 3.46
eval_accuracy = 0.8655410903173312
eval_loss = 0.7246233820915222
eval_runtime = 40.8597
eval_samples_per_second = 240.628
