epoch = 4.52
eval_accuracy = 0.8568517575140092
eval_loss = 0.8959107995033264
eval_runtime = 40.7063
eval_samples_per_second = 241.118
