epoch = 5.36
eval_accuracy = 0.8639137510170871
eval_loss = 0.9712023138999939
eval_runtime = 40.922
eval_samples_per_second = 240.262
