epoch = 0.94
eval_accuracy = 0.8564890154597233
eval_loss = 0.38945814967155457
eval_runtime = 40.9521
eval_samples_per_second = 240.085
