epoch = 5.89
eval_accuracy = 0.8683889340927583
eval_loss = 0.9942883253097534
eval_runtime = 40.8588
eval_samples_per_second = 240.634
