epoch = 4.95
eval_accuracy = 0.8696892511462048
eval_loss = 0.8083123564720154
eval_runtime = 40.8968
eval_samples_per_second = 239.995
