epoch = 3.57
eval_accuracy = 0.8660213958227203
eval_loss = 0.7662804126739502
eval_runtime = 40.9013
eval_samples_per_second = 239.968
