epoch = 4.75
eval_accuracy = 0.8640154597233524
eval_loss = 0.8389323353767395
eval_runtime = 41.3686
eval_samples_per_second = 237.668
