epoch = 6.7
eval_accuracy = 0.8685923515052889
eval_loss = 1.0583722591400146
eval_runtime = 40.8609
eval_samples_per_second = 240.621
