epoch = 4.97
eval_accuracy = 0.8697911360163015
eval_loss = 0.7792365550994873
eval_runtime = 40.8822
eval_samples_per_second = 240.08
