epoch = 3.95
eval_accuracy = 0.8631686194600102
eval_loss = 0.7206138968467712
eval_runtime = 40.8813
eval_samples_per_second = 240.085
