epoch = 3.57
eval_accuracy = 0.8645240032546786
eval_loss = 0.7774754762649536
eval_runtime = 40.9583
eval_samples_per_second = 240.049
