epoch = 5.34
eval_accuracy = 0.8638120423108218
eval_loss = 0.9669691920280457
eval_runtime = 40.92
eval_samples_per_second = 240.274
