epoch = 3.73
eval_accuracy = 0.8668364747834947
eval_loss = 0.6956465840339661
eval_runtime = 40.8415
eval_samples_per_second = 240.319
