epoch = 3.24
eval_accuracy = 0.8624554253693326
eval_loss = 0.7159163355827332
eval_runtime = 40.8891
eval_samples_per_second = 240.039
