epoch = 6.95
eval_accuracy = 0.8684906427990235
eval_loss = 1.0737066268920898
eval_runtime = 40.8827
eval_samples_per_second = 240.493
