epoch = 2.83
eval_accuracy = 0.8669650122050447
eval_loss = 0.5513432025909424
eval_runtime = 40.9129
eval_samples_per_second = 240.316
