epoch = 2.26
eval_accuracy = 0.8655119714722364
eval_loss = 0.5659738779067993
eval_runtime = 40.8261
eval_samples_per_second = 240.41
