epoch = 2.77
eval_accuracy = 0.8672701383238405
eval_loss = 0.5872019529342651
eval_runtime = 40.9344
eval_samples_per_second = 240.189
