epoch = 4.64
eval_accuracy = 0.869077941925624
eval_loss = 0.8823868632316589
eval_runtime = 40.8256
eval_samples_per_second = 240.413
