epoch = 5.99
eval_accuracy = 0.8679820992676973
eval_loss = 0.975526750087738
eval_runtime = 40.8674
eval_samples_per_second = 240.583
