epoch = 0.04
eval_accuracy = 0.7812531839021906
eval_loss = 0.5821362733840942
eval_runtime = 40.9725
eval_samples_per_second = 239.551
