epoch = 2.34
eval_accuracy = 0.8640154597233524
eval_loss = 0.5433502197265625
eval_runtime = 41.3231
eval_samples_per_second = 237.93
