epoch = 2.99
eval_accuracy = 0.866253051261188
eval_loss = 0.5663527250289917
eval_runtime = 40.9441
eval_samples_per_second = 240.132
