epoch = 0.98
eval_accuracy = 0.8611676159479251
eval_loss = 0.3832959234714508
eval_runtime = 41.3582
eval_samples_per_second = 237.728
