epoch = 3.06
eval_accuracy = 0.8655119714722364
eval_loss = 0.7357065081596375
eval_runtime = 41.6824
eval_samples_per_second = 235.471
