epoch = 1.04
eval_accuracy = 0.8613710333604556
eval_loss = 0.4338364899158478
eval_runtime = 40.8136
eval_samples_per_second = 240.9
