epoch = 3.12
eval_accuracy = 0.869077941925624
eval_loss = 0.7409568428993225
eval_runtime = 40.8533
eval_samples_per_second = 240.25
