epoch = 3.24
eval_accuracy = 0.8609641985353946
eval_loss = 0.7270151972770691
eval_runtime = 41.0219
eval_samples_per_second = 239.677
