epoch = 4.12
eval_accuracy = 0.8633034987794955
eval_loss = 0.855191707611084
eval_runtime = 40.9429
eval_samples_per_second = 240.139
