epoch = 2.79
eval_accuracy = 0.8654393816110659
eval_loss = 0.5547844171524048
eval_runtime = 41.0335
eval_samples_per_second = 239.609
