epoch = 1.41
eval_accuracy = 0.8663270504330107
eval_loss = 0.422457218170166
eval_runtime = 40.8637
eval_samples_per_second = 240.189
