epoch = 2.46
eval_accuracy = 0.8651342554922702
eval_loss = 0.639864444732666
eval_runtime = 40.9122
eval_samples_per_second = 240.319
