epoch = 3.5
eval_accuracy = 0.8684666327050433
eval_loss = 0.7232638001441956
eval_runtime = 40.8106
eval_samples_per_second = 240.501
