epoch = 1.3
eval_accuracy = 0.8609641985353946
eval_loss = 0.4203602075576782
eval_runtime = 40.9434
eval_samples_per_second = 240.136
