epoch = 5.4
eval_accuracy = 0.8664289353031075
eval_loss = 0.9526631236076355
eval_runtime = 40.773
eval_samples_per_second = 240.723
