epoch = 0.9
eval_accuracy = 0.8623881204231082
eval_loss = 0.38606348633766174
eval_runtime = 40.9006
eval_samples_per_second = 240.388
