epoch = 4.44
eval_accuracy = 0.8616403464085584
eval_loss = 0.8386431336402893
eval_runtime = 40.8181
eval_samples_per_second = 240.457
