epoch = 4.77
eval_accuracy = 0.8627949552481693
eval_loss = 0.8684387803077698
eval_runtime = 40.8594
eval_samples_per_second = 240.63
