epoch = 2.4
eval_accuracy = 0.8654100866021396
eval_loss = 0.5676894783973694
eval_runtime = 40.8544
eval_samples_per_second = 240.244
