epoch = 6.44
eval_accuracy = 0.8675752644426363
eval_loss = 1.0684814453125
eval_runtime = 40.8759
eval_samples_per_second = 240.533
