epoch = 2.91
eval_accuracy = 0.8658176260825268
eval_loss = 0.5407877564430237
eval_runtime = 40.8839
eval_samples_per_second = 240.07
