epoch = 2.55
eval_accuracy = 0.8629648497198166
eval_loss = 0.5841832756996155
eval_runtime = 40.7541
eval_samples_per_second = 240.834
