epoch = 3.2
eval_accuracy = 0.8648291293734743
eval_loss = 0.7061348557472229
eval_runtime = 40.8664
eval_samples_per_second = 240.589
