epoch = 2.14
eval_accuracy = 0.8663270504330107
eval_loss = 0.5478287935256958
eval_runtime = 41.1511
eval_samples_per_second = 238.511
