epoch = 5.38
eval_accuracy = 0.869077941925624
eval_loss = 0.9457711577415466
eval_runtime = 40.8269
eval_samples_per_second = 240.405
