epoch = 1.96
eval_accuracy = 0.8661513425549227
eval_loss = 0.4155985713005066
eval_runtime = 41.3444
eval_samples_per_second = 237.807
