epoch = 6.68
eval_accuracy = 0.8684906427990235
eval_loss = 1.060186743736267
eval_runtime = 40.8756
eval_samples_per_second = 240.535
