epoch = 1.61
eval_accuracy = 0.8624898291293734
eval_loss = 0.4129962921142578
eval_runtime = 40.8296
eval_samples_per_second = 240.806
