epoch = 0.24
eval_accuracy = 0.8365766683647479
eval_loss = 0.4442337155342102
eval_runtime = 40.8315
eval_samples_per_second = 240.378
