epoch = 6.23
eval_accuracy = 0.8691798267957208
eval_loss = 1.0435845851898193
eval_runtime = 40.8374
eval_samples_per_second = 240.343
