epoch = 3.69
eval_accuracy = 0.8668633034987795
eval_loss = 0.7201752066612244
eval_runtime = 40.889
eval_samples_per_second = 240.456
