epoch = 5.19
eval_accuracy = 0.8698930208863984
eval_loss = 0.9172466993331909
eval_runtime = 40.8667
eval_samples_per_second = 240.171
