epoch = 1.18
eval_accuracy = 0.8624898291293734
eval_loss = 0.44241663813591003
eval_runtime = 40.906
eval_samples_per_second = 240.356
