epoch = 4.03
eval_accuracy = 0.8609271523178808
eval_loss = 0.8902373313903809
eval_runtime = 40.8824
eval_samples_per_second = 240.079
