epoch = 5.62
eval_accuracy = 0.8673458991339786
eval_loss = 0.9589505195617676
eval_runtime = 40.853
eval_samples_per_second = 240.251
