epoch = 1.3
eval_accuracy = 0.8588894549159449
eval_loss = 0.4250370264053345
eval_runtime = 40.8505
eval_samples_per_second = 240.266
