epoch = 2.95
eval_accuracy = 0.8634742740703005
eval_loss = 0.5612949728965759
eval_runtime = 41.2579
eval_samples_per_second = 237.894
