epoch = 6.23
eval_accuracy = 0.8676769731489016
eval_loss = 1.0577900409698486
eval_runtime = 41.3255
eval_samples_per_second = 237.916
