epoch = 0.67
eval_accuracy = 0.8550650935720098
eval_loss = 0.3873327076435089
eval_runtime = 40.8998
eval_samples_per_second = 240.392
