epoch = 4.56
eval_accuracy = 0.866253051261188
eval_loss = 0.8345464468002319
eval_runtime = 40.8169
eval_samples_per_second = 240.88
