epoch = 2.0
eval_accuracy = 0.8677534386143657
eval_loss = 0.4326499104499817
eval_runtime = 40.8611
eval_samples_per_second = 240.204
