epoch = 3.12
eval_accuracy = 0.8659479251423922
eval_loss = 0.7462183237075806
eval_runtime = 41.1436
eval_samples_per_second = 238.968
