epoch = 1.0
eval_accuracy = 0.8602139582272033
eval_loss = 0.37170085310935974
eval_runtime = 41.3243
eval_samples_per_second = 237.512
