epoch = 6.52
eval_accuracy = 0.8678803905614321
eval_loss = 1.082794189453125
eval_runtime = 40.8092
eval_samples_per_second = 240.926
