epoch = 1.43
eval_accuracy = 0.8619812855980472
eval_loss = 0.42784950137138367
eval_runtime = 41.1076
eval_samples_per_second = 239.177
