epoch = 1.24
eval_accuracy = 0.8608624898291294
eval_loss = 0.41147878766059875
eval_runtime = 40.9127
eval_samples_per_second = 240.317
