epoch = 6.42
eval_accuracy = 0.8682628629648497
eval_loss = 1.0561187267303467
eval_runtime = 41.2103
eval_samples_per_second = 238.169
