epoch = 1.83
eval_accuracy = 0.8697911360163015
eval_loss = 0.3932747542858124
eval_runtime = 40.7387
eval_samples_per_second = 240.926
