epoch = 3.1
eval_accuracy = 0.8643205858421481
eval_loss = 0.7115048170089722
eval_runtime = 40.9283
eval_samples_per_second = 240.225
