epoch = 4.26
eval_accuracy = 0.8664289353031075
eval_loss = 0.8290689587593079
eval_runtime = 40.8186
eval_samples_per_second = 240.454
