epoch = 4.46
eval_accuracy = 0.8604177279673968
eval_loss = 0.8723559975624084
eval_runtime = 40.8064
eval_samples_per_second = 240.526
