epoch = 5.22
eval_accuracy = 0.8633034987794955
eval_loss = 0.9524828791618347
eval_runtime = 40.9898
eval_samples_per_second = 239.865
