epoch = 2.38
eval_accuracy = 0.8640855832908813
eval_loss = 0.5114530920982361
eval_runtime = 40.8669
eval_samples_per_second = 240.17
