epoch = 1.73
eval_accuracy = 0.8620829943043125
eval_loss = 0.4405190944671631
eval_runtime = 41.0119
eval_samples_per_second = 239.736
