epoch = 4.62
eval_accuracy = 0.8674477840040754
eval_loss = 0.86965012550354
eval_runtime = 40.7486
eval_samples_per_second = 240.867
