epoch = 4.28
eval_accuracy = 0.8597045338767193
eval_loss = 0.8440192341804504
eval_runtime = 40.8937
eval_samples_per_second = 240.013
