epoch = 1.47
eval_accuracy = 0.8639137510170871
eval_loss = 0.4447798728942871
eval_runtime = 40.9277
eval_samples_per_second = 240.229
