epoch = 5.68
eval_accuracy = 0.870096790626592
eval_loss = 0.9525136947631836
eval_runtime = 40.8301
eval_samples_per_second = 240.387
