epoch = 1.85
eval_accuracy = 0.8663270504330107
eval_loss = 0.42403319478034973
eval_runtime = 40.8396
eval_samples_per_second = 240.331
