epoch = 5.44
eval_accuracy = 0.869587366276108
eval_loss = 0.9536178112030029
eval_runtime = 40.8357
eval_samples_per_second = 240.353
