epoch = 0.37
eval_accuracy = 0.8477420667209113
eval_loss = 0.41264817118644714
eval_runtime = 40.8348
eval_samples_per_second = 240.775
