epoch = 5.93
eval_accuracy = 0.8698930208863984
eval_loss = 0.9632554054260254
eval_runtime = 40.8002
eval_samples_per_second = 240.563
