epoch = 2.59
eval_accuracy = 0.866632705043301
eval_loss = 0.5983484387397766
eval_runtime = 40.8411
eval_samples_per_second = 240.322
