epoch = 4.24
eval_accuracy = 0.8616403464085584
eval_loss = 0.8776484131813049
eval_runtime = 40.7714
eval_samples_per_second = 240.733
