epoch = 3.04
eval_accuracy = 0.8675496688741722
eval_loss = 0.7321187853813171
eval_runtime = 41.2991
eval_samples_per_second = 237.657
