epoch = 5.46
eval_accuracy = 0.869077941925624
eval_loss = 0.9390847086906433
eval_runtime = 40.8665
eval_samples_per_second = 240.172
