epoch = 4.58
eval_accuracy = 0.8670402445236882
eval_loss = 0.8676072955131531
eval_runtime = 41.096
eval_samples_per_second = 238.831
