epoch = 1.08
eval_accuracy = 0.8614727420667209
eval_loss = 0.43385154008865356
eval_runtime = 40.9255
eval_samples_per_second = 240.241
