epoch = 0.88
eval_accuracy = 0.8508950366151342
eval_loss = 0.40784668922424316
eval_runtime = 41.3441
eval_samples_per_second = 237.809
