epoch = 4.16
eval_accuracy = 0.8655410903173312
eval_loss = 0.8474351763725281
eval_runtime = 40.8933
eval_samples_per_second = 240.431
