epoch = 3.06
eval_accuracy = 0.8646257119609438
eval_loss = 0.7425779700279236
eval_runtime = 41.3437
eval_samples_per_second = 237.812
