epoch = 0.49
eval_accuracy = 0.8545565500406835
eval_loss = 0.3971773087978363
eval_runtime = 40.8547
eval_samples_per_second = 240.658
