epoch = 2.69
eval_accuracy = 0.8679820992676973
eval_loss = 0.5126110911369324
eval_runtime = 40.9258
eval_samples_per_second = 240.24
