epoch = 2.16
eval_accuracy = 0.867142129393785
eval_loss = 0.6027659177780151
eval_runtime = 41.2569
eval_samples_per_second = 237.9
