epoch = 6.76
eval_accuracy = 0.8676515537442689
eval_loss = 1.0546883344650269
eval_runtime = 40.7952
eval_samples_per_second = 240.592
