epoch = 0.59
eval_accuracy = 0.8544065206316862
eval_loss = 0.4038015902042389
eval_runtime = 41.2589
eval_samples_per_second = 237.888
