epoch = 5.03
eval_accuracy = 0.8676515537442689
eval_loss = 0.9581093788146973
eval_runtime = 40.8328
eval_samples_per_second = 240.37
