epoch = 4.89
eval_accuracy = 0.8660496338486574
eval_loss = 0.8454947471618652
eval_runtime = 40.959
eval_samples_per_second = 240.045
