epoch = 4.05
eval_accuracy = 0.866253051261188
eval_loss = 0.8601788282394409
eval_runtime = 40.9374
eval_samples_per_second = 240.172
