epoch = 0.12
eval_accuracy = 0.817839707078926
eval_loss = 0.47742167115211487
eval_runtime = 40.9144
eval_samples_per_second = 240.306
