epoch = 2.51
eval_accuracy = 0.866253051261188
eval_loss = 0.6015734076499939
eval_runtime = 40.9225
eval_samples_per_second = 240.259
