epoch = 6.97
eval_accuracy = 0.8689760570555273
eval_loss = 1.053412675857544
eval_runtime = 40.7935
eval_samples_per_second = 240.602
