epoch = 5.05
eval_accuracy = 0.8686704024452369
eval_loss = 0.9458107948303223
eval_runtime = 40.845
eval_samples_per_second = 240.299
