epoch = 3.83
eval_accuracy = 0.8634052074857608
eval_loss = 0.748160183429718
eval_runtime = 40.9012
eval_samples_per_second = 240.384
