epoch = 3.22
eval_accuracy = 0.8671684296175752
eval_loss = 0.7021281123161316
eval_runtime = 40.868
eval_samples_per_second = 240.58
