epoch = 2.83
eval_accuracy = 0.8706062149770759
eval_loss = 0.538209855556488
eval_runtime = 40.856
eval_samples_per_second = 240.234
