epoch = 5.13
eval_accuracy = 0.8613710333604556
eval_loss = 1.0101509094238281
eval_runtime = 41.3379
eval_samples_per_second = 237.844
