epoch = 6.05
eval_accuracy = 0.8674735557363711
eval_loss = 1.030996561050415
eval_runtime = 40.8601
eval_samples_per_second = 240.626
