epoch = 2.18
eval_accuracy = 0.8640855832908813
eval_loss = 0.6061388850212097
eval_runtime = 41.3113
eval_samples_per_second = 237.586
