epoch = 1.81
eval_accuracy = 0.8679572083545594
eval_loss = 0.3955698609352112
eval_runtime = 40.8144
eval_samples_per_second = 240.479
