epoch = 0.16
eval_accuracy = 0.8315703824247356
eval_loss = 0.44392091035842896
eval_runtime = 40.8956
eval_samples_per_second = 240.417
