epoch = 5.85
eval_accuracy = 0.8707080998471727
eval_loss = 0.9126982688903809
eval_runtime = 40.8098
eval_samples_per_second = 240.506
