epoch = 5.32
eval_accuracy = 0.8653376729048007
eval_loss = 0.9891314506530762
eval_runtime = 40.8886
eval_samples_per_second = 240.459
