epoch = 4.14
eval_accuracy = 0.8650025471217524
eval_loss = 0.8669362664222717
eval_runtime = 40.883
eval_samples_per_second = 240.076
