epoch = 1.06
eval_accuracy = 0.8651044319918492
eval_loss = 0.4468614161014557
eval_runtime = 40.8579
eval_samples_per_second = 240.223
