epoch = 4.97
eval_accuracy = 0.8665581773799838
eval_loss = 0.7959510684013367
eval_runtime = 40.9331
eval_samples_per_second = 240.197
