epoch = 4.01
eval_accuracy = 0.8687957689178194
eval_loss = 0.8204309344291687
eval_runtime = 40.9512
eval_samples_per_second = 240.09
