epoch = 3.59
eval_accuracy = 0.8650025471217524
eval_loss = 0.7128559350967407
eval_runtime = 40.8233
eval_samples_per_second = 240.426
