epoch = 4.05
eval_accuracy = 0.8673458991339786
eval_loss = 0.8547512888908386
eval_runtime = 41.3091
eval_samples_per_second = 237.599
