epoch = 0.53
eval_accuracy = 0.8496179317371371
eval_loss = 0.4121532440185547
eval_runtime = 41.2067
eval_samples_per_second = 238.189
