epoch = 5.28
eval_accuracy = 0.8686704024452369
eval_loss = 0.9689362645149231
eval_runtime = 40.737
eval_samples_per_second = 240.936
