epoch = 0.94
eval_accuracy = 0.8611309220580744
eval_loss = 0.3903064429759979
eval_runtime = 40.879
eval_samples_per_second = 240.099
