epoch = 6.17
eval_accuracy = 0.8664289353031075
eval_loss = 1.075190544128418
eval_runtime = 40.7159
eval_samples_per_second = 241.061
