epoch = 3.42
eval_accuracy = 0.866225165562914
eval_loss = 0.6839239001274109
eval_runtime = 40.8257
eval_samples_per_second = 240.412
