epoch = 4.99
eval_accuracy = 0.8652359641985354
eval_loss = 0.9070141315460205
eval_runtime = 40.9385
eval_samples_per_second = 240.165
