epoch = 1.96
eval_accuracy = 0.8649006622516556
eval_loss = 0.42733997106552124
eval_runtime = 41.4761
eval_samples_per_second = 236.642
