epoch = 6.46
eval_accuracy = 0.8704024452368824
eval_loss = 1.0400742292404175
eval_runtime = 40.8328
eval_samples_per_second = 240.37
