epoch = 1.22
eval_accuracy = 0.8580146460537021
eval_loss = 0.4226880371570587
eval_runtime = 40.873
eval_samples_per_second = 240.55
