epoch = 0.81
eval_accuracy = 0.8537952114111055
eval_loss = 0.39003345370292664
eval_runtime = 40.8987
eval_samples_per_second = 239.983
