epoch = 6.58
eval_accuracy = 0.8718288334182374
eval_loss = 1.045525074005127
eval_runtime = 40.8174
eval_samples_per_second = 240.461
