epoch = 6.25
eval_accuracy = 0.8708099847172694
eval_loss = 1.0473296642303467
eval_runtime = 40.8443
eval_samples_per_second = 240.303
