epoch = 4.34
eval_accuracy = 0.8659479251423922
eval_loss = 0.8887952566146851
eval_runtime = 40.8732
eval_samples_per_second = 240.549
