epoch = 3.28
eval_accuracy = 0.8655119714722364
eval_loss = 0.7060518264770508
eval_runtime = 40.7795
eval_samples_per_second = 240.685
