epoch = 1.55
eval_accuracy = 0.8568517575140092
eval_loss = 0.4303363561630249
eval_runtime = 40.8084
eval_samples_per_second = 240.514
