epoch = 4.81
eval_accuracy = 0.8654393816110659
eval_loss = 0.8278383612632751
eval_runtime = 40.8166
eval_samples_per_second = 240.882
