epoch = 2.75
eval_accuracy = 0.8639137510170871
eval_loss = 0.5586338043212891
eval_runtime = 40.923
eval_samples_per_second = 240.256
