epoch = 6.44
eval_accuracy = 0.8688741721854305
eval_loss = 1.0454121828079224
eval_runtime = 40.816
eval_samples_per_second = 240.469
