epoch = 1.69
eval_accuracy = 0.8694854814060112
eval_loss = 0.42118149995803833
eval_runtime = 41.3028
eval_samples_per_second = 237.635
