epoch = 5.7
eval_accuracy = 0.8676515537442689
eval_loss = 0.935610830783844
eval_runtime = 40.8677
eval_samples_per_second = 240.165
