epoch = 6.09
eval_accuracy = 0.8701986754966887
eval_loss = 1.036344289779663
eval_runtime = 40.758
eval_samples_per_second = 240.811
