epoch = 5.15
eval_accuracy = 0.8641171684296176
eval_loss = 0.9321650862693787
eval_runtime = 40.9128
eval_samples_per_second = 240.316
