epoch = 3.2
eval_accuracy = 0.8644931227712684
eval_loss = 0.6943976283073425
eval_runtime = 40.829
eval_samples_per_second = 240.393
