epoch = 0.51
eval_accuracy = 0.8469689251146205
eval_loss = 0.4032951295375824
eval_runtime = 41.2678
eval_samples_per_second = 237.837
