epoch = 1.63
eval_accuracy = 0.8616761594792515
eval_loss = 0.4479616582393646
eval_runtime = 41.7728
eval_samples_per_second = 235.369
