epoch = 6.93
eval_accuracy = 0.8684666327050433
eval_loss = 1.059212327003479
eval_runtime = 40.7809
eval_samples_per_second = 240.677
