epoch = 2.67
eval_accuracy = 0.8655119714722364
eval_loss = 0.5871390104293823
eval_runtime = 40.8713
eval_samples_per_second = 240.144
