epoch = 2.18
eval_accuracy = 0.8647274206672091
eval_loss = 0.6134427785873413
eval_runtime = 40.9845
eval_samples_per_second = 239.896
