epoch = 6.87
eval_accuracy = 0.8704024452368824
eval_loss = 1.0500472784042358
eval_runtime = 40.7473
eval_samples_per_second = 240.875
