epoch = 5.26
eval_accuracy = 0.8627949552481693
eval_loss = 0.9992182850837708
eval_runtime = 40.8806
eval_samples_per_second = 240.505
