epoch = 4.36
eval_accuracy = 0.8656138563423331
eval_loss = 0.8927872776985168
eval_runtime = 41.3262
eval_samples_per_second = 237.501
