epoch = 5.62
eval_accuracy = 0.8645240032546786
eval_loss = 0.9748008847236633
eval_runtime = 40.9143
eval_samples_per_second = 240.307
