epoch = 5.97
eval_accuracy = 0.8674477840040754
eval_loss = 0.9351125955581665
eval_runtime = 40.8064
eval_samples_per_second = 240.526
