epoch = 0.65
eval_accuracy = 0.8556753458096013
eval_loss = 0.38078632950782776
eval_runtime = 41.2917
eval_samples_per_second = 238.111
