epoch = 1.1
eval_accuracy = 0.862286411716843
eval_loss = 0.45750975608825684
eval_runtime = 41.1413
eval_samples_per_second = 238.981
