epoch = 5.68
eval_accuracy = 0.8673718470301057
eval_loss = 0.9707769155502319
eval_runtime = 40.8764
eval_samples_per_second = 240.53
