epoch = 0.22
eval_accuracy = 0.835740439381611
eval_loss = 0.4431813359260559
eval_runtime = 41.2958
eval_samples_per_second = 238.087
