epoch = 6.38
eval_accuracy = 0.870096790626592
eval_loss = 1.0470975637435913
eval_runtime = 40.8383
eval_samples_per_second = 240.338
