epoch = 6.15
eval_accuracy = 0.8667615947925142
eval_loss = 1.0533720254898071
eval_runtime = 41.1294
eval_samples_per_second = 239.05
