epoch = 0.08
eval_accuracy = 0.8135679414157851
eval_loss = 0.48802489042282104
eval_runtime = 41.2984
eval_samples_per_second = 238.072
