epoch = 5.72
eval_accuracy = 0.870096790626592
eval_loss = 0.9369227290153503
eval_runtime = 40.8025
eval_samples_per_second = 240.549
