epoch = 5.38
eval_accuracy = 0.8643205858421481
eval_loss = 0.9744665622711182
eval_runtime = 41.3045
eval_samples_per_second = 238.037
