epoch = 5.01
eval_accuracy = 0.8641171684296176
eval_loss = 0.9740690588951111
eval_runtime = 41.615
eval_samples_per_second = 236.261
