epoch = 2.42
eval_accuracy = 0.8694854814060112
eval_loss = 0.5286741256713867
eval_runtime = 40.8467
eval_samples_per_second = 240.289
