epoch = 4.62
eval_accuracy = 0.8655410903173312
eval_loss = 0.8879193663597107
eval_runtime = 40.7617
eval_samples_per_second = 241.207
