epoch = 1.22
eval_accuracy = 0.8542027508914927
eval_loss = 0.433973491191864
eval_runtime = 41.5813
eval_samples_per_second = 236.043
