epoch = 4.48
eval_accuracy = 0.8669650122050447
eval_loss = 0.8551933169364929
eval_runtime = 40.8926
eval_samples_per_second = 240.434
