epoch = 3.81
eval_accuracy = 0.8627949552481693
eval_loss = 0.7066407203674316
eval_runtime = 41.3295
eval_samples_per_second = 237.893
