epoch = 4.64
eval_accuracy = 0.8637103336045565
eval_loss = 0.9071317315101624
eval_runtime = 40.8791
eval_samples_per_second = 240.514
