epoch = 0.86
eval_accuracy = 0.8546582587469488
eval_loss = 0.37859541177749634
eval_runtime = 40.823
eval_samples_per_second = 240.845
