epoch = 4.09
eval_accuracy = 0.8645240032546786
eval_loss = 0.7948435544967651
eval_runtime = 40.9393
eval_samples_per_second = 240.161
