epoch = 2.14
eval_accuracy = 0.8664564686737185
eval_loss = 0.5516682863235474
eval_runtime = 41.0718
eval_samples_per_second = 239.385
