epoch = 0.47
eval_accuracy = 0.8512001627339301
eval_loss = 0.39757445454597473
eval_runtime = 41.2655
eval_samples_per_second = 238.262
