epoch = 0.92
eval_accuracy = 0.8504330106979113
eval_loss = 0.40571632981300354
eval_runtime = 41.2877
eval_samples_per_second = 237.722
