epoch = 2.0
eval_accuracy = 0.8668633034987795
eval_loss = 0.4314556419849396
eval_runtime = 41.1946
eval_samples_per_second = 238.672
