epoch = 3.18
eval_accuracy = 0.8653376729048007
eval_loss = 0.7135648131370544
eval_runtime = 41.3419
eval_samples_per_second = 237.822
