epoch = 5.07
eval_accuracy = 0.8652359641985354
eval_loss = 0.9520199298858643
eval_runtime = 40.9325
eval_samples_per_second = 240.201
