epoch = 3.3
eval_accuracy = 0.863779928680591
eval_loss = 0.7746515870094299
eval_runtime = 40.6998
eval_samples_per_second = 241.156
