epoch = 1.1
eval_accuracy = 0.8631686194600102
eval_loss = 0.45169463753700256
eval_runtime = 41.2437
eval_samples_per_second = 237.976
