epoch = 5.91
eval_accuracy = 0.8680838079739626
eval_loss = 1.0204740762710571
eval_runtime = 40.858
eval_samples_per_second = 240.638
