epoch = 5.44
eval_accuracy = 0.8645240032546786
eval_loss = 0.9959782361984253
eval_runtime = 40.9403
eval_samples_per_second = 240.154
