epoch = 1.87
eval_accuracy = 0.8694060211554109
eval_loss = 0.4122692942619324
eval_runtime = 41.3253
eval_samples_per_second = 237.917
