epoch = 6.89
eval_accuracy = 0.8696892511462048
eval_loss = 1.0598706007003784
eval_runtime = 40.8214
eval_samples_per_second = 240.438
