epoch = 4.2
eval_accuracy = 0.8660213958227203
eval_loss = 0.8407334685325623
eval_runtime = 40.8914
eval_samples_per_second = 240.026
