epoch = 5.95
eval_accuracy = 0.8705043301069791
eval_loss = 0.9578235149383545
eval_runtime = 40.7979
eval_samples_per_second = 240.576
