epoch = 2.71
eval_accuracy = 0.8683889340927583
eval_loss = 0.5532610416412354
eval_runtime = 40.8974
eval_samples_per_second = 240.406
