epoch = 4.79
eval_accuracy = 0.8675496688741722
eval_loss = 0.8175981044769287
eval_runtime = 40.8319
eval_samples_per_second = 240.376
