epoch = 4.2
eval_accuracy = 0.8671684296175752
eval_loss = 0.8377053141593933
eval_runtime = 40.9058
eval_samples_per_second = 240.357
