epoch = 0.06
eval_accuracy = 0.815907241659886
eval_loss = 0.48010730743408203
eval_runtime = 40.9323
eval_samples_per_second = 240.202
