epoch = 3.18
eval_accuracy = 0.8673458991339786
eval_loss = 0.6884317398071289
eval_runtime = 40.8856
eval_samples_per_second = 240.06
