epoch = 0.55
eval_accuracy = 0.8476403580146461
eval_loss = 0.3952823281288147
eval_runtime = 41.3335
eval_samples_per_second = 237.87
