epoch = 3.34
eval_accuracy = 0.8650325467860048
eval_loss = 0.7221388816833496
eval_runtime = 40.8845
eval_samples_per_second = 240.482
