epoch = 2.53
eval_accuracy = 0.8644222945484134
eval_loss = 0.557388961315155
eval_runtime = 40.9394
eval_samples_per_second = 240.16
