epoch = 5.72
eval_accuracy = 0.8680838079739626
eval_loss = 0.9575676321983337
eval_runtime = 40.8744
eval_samples_per_second = 240.542
