eval_accuracy = 0.8333333333333334
eval_combined_score = 0.859039548022599
eval_f1 = 0.8847457627118644
eval_loss = 0.4269014298915863
eval_runtime = 1.7979
eval_samples_per_second = 226.929
