eval_accuracy = 0.8308823529411765
eval_combined_score = 0.8535022177632274
eval_f1 = 0.8761220825852782
eval_loss = 0.5281862616539001
eval_runtime = 1.9877
eval_samples_per_second = 205.261
