eval_accuracy = 0.8333333333333334
eval_combined_score = 0.857843137254902
eval_f1 = 0.8823529411764706
eval_loss = 0.43990087509155273
eval_runtime = 2.0485
eval_samples_per_second = 199.166
