eval_accuracy = 0.7622549019607843
eval_combined_score = 0.7998879199921174
eval_f1 = 0.8375209380234506
eval_loss = 0.5114064812660217
eval_runtime = 1.8387
eval_samples_per_second = 221.897
