eval_accuracy = 0.8504901960784313
eval_combined_score = 0.8734624155264822
eval_f1 = 0.896434634974533
eval_loss = 0.4377027451992035
eval_runtime = 1.7597
eval_samples_per_second = 231.856
