eval_accuracy = 0.8308823529411765
eval_combined_score = 0.8539438502673797
eval_f1 = 0.877005347593583
eval_loss = 0.6004539132118225
eval_runtime = 1.8386
eval_samples_per_second = 221.903
