eval_accuracy = 0.803921568627451
eval_combined_score = 0.8334676336287941
eval_f1 = 0.863013698630137
eval_loss = 0.464038610458374
eval_runtime = 1.892
eval_samples_per_second = 215.642
