eval_accuracy = 0.8455882352941176
eval_combined_score = 0.866644385026738
eval_f1 = 0.8877005347593583
eval_loss = 0.5303902626037598
eval_runtime = 1.9248
eval_samples_per_second = 211.969
