eval_accuracy = 0.8333333333333334
eval_combined_score = 0.855952380952381
eval_f1 = 0.8785714285714286
eval_loss = 0.6049274206161499
eval_runtime = 2.2301
eval_samples_per_second = 182.954
