eval_accuracy = 0.8553921568627451
eval_combined_score = 0.8765695619669012
eval_f1 = 0.8977469670710572
eval_loss = 0.574533224105835
eval_runtime = 1.7744
eval_samples_per_second = 229.943
