eval_accuracy = 0.8357843137254902
eval_combined_score = 0.8602329486011272
eval_f1 = 0.8846815834767642
eval_loss = 0.46457552909851074
eval_runtime = 1.9257
eval_samples_per_second = 211.876
