eval_accuracy = 0.8382352941176471
eval_combined_score = 0.8612229102167183
eval_f1 = 0.8842105263157894
eval_loss = 0.41099420189857483
eval_runtime = 1.9351
eval_samples_per_second = 210.843
