eval_accuracy = 0.8406862745098039
eval_combined_score = 0.8628210133610967
eval_f1 = 0.8849557522123894
eval_loss = 0.6284545660018921
eval_runtime = 2.1042
eval_samples_per_second = 193.899
