eval_accuracy = 0.8406862745098039
eval_combined_score = 0.8630239132690114
eval_f1 = 0.8853615520282188
eval_loss = 0.5766123533248901
eval_runtime = 2.0978
eval_samples_per_second = 194.49
