eval_accuracy = 0.7843137254901961
eval_combined_score = 0.8200257152041144
eval_f1 = 0.8557377049180328
eval_loss = 0.49497342109680176
eval_runtime = 1.7624
eval_samples_per_second = 231.501
