eval_accuracy = 0.8186274509803921
eval_combined_score = 0.8468137254901961
eval_f1 = 0.875
eval_loss = 0.4198921024799347
eval_runtime = 2.0989
eval_samples_per_second = 194.384
