eval_accuracy = 0.6936274509803921
eval_combined_score = 0.755036926664939
eval_f1 = 0.816446402349486
eval_loss = 0.6225700378417969
eval_runtime = 2.0682
eval_samples_per_second = 197.269
