eval_accuracy = 0.8382352941176471
eval_combined_score = 0.8610190555095278
eval_f1 = 0.8838028169014085
eval_loss = 0.44820478558540344
eval_runtime = 2.0497
eval_samples_per_second = 199.056
