eval_accuracy = 0.8161764705882353
eval_combined_score = 0.845483894726505
eval_f1 = 0.8747913188647747
eval_loss = 0.4374709129333496
eval_runtime = 1.7796
eval_samples_per_second = 229.264
