eval_accuracy = 0.8578431372549019
eval_combined_score = 0.8787485582468281
eval_f1 = 0.8996539792387542
eval_loss = 0.6199148297309875
eval_runtime = 1.9948
eval_samples_per_second = 204.532
