eval_accuracy = 0.7843137254901961
eval_combined_score = 0.8135854341736695
eval_f1 = 0.8428571428571427
eval_loss = 0.4599418640136719
eval_runtime = 1.7496
eval_samples_per_second = 233.193
