eval_accuracy = 0.8382352941176471
eval_combined_score = 0.8633744038155804
eval_f1 = 0.8885135135135136
eval_loss = 0.4086672365665436
eval_runtime = 1.8969
eval_samples_per_second = 215.093
