eval_accuracy = 0.8431372549019608
eval_combined_score = 0.8652305992819662
eval_f1 = 0.8873239436619718
eval_loss = 0.5448083877563477
eval_runtime = 2.1019
eval_samples_per_second = 194.115
