eval_accuracy = 0.8553921568627451
eval_combined_score = 0.8770957353781993
eval_f1 = 0.8987993138936535
eval_loss = 0.47145387530326843
eval_runtime = 1.9414
eval_samples_per_second = 210.163
