eval_accuracy = 0.932820794435292
eval_loss = 0.4800090789794922
eval_runtime = 23.6203
eval_samples_per_second = 231.285
