eval_accuracy = 0.9330038440417353
eval_loss = 0.49786636233329773
eval_runtime = 23.8138
eval_samples_per_second = 229.405
