eval_accuracy = 0.9330038440417353
eval_loss = 0.3061310648918152
eval_runtime = 23.9393
eval_samples_per_second = 228.202
