eval_accuracy = 0.9300750503386418
eval_loss = 0.48803848028182983
eval_runtime = 23.7381
eval_samples_per_second = 230.136
