eval_accuracy = 0.9341021416803954
eval_loss = 0.5460934042930603
eval_runtime = 23.8315
eval_samples_per_second = 229.234
