eval_accuracy = 0.8877905912502289
eval_loss = 0.2889021039009094
eval_runtime = 27.756
eval_samples_per_second = 196.822
