eval_accuracy = 0.9331868936481786
eval_loss = 0.35173702239990234
eval_runtime = 23.7422
eval_samples_per_second = 230.096
