eval_accuracy = 0.9295259015193117
eval_loss = 0.463165283203125
eval_runtime = 23.3293
eval_samples_per_second = 234.169
