eval_accuracy = 0.9342851912868387
eval_loss = 0.4970173239707947
eval_runtime = 23.5774
eval_samples_per_second = 231.705
