eval_accuracy = 0.9298920007321985
eval_loss = 0.2116023749113083
eval_runtime = 27.9394
eval_samples_per_second = 195.53
