eval_accuracy = 0.9326377448288486
eval_loss = 0.27480557560920715
eval_runtime = 24.383
eval_samples_per_second = 224.05
