eval_accuracy = 0.9331868936481786
eval_loss = 0.3217807710170746
eval_runtime = 23.6092
eval_samples_per_second = 231.393
