eval_accuracy = 0.9331868936481786
eval_loss = 0.5437672734260559
eval_runtime = 23.6212
eval_samples_per_second = 231.275
