eval_accuracy = 0.933369943254622
eval_loss = 0.5382196307182312
eval_runtime = 23.4116
eval_samples_per_second = 233.346
