eval_accuracy = 0.9275123558484349
eval_loss = 0.283435195684433
eval_runtime = 23.8319
eval_samples_per_second = 229.231
