eval_accuracy = 0.932820794435292
eval_loss = 0.5436767339706421
eval_runtime = 23.3228
eval_samples_per_second = 234.234
