eval_accuracy = 0.9282445542742083
eval_loss = 0.22076086699962616
eval_runtime = 27.6839
eval_samples_per_second = 197.335
