eval_accuracy = 0.9302580999450851
eval_loss = 0.25439560413360596
eval_runtime = 24.3541
eval_samples_per_second = 224.316
