eval_accuracy = 0.9284276038806517
eval_loss = 0.21808689832687378
eval_runtime = 24.1377
eval_samples_per_second = 226.326
