eval_accuracy = 0.9350173897126122
eval_loss = 0.31685715913772583
eval_runtime = 23.6737
eval_samples_per_second = 230.762
