eval_accuracy = 0.9300750503386418
eval_loss = 0.3173176646232605
eval_runtime = 23.6969
eval_samples_per_second = 230.537
