eval_accuracy = 0.9353834889254988
eval_loss = 0.35167577862739563
eval_runtime = 23.7638
eval_samples_per_second = 229.888
