eval_accuracy = 0.9342851912868387
eval_loss = 0.4525063931941986
eval_runtime = 23.6007
eval_samples_per_second = 231.476
