eval_accuracy = 0.9322716456159619
eval_loss = 0.3269481360912323
eval_runtime = 23.8682
eval_samples_per_second = 228.882
