eval_accuracy = 0.9324546952224053
eval_loss = 0.4622414708137512
eval_runtime = 23.8549
eval_samples_per_second = 229.01
