eval_accuracy = 0.9276954054548783
eval_loss = 0.3810756802558899
eval_runtime = 23.5242
eval_samples_per_second = 232.229
