eval_accuracy = 0.9326377448288486
eval_loss = 0.5239558815956116
eval_runtime = 23.6819
eval_samples_per_second = 230.683
