eval_accuracy = 0.9317224967966319
eval_loss = 0.4821702837944031
eval_runtime = 23.8398
eval_samples_per_second = 229.155
