eval_accuracy = 0.933369943254622
eval_loss = 0.3520132601261139
eval_runtime = 24.0031
eval_samples_per_second = 227.595
