eval_accuracy = 0.9278784550613216
eval_loss = 0.23697730898857117
eval_runtime = 23.9127
eval_samples_per_second = 228.456
