eval_accuracy = 0.9300750503386418
eval_loss = 0.3255070149898529
eval_runtime = 23.4006
eval_samples_per_second = 233.456
