eval_accuracy = 0.9174446274940509
eval_loss = 0.2164471596479416
eval_runtime = 24.7277
eval_samples_per_second = 220.926
