eval_accuracy = 0.9341021416803954
eval_loss = 0.41613370180130005
eval_runtime = 23.7134
eval_samples_per_second = 230.376
