eval_accuracy = 0.9320885960095185
eval_loss = 0.27682551741600037
eval_runtime = 23.6281
eval_samples_per_second = 231.207
