eval_accuracy = 0.9342851912868387
eval_loss = 0.41512370109558105
eval_runtime = 23.9144
eval_samples_per_second = 228.44
