eval_accuracy = 0.9324546952224053
eval_loss = 0.5307214260101318
eval_runtime = 24.1179
eval_samples_per_second = 226.513
