eval_accuracy = 0.9311733479773019
eval_loss = 0.36491620540618896
eval_runtime = 24.0874
eval_samples_per_second = 226.799
