eval_accuracy = 0.9331868936481786
eval_loss = 0.5408502817153931
eval_runtime = 23.2875
eval_samples_per_second = 234.59
