eval_accuracy = 0.9330038440417353
eval_loss = 0.2886997163295746
eval_runtime = 24.6828
eval_samples_per_second = 221.328
