eval_accuracy = 0.9234852645066813
eval_loss = 0.22965876758098602
eval_runtime = 23.831
eval_samples_per_second = 229.239
