eval_accuracy = 0.9284276038806517
eval_loss = 0.3398440480232239
eval_runtime = 23.4375
eval_samples_per_second = 233.088
