eval_accuracy = 0.9326377448288486
eval_loss = 0.46928760409355164
eval_runtime = 23.3932
eval_samples_per_second = 233.529
