eval_accuracy = 0.9222039172615779
eval_loss = 0.20717710256576538
eval_runtime = 24.6706
eval_samples_per_second = 221.438
