eval_accuracy = 0.929159802306425
eval_loss = 0.25752660632133484
eval_runtime = 24.0779
eval_samples_per_second = 226.888
