eval_accuracy = 0.9322716456159619
eval_loss = 0.49484729766845703
eval_runtime = 22.9483
eval_samples_per_second = 238.057
