eval_accuracy = 0.9342851912868387
eval_loss = 0.26717832684516907
eval_runtime = 23.8544
eval_samples_per_second = 229.015
