eval_accuracy = 0.9214717188358045
eval_loss = 0.22369636595249176
eval_runtime = 26.8311
eval_samples_per_second = 203.607
