eval_accuracy = 0.9324546952224053
eval_loss = 0.5428951978683472
eval_runtime = 23.4098
eval_samples_per_second = 233.364
