eval_accuracy = 0.9324546952224053
eval_loss = 0.48497530817985535
eval_runtime = 23.4083
eval_samples_per_second = 233.378
