eval_accuracy = 0.9313563975837452
eval_loss = 0.3881244659423828
eval_runtime = 23.5975
eval_samples_per_second = 231.508
