eval_accuracy = 0.9331868936481786
eval_loss = 0.36194413900375366
eval_runtime = 23.8025
eval_samples_per_second = 229.514
