eval_accuracy = 0.9330038440417353
eval_loss = 0.26046380400657654
eval_runtime = 25.5486
eval_samples_per_second = 213.828
