eval_accuracy = 0.9308072487644151
eval_loss = 0.2106204628944397
eval_runtime = 27.5178
eval_samples_per_second = 198.526
