eval_accuracy = 0.9331868936481786
eval_loss = 0.5114461183547974
eval_runtime = 23.7948
eval_samples_per_second = 229.588
