eval_accuracy = 0.9324546952224053
eval_loss = 0.46932846307754517
eval_runtime = 23.6746
eval_samples_per_second = 230.754
