eval_accuracy = 0.9293428519128684
eval_loss = 0.3489767014980316
eval_runtime = 24.1816
eval_samples_per_second = 225.916
