eval_accuracy = 0.9335529928610653
eval_loss = 0.4693402051925659
eval_runtime = 23.6512
eval_samples_per_second = 230.982
