eval_accuracy = 0.9309902983708584
eval_loss = 0.4965887665748596
eval_runtime = 24.4867
eval_samples_per_second = 223.1
