eval_accuracy = 0.932820794435292
eval_loss = 0.47951170802116394
eval_runtime = 23.693
eval_samples_per_second = 230.575
