eval_accuracy = 0.9293428519128684
eval_loss = 0.23643842339515686
eval_runtime = 25.3473
eval_samples_per_second = 215.526
