eval_accuracy = 0.9337360424675087
eval_loss = 0.43119436502456665
eval_runtime = 23.894
eval_samples_per_second = 228.635
