eval_accuracy = 0.923302214900238
eval_loss = 0.26821330189704895
eval_runtime = 23.9405
eval_samples_per_second = 228.191
