eval_accuracy = 0.9293428519128684
eval_loss = 0.3021511137485504
eval_runtime = 23.6918
eval_samples_per_second = 230.586
