eval_accuracy = 0.9319055464030752
eval_loss = 0.4905369281768799
eval_runtime = 23.567
eval_samples_per_second = 231.807
