eval_accuracy = 0.9346512904997254
eval_loss = 0.3390211760997772
eval_runtime = 23.7958
eval_samples_per_second = 229.578
