eval_accuracy = 0.9245835621453414
eval_loss = 0.22656573355197906
eval_runtime = 23.8334
eval_samples_per_second = 229.216
