eval_accuracy = 0.932820794435292
eval_loss = 0.37651190161705017
eval_runtime = 26.6883
eval_samples_per_second = 204.696
