eval_accuracy = 0.9320885960095185
eval_loss = 0.5163474678993225
eval_runtime = 23.3831
eval_samples_per_second = 233.63
