eval_accuracy = 0.9346512904997254
eval_loss = 0.46834152936935425
eval_runtime = 23.7797
eval_samples_per_second = 229.734
