eval_accuracy = 0.9311733479773019
eval_loss = 0.48289066553115845
eval_runtime = 23.5169
eval_samples_per_second = 232.301
