eval_accuracy = 0.9289767526999817
eval_loss = 0.2475086748600006
eval_runtime = 23.6213
eval_samples_per_second = 231.274
