eval_accuracy = 0.9298920007321985
eval_loss = 0.3218940198421478
eval_runtime = 23.8444
eval_samples_per_second = 229.11
