eval_accuracy = 0.9326377448288486
eval_loss = 0.3058038651943207
eval_runtime = 23.6043
eval_samples_per_second = 231.441
