eval_accuracy = 0.8123741533955702
eval_loss = 0.42649996280670166
eval_runtime = 24.1213
eval_samples_per_second = 226.481
