eval_accuracy = 0.9313563975837452
eval_loss = 0.3396190106868744
eval_runtime = 24.0443
eval_samples_per_second = 227.205
