eval_accuracy = 0.9331868936481786
eval_loss = 0.32518714666366577
eval_runtime = 23.6574
eval_samples_per_second = 230.921
