eval_accuracy = 0.9320885960095185
eval_loss = 0.5389211177825928
eval_runtime = 23.9874
eval_samples_per_second = 227.745
