eval_accuracy = 0.9330038440417353
eval_loss = 0.4692063331604004
eval_runtime = 23.6743
eval_samples_per_second = 230.757
