eval_accuracy = 0.9245835621453414
eval_loss = 0.24265262484550476
eval_runtime = 25.6424
eval_samples_per_second = 213.045
