eval_accuracy = 0.9324546952224053
eval_loss = 0.46445611119270325
eval_runtime = 23.892
eval_samples_per_second = 228.654
