eval_accuracy = 0.932820794435292
eval_loss = 0.5238460302352905
eval_runtime = 23.2184
eval_samples_per_second = 235.288
