eval_accuracy = 0.9324546952224053
eval_loss = 0.2066546529531479
eval_runtime = 24.6697
eval_samples_per_second = 221.446
