eval_accuracy = 0.9330038440417353
eval_loss = 0.5514493584632874
eval_runtime = 23.2599
eval_samples_per_second = 234.868
