eval_accuracy = 0.9330038440417353
eval_loss = 0.4946458339691162
eval_runtime = 23.7982
eval_samples_per_second = 229.555
