eval_accuracy = 0.8969430715723962
eval_loss = 0.26053282618522644
eval_runtime = 23.8639
eval_samples_per_second = 228.924
