eval_accuracy = 0.6101083032490975
eval_loss = 0.663170576095581
eval_runtime = 1.0865
eval_samples_per_second = 254.94
