eval_accuracy = 0.592057761732852
eval_loss = 0.6855515837669373
eval_runtime = 1.0836
eval_samples_per_second = 255.63
