eval_accuracy = 0.6137184115523465
eval_loss = 0.6681466698646545
eval_runtime = 1.1861
eval_samples_per_second = 233.538
