eval_accuracy = 0.6101083032490975
eval_loss = 0.6577510833740234
eval_runtime = 1.1003
eval_samples_per_second = 251.746
