eval_accuracy = 0.6028880866425993
eval_loss = 0.6607761979103088
eval_runtime = 1.0742
eval_samples_per_second = 257.875
