eval_accuracy = 0.6064981949458483
eval_loss = 0.6759670972824097
eval_runtime = 1.0915
eval_samples_per_second = 253.777
