eval_accuracy = 0.5848375451263538
eval_loss = 0.7366564273834229
eval_runtime = 1.1307
eval_samples_per_second = 244.97
