eval_loss = 0.6702160239219666
eval_matthews_correlation = 0.6508893919542889
eval_runtime = 4.5759
eval_samples_per_second = 227.933
