eval_loss = 0.5363916158676147
eval_matthews_correlation = 0.6259118543644094
eval_runtime = 4.6101
eval_samples_per_second = 226.241
