eval_loss = 0.6189653277397156
eval_matthews_correlation = 0.6434514580893359
eval_runtime = 4.7487
eval_samples_per_second = 219.639
