eval_loss = 0.6387316584587097
eval_matthews_correlation = 0.5590042613014093
eval_runtime = 4.6789
eval_samples_per_second = 222.917
