eval_loss = 0.4502626657485962
eval_matthews_correlation = 0.6412188618043639
eval_runtime = 4.8625
eval_samples_per_second = 214.499
