eval_loss = 0.848046064376831
eval_matthews_correlation = 0.6287714546565786
eval_runtime = 4.4779
eval_samples_per_second = 232.923
