eval_loss = 0.6676417589187622
eval_matthews_correlation = 0.6041016933970672
eval_runtime = 4.4822
eval_samples_per_second = 232.697
