eval_loss = 0.9065216183662415
eval_matthews_correlation = 0.4578336314253302
eval_runtime = 4.9694
eval_samples_per_second = 209.886
