eval_loss = 0.7424851059913635
eval_matthews_correlation = 0.6182836522279034
eval_runtime = 4.5724
eval_samples_per_second = 228.109
