eval_loss = 1.0716853141784668
eval_matthews_correlation = 0.24043455628435018
eval_runtime = 4.9805
eval_samples_per_second = 209.416
