eval_loss = 0.8532277345657349
eval_matthews_correlation = 0.6337676777494227
eval_runtime = 4.6683
eval_samples_per_second = 223.422
