eval_loss = 0.8244043588638306
eval_matthews_correlation = 0.6412441886324401
eval_runtime = 4.3778
eval_samples_per_second = 238.25
