eval_loss = 0.8529325723648071
eval_matthews_correlation = 0.6337676777494227
eval_runtime = 4.6591
eval_samples_per_second = 223.864
