eval_loss = 0.7761667370796204
eval_matthews_correlation = 0.47068493311725745
eval_runtime = 5.7429
eval_samples_per_second = 181.616
