eval_loss = 0.8527088761329651
eval_matthews_correlation = 0.6337676777494227
eval_runtime = 4.4645
eval_samples_per_second = 233.622
