eval_loss = 0.6205067038536072
eval_matthews_correlation = 0.612087383225778
eval_runtime = 5.3296
eval_samples_per_second = 195.699
