eval_loss = 0.4177356958389282
eval_matthews_correlation = 0.5865803156957233
eval_runtime = 4.8275
eval_samples_per_second = 216.053
