eval_loss = 0.7345395684242249
eval_matthews_correlation = 0.6381410668671454
eval_runtime = 4.847
eval_samples_per_second = 215.183
