eval_loss = 0.6272363066673279
eval_matthews_correlation = 0.6485480476122496
eval_runtime = 4.5016
eval_samples_per_second = 231.696
