eval_loss = 0.5286160707473755
eval_matthews_correlation = 0.6431079373028232
eval_runtime = 4.5577
eval_samples_per_second = 228.843
