eval_loss = 0.8038930296897888
eval_matthews_correlation = 0.6314267706887338
eval_runtime = 4.5116
eval_samples_per_second = 231.182
