eval_loss = 0.681304931640625
eval_matthews_correlation = 0.6538328050901304
eval_runtime = 4.9099
eval_samples_per_second = 212.427
