eval_loss = 0.6850045323371887
eval_matthews_correlation = 0.5931314229261737
eval_runtime = 4.8724
eval_samples_per_second = 214.064
