eval_loss = 0.6533384323120117
eval_matthews_correlation = 0.5575490441826809
eval_runtime = 4.5432
eval_samples_per_second = 229.573
