eval_loss = 0.6202161908149719
eval_matthews_correlation = 0.6554754646183806
eval_runtime = 4.5354
eval_samples_per_second = 229.971
