eval_loss = 0.43688082695007324
eval_matthews_correlation = 0.5817204905054675
eval_runtime = 4.6639
eval_samples_per_second = 223.634
