eval_loss = 0.808591902256012
eval_matthews_correlation = 0.30504689617382785
eval_runtime = 4.8789
eval_samples_per_second = 213.779
