eval_loss = 0.8561220169067383
eval_matthews_correlation = 0.6262696480582318
eval_runtime = 4.4638
eval_samples_per_second = 233.656
