eval_loss = 0.8298176527023315
eval_matthews_correlation = 0.47358036122369446
eval_runtime = 4.5902
eval_samples_per_second = 227.225
