eval_loss = 0.7119513750076294
eval_matthews_correlation = 0.6406801724722866
eval_runtime = 4.6281
eval_samples_per_second = 225.36
