eval_loss = 0.7843517065048218
eval_matthews_correlation = 0.20922659026975116
eval_runtime = 4.5146
eval_samples_per_second = 231.029
