eval_accuracy = 0.703971119133574
eval_loss = 1.056259036064148
eval_runtime = 1.2521
eval_samples_per_second = 221.224
