eval_accuracy = 0.6931407942238267
eval_loss = 1.3342570066452026
eval_runtime = 1.629
eval_samples_per_second = 170.039
