eval_accuracy = 0.6787003610108303
eval_loss = 0.6928713321685791
eval_runtime = 1.1983
eval_samples_per_second = 231.162
