eval_accuracy = 0.7075812274368231
eval_loss = 1.4803742170333862
eval_runtime = 1.3405
eval_samples_per_second = 206.645
