eval_accuracy = 0.7111913357400722
eval_loss = 1.4103245735168457
eval_runtime = 1.2263
eval_samples_per_second = 225.892
