eval_accuracy = 0.6895306859205776
eval_loss = 1.2131282091140747
eval_runtime = 1.4366
eval_samples_per_second = 192.815
