eval_accuracy = 0.33578431372549017
eval_combined_score = 0.1957667213226754
eval_f1 = 0.05574912891986063
eval_loss = 2.198575496673584
eval_runtime = 1.5144
eval_samples_per_second = 269.416
