eval_accuracy = 0.7671568627450981
eval_combined_score = 0.8097059585887232
eval_f1 = 0.8522550544323484
eval_loss = 1.1446772813796997
eval_runtime = 1.5069
eval_samples_per_second = 270.753
