eval_accuracy = 0.3872549019607843
eval_combined_score = 0.36293962029256144
eval_f1 = 0.3386243386243386
eval_loss = 0.8278555870056152
eval_runtime = 1.7068
eval_samples_per_second = 239.04
