eval_accuracy = 0.75
eval_combined_score = 0.7965384615384616
eval_f1 = 0.8430769230769232
eval_loss = 0.47260674834251404
eval_runtime = 1.5382
eval_samples_per_second = 265.241
