eval_accuracy = 0.8625915378356387
eval_loss = 0.4419826865196228
eval_runtime = 38.8224
eval_samples_per_second = 253.256
