eval_accuracy = 0.8609641985353946
eval_loss = 0.4160235822200775
eval_runtime = 36.958
eval_samples_per_second = 266.032
