eval_accuracy = 0.8302481692432873
eval_loss = 0.45613473653793335
eval_runtime = 38.8804
eval_samples_per_second = 252.878
