eval_accuracy = 0.8576078112286412
eval_loss = 0.402373343706131
eval_runtime = 36.9334
eval_samples_per_second = 266.209
