eval_accuracy = 0.856444218033622
eval_loss = 0.4297761917114258
eval_runtime = 37.505
eval_samples_per_second = 261.698
