eval_accuracy = 0.8584819154355579
eval_loss = 0.44267818331718445
eval_runtime = 38.9762
eval_samples_per_second = 251.82
