eval_accuracy = 0.8605573637103336
eval_loss = 0.45128998160362244
eval_runtime = 38.2353
eval_samples_per_second = 257.145
