eval_accuracy = 0.8627949552481693
eval_loss = 0.44885215163230896
eval_runtime = 37.6566
eval_samples_per_second = 261.096
