eval_accuracy = 0.8629983726606998
eval_loss = 0.42891719937324524
eval_runtime = 37.4277
eval_samples_per_second = 262.693
