eval_accuracy = 0.8463576158940397
eval_loss = 0.417341023683548
eval_runtime = 36.9724
eval_samples_per_second = 265.469
