eval_accuracy = 0.8523688232297504
eval_loss = 0.4145202040672302
eval_runtime = 36.8283
eval_samples_per_second = 266.507
