eval_accuracy = 0.8583800305654611
eval_loss = 0.44625169038772583
eval_runtime = 38.6151
eval_samples_per_second = 254.175
