eval_accuracy = 0.8564890154597233
eval_loss = 0.41811010241508484
eval_runtime = 38.6049
eval_samples_per_second = 254.683
