eval_accuracy = 0.8511462047885889
eval_loss = 0.4169313907623291
eval_runtime = 35.9464
eval_samples_per_second = 273.046
