eval_accuracy = 0.8440142638818136
eval_loss = 0.41938966512680054
eval_runtime = 37.8632
eval_samples_per_second = 259.223
