eval_accuracy = 0.8530309194467046
eval_loss = 0.4014190137386322
eval_runtime = 37.1984
eval_samples_per_second = 264.312
