eval_accuracy = 0.8556291390728477
eval_loss = 0.4172790050506592
eval_runtime = 37.4939
eval_samples_per_second = 261.776
