eval_accuracy = 0.8620829943043125
eval_loss = 0.40324637293815613
eval_runtime = 38.4636
eval_samples_per_second = 255.618
