eval_accuracy = 0.8513499745287825
eval_loss = 0.4119853973388672
eval_runtime = 36.6334
eval_samples_per_second = 267.925
