eval_accuracy = 0.8619812855980472
eval_loss = 0.4522166848182678
eval_runtime = 38.812
eval_samples_per_second = 253.324
