eval_accuracy = 0.8530820173204279
eval_loss = 0.42081785202026367
eval_runtime = 37.6653
eval_samples_per_second = 260.585
