eval_accuracy = 0.8585838003056546
eval_loss = 0.41796764731407166
eval_runtime = 38.2925
eval_samples_per_second = 256.317
