eval_accuracy = 0.8558787632221319
eval_loss = 0.43823614716529846
eval_runtime = 37.3662
eval_samples_per_second = 263.126
