eval_accuracy = 0.8604556550040684
eval_loss = 0.4023859202861786
eval_runtime = 38.4422
eval_samples_per_second = 255.761
