eval_accuracy = 0.8591951095262353
eval_loss = 0.4716704785823822
eval_runtime = 39.2435
eval_samples_per_second = 250.105
