eval_accuracy = 0.8525223759153784
eval_loss = 0.42829808592796326
eval_runtime = 37.6683
eval_samples_per_second = 261.015
