eval_accuracy = 0.8540480065093572
eval_loss = 0.4132792353630066
eval_runtime = 36.103
eval_samples_per_second = 272.332
