eval_accuracy = 0.8600101884870097
eval_loss = 0.4581618309020996
eval_runtime = 38.2854
eval_samples_per_second = 256.364
