eval_accuracy = 0.8639137510170871
eval_loss = 0.41661444306373596
eval_runtime = 38.5068
eval_samples_per_second = 255.331
