eval_accuracy = 0.8485990830361692
eval_loss = 0.42712536454200745
eval_runtime = 36.3488
eval_samples_per_second = 270.023
