eval_accuracy = 0.8581762608252674
eval_loss = 0.45859450101852417
eval_runtime = 37.4745
eval_samples_per_second = 261.911
