eval_accuracy = 0.861879576891782
eval_loss = 0.42787641286849976
eval_runtime = 38.1081
eval_samples_per_second = 258.003
