eval_accuracy = 0.854759967453214
eval_loss = 0.4112631380558014
eval_runtime = 36.9617
eval_samples_per_second = 266.005
