eval_accuracy = 0.8531839021905248
eval_loss = 0.4131644368171692
eval_runtime = 37.5139
eval_samples_per_second = 261.636
