eval_accuracy = 0.8592351505288853
eval_loss = 0.3977617025375366
eval_runtime = 38.4042
eval_samples_per_second = 256.014
