eval_accuracy = 0.841365257259297
eval_loss = 0.46146294474601746
eval_runtime = 38.2212
eval_samples_per_second = 256.795
