eval_accuracy = 0.8490066225165563
eval_loss = 0.42701590061187744
eval_runtime = 37.6468
eval_samples_per_second = 260.713
