eval_accuracy = 0.8438771358828315
eval_loss = 0.4244075417518616
eval_runtime = 38.119
eval_samples_per_second = 257.929
