eval_accuracy = 0.8575649516046867
eval_loss = 0.417682945728302
eval_runtime = 36.8072
eval_samples_per_second = 266.66
