eval_loss = 0.5367558002471924
eval_matthews_correlation = 0.3727098067932332
eval_runtime = 3.8502
eval_samples_per_second = 270.894
