eval_loss = 0.4709479808807373
eval_matthews_correlation = 0.536662198889055
eval_runtime = 4.0789
eval_samples_per_second = 255.704
