eval_loss = 0.49568891525268555
eval_matthews_correlation = 0.5102008374207558
eval_runtime = 4.6642
eval_samples_per_second = 223.618
