eval_loss = 0.6001669764518738
eval_matthews_correlation = 0.08036809130702588
eval_runtime = 3.8362
eval_samples_per_second = 271.88
