eval_loss = 0.47539082169532776
eval_matthews_correlation = 0.5364243566130295
eval_runtime = 4.2577
eval_samples_per_second = 244.971
