eval_loss = 0.5115357041358948
eval_matthews_correlation = 0.518818601771926
eval_runtime = 3.8924
eval_samples_per_second = 267.957
