eval_loss = 0.5694004893302917
eval_matthews_correlation = 0.20334509429779915
eval_runtime = 3.8332
eval_samples_per_second = 272.094
