eval_loss = 0.4767630100250244
eval_matthews_correlation = 0.5364243566130295
eval_runtime = 4.0028
eval_samples_per_second = 260.567
