eval_loss = 0.47511109709739685
eval_matthews_correlation = 0.5364243566130295
eval_runtime = 3.8369
eval_samples_per_second = 271.833
