eval_loss = 0.8332949280738831
eval_matthews_correlation = -0.020702674026557004
eval_runtime = 3.8244
eval_samples_per_second = 272.72
