eval_loss = 0.5732986330986023
eval_matthews_correlation = 0.44561177658768747
eval_runtime = 3.8605
eval_samples_per_second = 270.174
