eval_loss = 0.4890304207801819
eval_matthews_correlation = 0.5232519323928566
eval_runtime = 4.0003
eval_samples_per_second = 260.729
