eval_loss = 0.6011472344398499
eval_matthews_correlation = 0.06558874629318973
eval_runtime = 3.8174
eval_samples_per_second = 273.225
