eval_loss = 0.47556790709495544
eval_matthews_correlation = 0.5390439985632989
eval_runtime = 4.1568
eval_samples_per_second = 250.914
