eval_loss = 0.45136019587516785
eval_matthews_correlation = 0.5046330570516372
eval_runtime = 4.0667
eval_samples_per_second = 256.475
