eval_loss = 0.4814438819885254
eval_matthews_correlation = 0.5311596898053897
eval_runtime = 3.8434
eval_samples_per_second = 271.377
