eval_loss = 0.6040364503860474
eval_matthews_correlation = 0.06558874629318973
eval_runtime = 4.1954
eval_samples_per_second = 248.608
