eval_loss = 0.47386443614959717
eval_matthews_correlation = 0.5179481406500624
eval_runtime = 4.0109
eval_samples_per_second = 260.039
