eval_loss = 0.47460007667541504
eval_matthews_correlation = 0.5364243566130295
eval_runtime = 3.8394
eval_samples_per_second = 271.66
