eval_loss = 0.5612223148345947
eval_matthews_correlation = 0.24967555086077511
eval_runtime = 4.0475
eval_samples_per_second = 257.688
