eval_loss = 0.7074962258338928
eval_matthews_correlation = 0.12111471127617394
eval_runtime = 3.871
eval_samples_per_second = 269.44
