eval_loss = 0.47491583228111267
eval_matthews_correlation = 0.5364243566130295
eval_runtime = 3.8489
eval_samples_per_second = 270.984
