eval_loss = 0.5169132351875305
eval_matthews_correlation = 0.3755015891279782
eval_runtime = 4.1199
eval_samples_per_second = 253.162
