eval_loss = 0.45836514234542847
eval_matthews_correlation = 0.544421655829423
eval_runtime = 4.5552
eval_samples_per_second = 228.968
