eval_loss = 0.4659392833709717
eval_matthews_correlation = 0.544509467622167
eval_runtime = 3.8971
eval_samples_per_second = 267.632
