eval_loss = 0.4658759534358978
eval_matthews_correlation = 0.544509467622167
eval_runtime = 3.8499
eval_samples_per_second = 270.914
