eval_loss = 0.5535633563995361
eval_matthews_correlation = 0.49180508374897486
eval_runtime = 3.998
eval_samples_per_second = 260.879
