eval_loss = 0.49576354026794434
eval_matthews_correlation = 0.5048397535049444
eval_runtime = 3.8348
eval_samples_per_second = 271.985
