eval_loss = 0.489029198884964
eval_matthews_correlation = 0.5024117535489123
eval_runtime = 4.0541
eval_samples_per_second = 257.271
