eval_accuracy = 0.9139666849716274
eval_loss = 0.22601750493049622
eval_runtime = 24.3868
eval_samples_per_second = 224.015
