eval_accuracy = 0.9298920007321985
eval_loss = 0.3249792456626892
eval_runtime = 24.1138
eval_samples_per_second = 226.55
