eval_accuracy = 0.9324546952224053
eval_loss = 0.4450802505016327
eval_runtime = 24.4954
eval_samples_per_second = 223.022
