eval_accuracy = 0.9311733479773019
eval_loss = 0.5374287962913513
eval_runtime = 24.1509
eval_samples_per_second = 226.203
