eval_accuracy = 0.9269632070291048
eval_loss = 0.20758406817913055
eval_runtime = 28.0833
eval_samples_per_second = 194.528
