eval_accuracy = 0.9293428519128684
eval_loss = 0.2389608472585678
eval_runtime = 28.7778
eval_samples_per_second = 189.834
