eval_accuracy = 0.9313563975837452
eval_loss = 0.3661666810512543
eval_runtime = 24.6319
eval_samples_per_second = 221.785
