eval_accuracy = 0.9288990825688074
eval_loss = 0.46296241879463196
eval_runtime = 3.8793
eval_samples_per_second = 224.782
