eval_accuracy = 0.9288990825688074
eval_loss = 0.3656369149684906
eval_runtime = 3.8451
eval_samples_per_second = 226.784
