eval_accuracy = 0.9311926605504587
eval_loss = 0.3795400559902191
eval_runtime = 3.9968
eval_samples_per_second = 218.175
