eval_accuracy = 0.9288990825688074
eval_loss = 0.426649808883667
eval_runtime = 3.9059
eval_samples_per_second = 223.252
