eval_accuracy = 0.9334862385321101
eval_loss = 0.3560408055782318
eval_runtime = 3.9037
eval_samples_per_second = 223.375
