eval_accuracy = 0.9346330275229358
eval_loss = 0.264492005109787
eval_runtime = 3.9661
eval_samples_per_second = 219.863
