eval_accuracy = 0.9346330275229358
eval_loss = 0.3285365402698517
eval_runtime = 3.9517
eval_samples_per_second = 220.666
