eval_accuracy = 0.9334862385321101
eval_loss = 0.3569507300853729
eval_runtime = 4.0938
eval_samples_per_second = 213.003
