eval_accuracy = 0.9277522935779816
eval_loss = 0.32108891010284424
eval_runtime = 4.5317
eval_samples_per_second = 192.421
