eval_accuracy = 0.9311926605504587
eval_loss = 0.2549556791782379
eval_runtime = 4.5405
eval_samples_per_second = 192.05
