eval_accuracy = 0.9357798165137615
eval_loss = 0.3655606210231781
eval_runtime = 3.8692
eval_samples_per_second = 225.372
