eval_accuracy = 0.8887614678899083
eval_loss = 0.27393174171447754
eval_runtime = 4.4541
eval_samples_per_second = 195.773
