eval_accuracy = 0.9277522935779816
eval_loss = 0.44696760177612305
eval_runtime = 3.9406
eval_samples_per_second = 221.286
