eval_accuracy = 0.9357798165137615
eval_loss = 0.3699134290218353
eval_runtime = 4.6197
eval_samples_per_second = 188.757
