eval_accuracy = 0.9311926605504587
eval_loss = 0.3158967196941376
eval_runtime = 3.9646
eval_samples_per_second = 219.944
