eval_accuracy = 0.9380733944954128
eval_loss = 0.2781391441822052
eval_runtime = 4.5334
eval_samples_per_second = 192.351
