eval_accuracy = 0.9243119266055045
eval_loss = 0.29340726137161255
eval_runtime = 4.549
eval_samples_per_second = 191.692
