eval_accuracy = 0.9243119266055045
eval_loss = 0.39354151487350464
eval_runtime = 3.913
eval_samples_per_second = 222.845
