eval_accuracy = 0.930045871559633
eval_loss = 0.430631160736084
eval_runtime = 4.041
eval_samples_per_second = 215.787
