eval_accuracy = 0.9334862385321101
eval_loss = 0.4482947587966919
eval_runtime = 4.1183
eval_samples_per_second = 211.739
