eval_accuracy = 0.9334862385321101
eval_loss = 0.263676255941391
eval_runtime = 3.884
eval_samples_per_second = 224.512
