eval_accuracy = 0.9357798165137615
eval_loss = 0.2291581779718399
eval_runtime = 4.5406
eval_samples_per_second = 192.045
