eval_accuracy = 0.9392201834862385
eval_loss = 0.35419827699661255
eval_runtime = 4.5425
eval_samples_per_second = 191.963
