eval_accuracy = 0.9392201834862385
eval_loss = 0.24981378018856049
eval_runtime = 3.8813
eval_samples_per_second = 224.666
