eval_accuracy = 0.9311926605504587
eval_loss = 0.33431804180145264
eval_runtime = 4.0009
eval_samples_per_second = 217.95
