eval_accuracy = 0.9323394495412844
eval_loss = 0.45364975929260254
eval_runtime = 4.2188
eval_samples_per_second = 206.693
