eval_accuracy = 0.9346330275229358
eval_loss = 0.34250715374946594
eval_runtime = 3.8737
eval_samples_per_second = 225.106
