eval_accuracy = 0.930045871559633
eval_loss = 0.2335280030965805
eval_runtime = 3.8511
eval_samples_per_second = 226.429
