eval_accuracy = 0.9311926605504587
eval_loss = 0.45123597979545593
eval_runtime = 3.8633
eval_samples_per_second = 225.713
