eval_accuracy = 0.9334862385321101
eval_loss = 0.38101330399513245
eval_runtime = 3.8389
eval_samples_per_second = 227.146
