eval_accuracy = 0.9288990825688074
eval_loss = 0.3575543165206909
eval_runtime = 4.7003
eval_samples_per_second = 185.52
