eval_accuracy = 0.930045871559633
eval_loss = 0.43452155590057373
eval_runtime = 3.9052
eval_samples_per_second = 223.295
