eval_accuracy = 0.9357798165137615
eval_loss = 0.23570601642131805
eval_runtime = 4.5367
eval_samples_per_second = 192.21
