eval_accuracy = 0.930045871559633
eval_loss = 0.3009161353111267
eval_runtime = 4.0108
eval_samples_per_second = 217.415
