eval_accuracy = 0.9288990825688074
eval_loss = 0.2324613630771637
eval_runtime = 3.8392
eval_samples_per_second = 227.131
