eval_accuracy = 0.9369266055045872
eval_loss = 0.32466545701026917
eval_runtime = 4.0078
eval_samples_per_second = 217.574
