eval_accuracy = 0.9277522935779816
eval_loss = 0.4243714511394501
eval_runtime = 4.0011
eval_samples_per_second = 217.94
