eval_accuracy = 0.9311926605504587
eval_loss = 0.34302955865859985
eval_runtime = 3.9334
eval_samples_per_second = 221.69
