eval_accuracy = 0.9392201834862385
eval_loss = 0.265011191368103
eval_runtime = 4.0395
eval_samples_per_second = 215.869
