eval_accuracy = 0.9288990825688074
eval_loss = 0.373015820980072
eval_runtime = 3.9169
eval_samples_per_second = 222.627
