eval_accuracy = 0.9323394495412844
eval_loss = 0.33317285776138306
eval_runtime = 3.9669
eval_samples_per_second = 219.82
