eval_accuracy = 0.930045871559633
eval_loss = 0.264754980802536
eval_runtime = 4.03
eval_samples_per_second = 216.375
