eval_accuracy = 0.9288990825688074
eval_loss = 0.334314227104187
eval_runtime = 4.7021
eval_samples_per_second = 185.449
