eval_accuracy = 0.9323394495412844
eval_loss = 0.29423093795776367
eval_runtime = 4.216
eval_samples_per_second = 206.831
