eval_accuracy = 0.9357798165137615
eval_loss = 0.36340072751045227
eval_runtime = 3.8741
eval_samples_per_second = 225.085
