eval_accuracy = 0.9334862385321101
eval_loss = 0.2866969704627991
eval_runtime = 4.551
eval_samples_per_second = 191.608
