eval_accuracy = 0.9220183486238532
eval_loss = 0.22010144591331482
eval_runtime = 3.8178
eval_samples_per_second = 228.406
