eval_accuracy = 0.9288990825688074
eval_loss = 0.399940550327301
eval_runtime = 3.8254
eval_samples_per_second = 227.952
