eval_accuracy = 0.9197247706422018
eval_loss = 0.37229716777801514
eval_runtime = 4.6064
eval_samples_per_second = 189.304
