eval_accuracy = 0.9334862385321101
eval_loss = 0.3967191278934479
eval_runtime = 3.8433
eval_samples_per_second = 226.888
