eval_accuracy = 0.9277522935779816
eval_loss = 0.36598101258277893
eval_runtime = 4.5826
eval_samples_per_second = 190.287
