eval_accuracy = 0.930045871559633
eval_loss = 0.37642183899879456
eval_runtime = 3.9428
eval_samples_per_second = 221.164
