eval_accuracy = 0.9357798165137615
eval_loss = 0.37104642391204834
eval_runtime = 3.9643
eval_samples_per_second = 219.963
