eval_accuracy = 0.926605504587156
eval_loss = 0.3979875147342682
eval_runtime = 3.9586
eval_samples_per_second = 220.278
