eval_accuracy = 0.9334862385321101
eval_loss = 0.2211269736289978
eval_runtime = 3.9804
eval_samples_per_second = 219.075
