eval_accuracy = 0.9357798165137615
eval_loss = 0.37901902198791504
eval_runtime = 4.6361
eval_samples_per_second = 188.091
