eval_accuracy = 0.9288990825688074
eval_loss = 0.2762714922428131
eval_runtime = 4.4395
eval_samples_per_second = 196.419
