eval_accuracy = 0.9288990825688074
eval_loss = 0.3791753351688385
eval_runtime = 4.5113
eval_samples_per_second = 193.291
