eval_accuracy = 0.9311926605504587
eval_loss = 0.25435352325439453
eval_runtime = 4.2478
eval_samples_per_second = 205.282
