eval_accuracy = 0.8707282343368592
eval_loss = 0.3794727325439453
eval_runtime = 43.8248
eval_samples_per_second = 224.348
