eval_accuracy = 0.8247580234335201
eval_loss = 0.45881831645965576
eval_runtime = 44.3803
eval_samples_per_second = 221.156
