eval_accuracy = 0.8494711147274207
eval_loss = 0.4022344946861267
eval_runtime = 49.4893
eval_samples_per_second = 198.669
