eval_accuracy = 0.8620829943043125
eval_loss = 0.3885148763656616
eval_runtime = 50.0608
eval_samples_per_second = 196.401
