eval_accuracy = 0.8657445077298617
eval_loss = 0.3763613700866699
eval_runtime = 45.7271
eval_samples_per_second = 215.015
