eval_accuracy = 0.8647987773815589
eval_loss = 0.4191061556339264
eval_runtime = 45.0825
eval_samples_per_second = 217.712
