eval_accuracy = 0.8699145646867372
eval_loss = 0.4057038724422455
eval_runtime = 43.3902
eval_samples_per_second = 226.595
