eval_accuracy = 0.871440195280716
eval_loss = 0.3951149880886078
eval_runtime = 43.521
eval_samples_per_second = 225.914
