eval_accuracy = 0.8664564686737185
eval_loss = 0.3912836015224457
eval_runtime = 49.1823
eval_samples_per_second = 199.909
