eval_accuracy = 0.8584819154355579
eval_loss = 0.38787904381752014
eval_runtime = 45.0561
eval_samples_per_second = 217.84
