eval_accuracy = 0.8588894549159449
eval_loss = 0.3929206132888794
eval_runtime = 45.9344
eval_samples_per_second = 213.674
