eval_accuracy = 0.8392256749872644
eval_loss = 0.4339439272880554
eval_runtime = 41.8331
eval_samples_per_second = 234.623
