eval_accuracy = 0.8446255731023943
eval_loss = 0.4160441756248474
eval_runtime = 41.8546
eval_samples_per_second = 234.502
