eval_accuracy = 0.8643912379011717
eval_loss = 0.41043052077293396
eval_runtime = 46.3327
eval_samples_per_second = 211.838
