eval_accuracy = 0.8675752644426363
eval_loss = 0.39649254083633423
eval_runtime = 44.3222
eval_samples_per_second = 221.83
