eval_accuracy = 0.8628966639544345
eval_loss = 0.3994664251804352
eval_runtime = 53.8037
eval_samples_per_second = 182.738
