eval_accuracy = 0.870626525630594
eval_loss = 0.40215861797332764
eval_runtime = 44.2403
eval_samples_per_second = 222.241
