eval_accuracy = 0.8699145646867372
eval_loss = 0.3939345180988312
eval_runtime = 44.2317
eval_samples_per_second = 222.284
