eval_accuracy = 0.8555272542027509
eval_loss = 0.38957449793815613
eval_runtime = 49.0353
eval_samples_per_second = 200.162
