eval_accuracy = 0.8651342554922702
eval_loss = 0.3721381723880768
eval_runtime = 53.4254
eval_samples_per_second = 184.032
