eval_accuracy = 0.8694060211554109
eval_loss = 0.38716381788253784
eval_runtime = 43.2802
eval_samples_per_second = 227.171
