eval_accuracy = 0.8656138563423331
eval_loss = 0.3853350877761841
eval_runtime = 44.7933
eval_samples_per_second = 219.118
