eval_accuracy = 0.8656138563423331
eval_loss = 0.38579535484313965
eval_runtime = 43.7028
eval_samples_per_second = 224.585
