eval_accuracy = 0.8680838079739626
eval_loss = 0.4019981324672699
eval_runtime = 44.6162
eval_samples_per_second = 220.368
