eval_accuracy = 0.8631686194600102
eval_loss = 0.3918027877807617
eval_runtime = 43.3597
eval_samples_per_second = 226.362
