eval_accuracy = 0.8701179820992677
eval_loss = 0.39439359307289124
eval_runtime = 44.7485
eval_samples_per_second = 219.717
