eval_accuracy = 0.8695077298616761
eval_loss = 0.413346529006958
eval_runtime = 44.2622
eval_samples_per_second = 222.131
