eval_accuracy = 0.8472745797249108
eval_loss = 0.41101202368736267
eval_runtime = 42.1424
eval_samples_per_second = 232.901
