eval_accuracy = 0.8552685109845403
eval_loss = 0.3811750113964081
eval_runtime = 42.0147
eval_samples_per_second = 234.013
