eval_accuracy = 0.8644931227712684
eval_loss = 0.40974491834640503
eval_runtime = 44.5397
eval_samples_per_second = 220.365
