eval_accuracy = 0.8664564686737185
eval_loss = 0.4086894392967224
eval_runtime = 44.1494
eval_samples_per_second = 222.699
