eval_accuracy = 0.8599083036169128
eval_loss = 0.3961939513683319
eval_runtime = 43.8128
eval_samples_per_second = 224.021
