eval_accuracy = 0.8548140601120734
eval_loss = 0.39131465554237366
eval_runtime = 45.6523
eval_samples_per_second = 214.995
