eval_accuracy = 0.8638818135506877
eval_loss = 0.3832167387008667
eval_runtime = 44.9749
eval_samples_per_second = 218.233
