eval_accuracy = 0.8433010697911361
eval_loss = 0.422646701335907
eval_runtime = 41.8936
eval_samples_per_second = 234.284
