eval_accuracy = 0.8674735557363711
eval_loss = 0.4080866277217865
eval_runtime = 45.8939
eval_samples_per_second = 214.233
