eval_accuracy = 0.8660496338486574
eval_loss = 0.3780495524406433
eval_runtime = 45.7626
eval_samples_per_second = 214.848
