eval_accuracy = 0.8251655629139073
eval_loss = 0.445314884185791
eval_runtime = 50.8939
eval_samples_per_second = 192.852
