eval_accuracy = 0.8685923515052889
eval_loss = 0.3928859531879425
eval_runtime = 42.0145
eval_samples_per_second = 234.014
