eval_accuracy = 0.869812855980472
eval_loss = 0.4094344675540924
eval_runtime = 43.475
eval_samples_per_second = 226.153
