eval_accuracy = 0.8636086248982913
eval_loss = 0.3886200189590454
eval_runtime = 45.0365
eval_samples_per_second = 218.312
