eval_accuracy = 0.8667615947925142
eval_loss = 0.394708514213562
eval_runtime = 45.0167
eval_samples_per_second = 218.408
