eval_accuracy = 0.8420784513499745
eval_loss = 0.417393296957016
eval_runtime = 42.2902
eval_samples_per_second = 232.087
