eval_accuracy = 0.8625573102394295
eval_loss = 0.3868979811668396
eval_runtime = 46.2841
eval_samples_per_second = 212.06
