eval_accuracy = 0.8609641985353946
eval_loss = 0.412025511264801
eval_runtime = 46.0639
eval_samples_per_second = 213.443
