eval_accuracy = 0.848191543555782
eval_loss = 0.4155559241771698
eval_runtime = 41.2792
eval_samples_per_second = 237.771
