eval_accuracy = 0.8652359641985354
eval_loss = 0.433529794216156
eval_runtime = 42.9919
eval_samples_per_second = 228.694
