eval_accuracy = 0.8633723892002038
eval_loss = 0.40585699677467346
eval_runtime = 44.3435
eval_samples_per_second = 221.34
