eval_accuracy = 0.8590317331163547
eval_loss = 0.3729519844055176
eval_runtime = 49.4365
eval_samples_per_second = 198.881
