eval_accuracy = 0.8491659886086249
eval_loss = 0.41344407200813293
eval_runtime = 48.0093
eval_samples_per_second = 204.794
