eval_accuracy = 0.8626591951095263
eval_loss = 0.4197356700897217
eval_runtime = 43.6978
eval_samples_per_second = 224.611
