eval_accuracy = 0.8656138563423331
eval_loss = 0.41590383648872375
eval_runtime = 41.7552
eval_samples_per_second = 235.06
