eval_accuracy = 0.8646257119609438
eval_loss = 0.3721528649330139
eval_runtime = 45.2367
eval_samples_per_second = 217.346
