eval_accuracy = 0.8421480878763222
eval_loss = 0.41723430156707764
eval_runtime = 43.8329
eval_samples_per_second = 224.307
