eval_accuracy = 0.8611309220580744
eval_loss = 0.3986167907714844
eval_runtime = 43.7639
eval_samples_per_second = 224.271
