eval_accuracy = 0.8664289353031075
eval_loss = 0.4164921045303345
eval_runtime = 43.8162
eval_samples_per_second = 224.004
