eval_accuracy = 0.8680838079739626
eval_loss = 0.37966543436050415
eval_runtime = 43.1651
eval_samples_per_second = 227.777
