eval_accuracy = 0.863779928680591
eval_loss = 0.3901933431625366
eval_runtime = 43.0451
eval_samples_per_second = 228.016
