eval_accuracy = 0.8590932246561386
eval_loss = 0.38954952359199524
eval_runtime = 45.0369
eval_samples_per_second = 217.933
