eval_accuracy = 0.866632705043301
eval_loss = 0.4076445996761322
eval_runtime = 43.698
eval_samples_per_second = 224.61
