eval_accuracy = 0.8534895568008151
eval_loss = 0.4041232168674469
eval_runtime = 42.5095
eval_samples_per_second = 230.89
