eval_accuracy = 0.8504882017900732
eval_loss = 0.406478613615036
eval_runtime = 41.9465
eval_samples_per_second = 234.394
