eval_accuracy = 0.8612328069281712
eval_loss = 0.4201644957065582
eval_runtime = 45.7327
eval_samples_per_second = 214.617
