eval_accuracy = 0.8712367778681855
eval_loss = 0.4009650647640228
eval_runtime = 44.424
eval_samples_per_second = 221.322
