eval_accuracy = 0.8701179820992677
eval_loss = 0.3963955342769623
eval_runtime = 45.0798
eval_samples_per_second = 218.102
