eval_accuracy = 0.8605196128374937
eval_loss = 0.38809508085250854
eval_runtime = 46.4497
eval_samples_per_second = 211.304
