eval_accuracy = 0.8573611818644932
eval_loss = 0.4236556887626648
eval_runtime = 44.384
eval_samples_per_second = 221.138
