eval_accuracy = 0.8663270504330107
eval_loss = 0.36824536323547363
eval_runtime = 44.731
eval_samples_per_second = 219.423
