eval_accuracy = 0.8496179317371371
eval_loss = 0.3966788351535797
eval_runtime = 43.7081
eval_samples_per_second = 224.558
