eval_accuracy = 0.8580146460537021
eval_loss = 0.3935337960720062
eval_runtime = 42.2372
eval_samples_per_second = 232.781
