eval_accuracy = 0.865206316861946
eval_loss = 0.3952804505825043
eval_runtime = 53.1355
eval_samples_per_second = 184.716
