eval_accuracy = 0.8561385634233316
eval_loss = 0.3947575092315674
eval_runtime = 42.1027
eval_samples_per_second = 233.121
