eval_accuracy = 0.8679820992676973
eval_loss = 0.39985939860343933
eval_runtime = 43.0125
eval_samples_per_second = 228.584
