eval_accuracy = 0.8713384865744508
eval_loss = 0.40894708037376404
eval_runtime = 43.7645
eval_samples_per_second = 224.657
