eval_accuracy = 0.8639137510170871
eval_loss = 0.3842344582080841
eval_runtime = 45.1353
eval_samples_per_second = 217.834
