eval_accuracy = 0.8663270504330107
eval_loss = 0.3743635416030884
eval_runtime = 52.1107
eval_samples_per_second = 188.349
