eval_accuracy = 0.8647987773815589
eval_loss = 0.4051435589790344
eval_runtime = 42.5686
eval_samples_per_second = 230.569
