eval_accuracy = 0.8458481915435557
eval_loss = 0.42088422179222107
eval_runtime = 48.5978
eval_samples_per_second = 201.964
