eval_accuracy = 0.871440195280716
eval_loss = 0.412913978099823
eval_runtime = 43.4612
eval_samples_per_second = 226.225
