eval_accuracy = 0.8615384615384616
eval_loss = 0.38119766116142273
eval_runtime = 44.1165
eval_samples_per_second = 222.479
