eval_accuracy = 0.8615744507729862
eval_loss = 0.3868027329444885
eval_runtime = 41.831
eval_samples_per_second = 235.041
