eval_accuracy = 0.8202807160292921
eval_loss = 0.4828447997570038
eval_runtime = 44.8714
eval_samples_per_second = 219.115
