eval_accuracy = 0.8604177279673968
eval_loss = 0.3800617456436157
eval_runtime = 45.3364
eval_samples_per_second = 216.492
