eval_accuracy = 0.8494711147274207
eval_loss = 0.4030594229698181
eval_runtime = 46.8813
eval_samples_per_second = 209.721
