eval_accuracy = 0.8575061025223759
eval_loss = 0.38878509402275085
eval_runtime = 49.4534
eval_samples_per_second = 198.813
