eval_accuracy = 0.86706672091131
eval_loss = 0.3882704973220825
eval_runtime = 47.6533
eval_samples_per_second = 206.324
