eval_accuracy = 0.8643912379011717
eval_loss = 0.4178394079208374
eval_runtime = 43.2443
eval_samples_per_second = 226.966
