eval_accuracy = 0.84381049414162
eval_loss = 0.4214614927768707
eval_runtime = 42.3592
eval_samples_per_second = 231.709
