eval_accuracy = 0.8598064187468161
eval_loss = 0.4091030955314636
eval_runtime = 51.142
eval_samples_per_second = 191.917
