eval_accuracy = 0.8342148087876322
eval_loss = 0.46997031569480896
eval_runtime = 44.2235
eval_samples_per_second = 222.325
