eval_accuracy = 0.8647274206672091
eval_loss = 0.38529834151268005
eval_runtime = 45.4028
eval_samples_per_second = 216.55
