eval_accuracy = 0.8643912379011717
eval_loss = 0.4125703275203705
eval_runtime = 45.3156
eval_samples_per_second = 216.592
