eval_accuracy = 0.8654100866021396
eval_loss = 0.3876165747642517
eval_runtime = 44.5084
eval_samples_per_second = 220.52
