eval_accuracy = 0.8653082017320428
eval_loss = 0.402790367603302
eval_runtime = 43.8157
eval_samples_per_second = 224.006
