eval_accuracy = 0.845236882322975
eval_loss = 0.4055725336074829
eval_runtime = 44.612
eval_samples_per_second = 220.008
