eval_accuracy = 0.8675752644426363
eval_loss = 0.3745420575141907
eval_runtime = 51.3161
eval_samples_per_second = 191.597
