eval_accuracy = 0.866225165562914
eval_loss = 0.40573251247406006
eval_runtime = 43.8666
eval_samples_per_second = 223.747
