eval_accuracy = 0.8649006622516556
eval_loss = 0.3923358619213104
eval_runtime = 43.221
eval_samples_per_second = 227.089
