eval_accuracy = 0.8653082017320428
eval_loss = 0.41845086216926575
eval_runtime = 43.7463
eval_samples_per_second = 224.362
