eval_accuracy = 0.8643912379011717
eval_loss = 0.3871619701385498
eval_runtime = 50.9932
eval_samples_per_second = 192.477
