eval_accuracy = 0.86706672091131
eval_loss = 0.404915452003479
eval_runtime = 43.3378
eval_samples_per_second = 226.869
