eval_accuracy = 0.8654100866021396
eval_loss = 0.40299341082572937
eval_runtime = 45.3195
eval_samples_per_second = 216.574
