eval_accuracy = 0.8697111472742066
eval_loss = 0.412174791097641
eval_runtime = 44.4831
eval_samples_per_second = 221.028
