eval_accuracy = 0.8619812855980472
eval_loss = 0.39455458521842957
eval_runtime = 45.5258
eval_samples_per_second = 215.966
