eval_accuracy = 0.8328069281711665
eval_loss = 0.43646228313446045
eval_runtime = 45.8489
eval_samples_per_second = 214.073
