eval_accuracy = 0.8667345899133979
eval_loss = 0.40246251225471497
eval_runtime = 43.4349
eval_samples_per_second = 225.97
