eval_accuracy = 0.8587875700458482
eval_loss = 0.3982613980770111
eval_runtime = 45.3344
eval_samples_per_second = 216.502
