eval_accuracy = 0.8683889340927583
eval_loss = 0.3804108202457428
eval_runtime = 42.7868
eval_samples_per_second = 229.79
