eval_accuracy = 0.8499235863474274
eval_loss = 0.3912207782268524
eval_runtime = 41.9156
eval_samples_per_second = 234.161
