eval_accuracy = 0.8498779495524816
eval_loss = 0.40720415115356445
eval_runtime = 42.5936
eval_samples_per_second = 230.833
