eval_accuracy = 0.8677786818551668
eval_loss = 0.3842988610267639
eval_runtime = 43.9542
eval_samples_per_second = 223.687
