eval_accuracy = 0.8653376729048007
eval_loss = 0.3956877291202545
eval_runtime = 52.0454
eval_samples_per_second = 188.912
