eval_accuracy = 0.8665308201732043
eval_loss = 0.4058174788951874
eval_runtime = 42.8619
eval_samples_per_second = 228.991
