eval_accuracy = 0.852013832384052
eval_loss = 0.39123523235321045
eval_runtime = 41.8652
eval_samples_per_second = 234.849
