eval_accuracy = 0.8566924328722538
eval_loss = 0.38522443175315857
eval_runtime = 42.4845
eval_samples_per_second = 231.426
