eval_accuracy = 0.8601120733571065
eval_loss = 0.3889295160770416
eval_runtime = 45.8595
eval_samples_per_second = 214.023
