eval_accuracy = 0.8585231895850285
eval_loss = 0.390765905380249
eval_runtime = 45.4587
eval_samples_per_second = 216.284
