eval_accuracy = 0.9209225700164745
eval_loss = 0.22521239519119263
eval_runtime = 20.9394
eval_samples_per_second = 260.896
