eval_accuracy = 0.9262310086033315
eval_loss = 0.21681547164916992
eval_runtime = 21.254
eval_samples_per_second = 257.034
