eval_accuracy = 0.9088412959912137
eval_loss = 0.2501671314239502
eval_runtime = 21.4069
eval_samples_per_second = 255.199
