eval_accuracy = 0.9271462566355483
eval_loss = 0.21867749094963074
eval_runtime = 21.4715
eval_samples_per_second = 254.431
