eval_accuracy = 0.919092073952041
eval_loss = 0.2165725827217102
eval_runtime = 21.489
eval_samples_per_second = 254.223
