eval_accuracy = 0.9264140582097748
eval_loss = 0.2202022820711136
eval_runtime = 21.5505
eval_samples_per_second = 253.498
