eval_accuracy = 0.9214717188358045
eval_loss = 0.2255907654762268
eval_runtime = 20.8328
eval_samples_per_second = 262.231
