eval_accuracy = 0.9198242723778144
eval_loss = 0.22452911734580994
eval_runtime = 20.9891
eval_samples_per_second = 260.278
