eval_accuracy = 0.9265971078162182
eval_loss = 0.2150525003671646
eval_runtime = 22.283
eval_samples_per_second = 245.164
