eval_accuracy = 0.8564891085484166
eval_loss = 0.35123032331466675
eval_runtime = 21.4064
eval_samples_per_second = 255.204
