eval_accuracy = 0.9121361889071938
eval_loss = 0.24310912191867828
eval_runtime = 21.5222
eval_samples_per_second = 253.831
