eval_accuracy = 0.7931539447190189
eval_loss = 0.44052112102508545
eval_runtime = 20.8127
eval_samples_per_second = 262.484
