eval_accuracy = 0.9269632070291048
eval_loss = 0.22025658190250397
eval_runtime = 21.039
eval_samples_per_second = 259.661
