eval_accuracy = 0.9282445542742083
eval_loss = 0.22655154764652252
eval_runtime = 21.1062
eval_samples_per_second = 258.834
