eval_loss = 0.47503119707107544
eval_matthews_correlation = 0.462042424314438
eval_runtime = 3.8444
eval_samples_per_second = 271.302
