eval_loss = 0.5305178761482239
eval_matthews_correlation = 0.28710292511754365
eval_runtime = 3.8396
eval_samples_per_second = 271.642
