eval_loss = 0.608561635017395
eval_matthews_correlation = 0.03149441738954873
eval_runtime = 3.8762
eval_samples_per_second = 269.078
