eval_loss = 0.47844159603118896
eval_matthews_correlation = 0.4595043540827102
eval_runtime = 4.2208
eval_samples_per_second = 247.109
