eval_combined_score = 0.5778985094978217
eval_loss = 15.276721000671387
eval_pearson = 0.5643866096033464
eval_runtime = 24.1788
eval_samples_per_second = 62.038
eval_spearmanr = 0.5914104093922969
