eval_combined_score = 0.08288517636151008
eval_loss = 2.6704964637756348
eval_pearson = 0.12463756280756899
eval_runtime = 23.5822
eval_samples_per_second = 63.607
eval_spearmanr = 0.04113278991545115
