eval_combined_score = 0.10510755132404498
eval_loss = 2.472554922103882
eval_pearson = 0.13913027868066222
eval_runtime = 23.1651
eval_samples_per_second = 64.753
eval_spearmanr = 0.07108482396742773
