eval_accuracy = 0.740072202166065
eval_loss = 1.1277729272842407
eval_runtime = 1.2623
eval_samples_per_second = 219.448
