eval_accuracy = 0.740072202166065
eval_loss = 1.7591025829315186
eval_runtime = 1.269
eval_samples_per_second = 218.276
