eval_accuracy = 0.7545126353790613
eval_loss = 1.2706072330474854
eval_runtime = 1.2283
eval_samples_per_second = 225.506
