eval_accuracy = 0.6606498194945848
eval_loss = 0.6903693675994873
eval_runtime = 1.5312
eval_samples_per_second = 180.903
