eval_accuracy = 0.6895306859205776
eval_loss = 0.8608381748199463
eval_runtime = 1.5749
eval_samples_per_second = 175.89
