eval_accuracy = 0.703971119133574
eval_loss = 0.6490889191627502
eval_runtime = 1.2888
eval_samples_per_second = 214.921
