eval_accuracy = 0.6787003610108303
eval_loss = 0.6293749213218689
eval_runtime = 1.4453
eval_samples_per_second = 191.656
