eval_accuracy = 0.5884476534296029
eval_loss = 0.6763402819633484
eval_runtime = 1.186
eval_samples_per_second = 233.563
