eval_accuracy = 0.7148014440433214
eval_loss = 0.6553703546524048
eval_runtime = 1.4165
eval_samples_per_second = 195.547
