eval_accuracy = 0.592057761732852
eval_loss = 0.6854084730148315
eval_runtime = 1.591
eval_samples_per_second = 174.106
