eval_accuracy = 0.6931407942238267
eval_loss = 1.4836111068725586
eval_runtime = 1.499
eval_samples_per_second = 184.791
