eval_accuracy = 0.6245487364620939
eval_loss = 0.6555867791175842
eval_runtime = 1.613
eval_samples_per_second = 171.729
