eval_accuracy = 0.740072202166065
eval_loss = 1.7128938436508179
eval_runtime = 1.2022
eval_samples_per_second = 230.402
