eval_accuracy = 0.7472924187725631
eval_loss = 1.651358962059021
eval_runtime = 1.2094
eval_samples_per_second = 229.034
