eval_accuracy = 0.7436823104693141
eval_loss = 1.8467577695846558
eval_runtime = 1.2574
eval_samples_per_second = 220.295
