eval_accuracy = 0.5812274368231047
eval_loss = 0.6804504990577698
eval_runtime = 1.6006
eval_samples_per_second = 173.063
