eval_accuracy = 0.7436823104693141
eval_loss = 1.515210509300232
eval_runtime = 1.3145
eval_samples_per_second = 210.725
