eval_accuracy = 0.7148014440433214
eval_loss = 0.8050353527069092
eval_runtime = 1.2627
eval_samples_per_second = 219.375
