eval_accuracy = 0.6389891696750902
eval_loss = 0.6625980138778687
eval_runtime = 1.2827
eval_samples_per_second = 215.952
