eval_accuracy = 0.6859205776173285
eval_loss = 0.6880033016204834
eval_runtime = 1.2591
eval_samples_per_second = 220.002
