eval_accuracy = 0.6750902527075813
eval_loss = 0.8578770160675049
eval_runtime = 1.638
eval_samples_per_second = 169.109
