eval_accuracy = 0.5270758122743683
eval_loss = 0.950713574886322
eval_runtime = 1.1025
eval_samples_per_second = 251.236
