eval_accuracy = 0.5270758122743683
eval_loss = 1.466450810432434
eval_runtime = 1.2382
eval_samples_per_second = 223.707
