eval_accuracy = 0.5270758122743683
eval_loss = 0.8077391386032104
eval_runtime = 1.1356
eval_samples_per_second = 243.92
