eval_accuracy = 0.4729241877256318
eval_loss = 0.959618091583252
eval_runtime = 1.3801
eval_samples_per_second = 200.711
