eval_accuracy = 0.49458483754512633
eval_loss = 0.6976303458213806
eval_runtime = 1.049
eval_samples_per_second = 264.067
