eval_accuracy = 0.5270758122743683
eval_loss = 0.7077239751815796
eval_runtime = 1.0583
eval_samples_per_second = 261.748
