eval_accuracy = 0.4729241877256318
eval_loss = 0.7172795534133911
eval_runtime = 1.0402
eval_samples_per_second = 266.284
