eval_accuracy = 0.8764415156507414
eval_loss = 0.2952713370323181
eval_runtime = 20.3844
eval_samples_per_second = 267.999
