eval_accuracy = 0.9260479589968882
eval_loss = 0.21598128974437714
eval_runtime = 20.8825
eval_samples_per_second = 261.607
