eval_accuracy = 0.9287937030935384
eval_loss = 0.21551015973091125
eval_runtime = 21.2891
eval_samples_per_second = 256.611
