eval_accuracy = 0.9145158337909574
eval_loss = 0.2280367761850357
eval_runtime = 20.8871
eval_samples_per_second = 261.549
