eval_accuracy = 0.8980413692110562
eval_loss = 0.25905048847198486
eval_runtime = 21.2974
eval_samples_per_second = 256.511
