eval_accuracy = 0.9280615046677649
eval_loss = 0.21146222949028015
eval_runtime = 20.5113
eval_samples_per_second = 266.341
