eval_accuracy = 0.9282445542742083
eval_loss = 0.21831920742988586
eval_runtime = 20.9152
eval_samples_per_second = 261.197
