eval_accuracy = 0.9262310086033315
eval_loss = 0.2081926465034485
eval_runtime = 20.6275
eval_samples_per_second = 264.84
