eval_accuracy = 0.9282445542742083
eval_loss = 0.21807023882865906
eval_runtime = 20.6303
eval_samples_per_second = 264.804
