eval_accuracy = 0.9275123558484349
eval_loss = 0.20684784650802612
eval_runtime = 21.0121
eval_samples_per_second = 259.993
