eval_accuracy = 0.9289767526999817
eval_loss = 0.21850992739200592
eval_runtime = 20.4621
eval_samples_per_second = 266.982
