eval_accuracy = 0.8965769723595094
eval_loss = 0.2678997218608856
eval_runtime = 20.9891
eval_samples_per_second = 260.278
