eval_accuracy = 0.8035877722862896
eval_loss = 0.4323899745941162
eval_runtime = 21.2036
eval_samples_per_second = 257.645
