eval_accuracy = 0.9282445542742083
eval_loss = 0.21874302625656128
eval_runtime = 20.6125
eval_samples_per_second = 265.033
