eval_accuracy = 0.9234852645066813
eval_loss = 0.2180173546075821
eval_runtime = 20.654
eval_samples_per_second = 264.5
