eval_accuracy = 0.9278784550613216
eval_loss = 0.21669317781925201
eval_runtime = 20.5554
eval_samples_per_second = 265.77
