eval_accuracy = 0.8771737140765148
eval_loss = 0.3081248700618744
eval_runtime = 20.7336
eval_samples_per_second = 263.485
