eval_accuracy = 0.9298920007321985
eval_loss = 0.22382569313049316
eval_runtime = 20.2739
eval_samples_per_second = 269.46
