eval_accuracy = 0.9093904448105437
eval_loss = 0.25401657819747925
eval_runtime = 20.7617
eval_samples_per_second = 263.129
