eval_accuracy = 0.9282445542742083
eval_loss = 0.2165776640176773
eval_runtime = 21.1904
eval_samples_per_second = 257.805
