eval_accuracy = 0.9264140582097748
eval_loss = 0.2064601629972458
eval_runtime = 20.6424
eval_samples_per_second = 264.65
