eval_accuracy = 0.9280615046677649
eval_loss = 0.2227337658405304
eval_runtime = 21.3018
eval_samples_per_second = 256.458
