eval_combined_score = 0.5241557741576794
eval_loss = 4.242729663848877
eval_pearson = 0.5096531877364391
eval_runtime = 6.3499
eval_samples_per_second = 236.225
eval_spearmanr = 0.5386583605789197
