eval_combined_score = 0.6452563273062979
eval_loss = 75.59577941894531
eval_pearson = 0.6463729645333195
eval_runtime = 5.5804
eval_samples_per_second = 268.8
eval_spearmanr = 0.6441396900792764
