eval_combined_score = 0.5905738600060961
eval_loss = 2.573869228363037
eval_pearson = 0.5689406115784723
eval_runtime = 5.8307
eval_samples_per_second = 257.26
eval_spearmanr = 0.6122071084337201
