eval_combined_score = -0.07067496269198806
eval_loss = 3.4395570755004883
eval_pearson = -0.08037710578010941
eval_runtime = 5.9033
eval_samples_per_second = 254.097
eval_spearmanr = -0.06097281960386669
