eval_combined_score = -0.48436710707646846
eval_loss = 54.332332611083984
eval_pearson = -0.46911197789922454
eval_runtime = 5.9638
eval_samples_per_second = 251.518
eval_spearmanr = -0.49962223625371244
