eval_combined_score = 0.5908574338466905
eval_loss = 2.4353995323181152
eval_pearson = 0.5695404226377453
eval_runtime = 5.5154
eval_samples_per_second = 271.964
eval_spearmanr = 0.6121744450556358
