eval_accuracy = 0.8619460010188487
eval_loss = 0.4204830229282379
eval_runtime = 38.4918
eval_samples_per_second = 254.989
