eval_accuracy = 0.8615384615384616
eval_loss = 0.41285014152526855
eval_runtime = 38.9224
eval_samples_per_second = 252.169
