eval_accuracy = 0.851044319918492
eval_loss = 0.39414095878601074
eval_runtime = 41.7532
eval_samples_per_second = 235.072
