eval_accuracy = 0.8620478858889455
eval_loss = 0.4142764210700989
eval_runtime = 38.162
eval_samples_per_second = 257.193
