eval_accuracy = 0.8635761589403973
eval_loss = 0.4192345440387726
eval_runtime = 37.6633
eval_samples_per_second = 260.599
