eval_accuracy = 0.8639137510170871
eval_loss = 0.40712565183639526
eval_runtime = 40.085
eval_samples_per_second = 245.279
