eval_accuracy = 0.8638120423108218
eval_loss = 0.4169321358203888
eval_runtime = 39.8071
eval_samples_per_second = 246.991
