eval_accuracy = 0.8574630667345899
eval_loss = 0.41793766617774963
eval_runtime = 37.4663
eval_samples_per_second = 261.969
