eval_accuracy = 0.846826688364524
eval_loss = 0.39966151118278503
eval_runtime = 41.4062
eval_samples_per_second = 237.452
