eval_accuracy = 0.8637103336045565
eval_loss = 0.4267764389514923
eval_runtime = 38.505
eval_samples_per_second = 255.343
