eval_accuracy = 0.8290371879775853
eval_loss = 0.44469860196113586
eval_runtime = 38.2512
eval_samples_per_second = 256.593
