eval_accuracy = 0.8600101884870097
eval_loss = 0.41480734944343567
eval_runtime = 38.2203
eval_samples_per_second = 256.801
