eval_accuracy = 0.8114111054508405
eval_loss = 0.47783198952674866
eval_runtime = 41.6178
eval_samples_per_second = 235.837
