eval_accuracy = 0.8588283157038242
eval_loss = 0.4012228846549988
eval_runtime = 38.1399
eval_samples_per_second = 257.788
