eval_accuracy = 0.8600101884870097
eval_loss = 0.4133506119251251
eval_runtime = 38.9966
eval_samples_per_second = 251.688
