eval_accuracy = 0.8556291390728477
eval_loss = 0.4061822295188904
eval_runtime = 37.6135
eval_samples_per_second = 260.944
