eval_accuracy = 0.863506916192026
eval_loss = 0.3951786458492279
eval_runtime = 39.258
eval_samples_per_second = 250.446
