eval_accuracy = 0.8618441161487519
eval_loss = 0.39212337136268616
eval_runtime = 38.0956
eval_samples_per_second = 257.641
