eval_accuracy = 0.8190524707080998
eval_loss = 0.4535658657550812
eval_runtime = 37.2695
eval_samples_per_second = 263.352
