eval_accuracy = 0.8639137510170871
eval_loss = 0.4196612536907196
eval_runtime = 38.9097
eval_samples_per_second = 252.688
