eval_accuracy = 0.8577095199349064
eval_loss = 0.395173043012619
eval_runtime = 38.1793
eval_samples_per_second = 257.522
