eval_accuracy = 0.8597436940602116
eval_loss = 0.408723384141922
eval_runtime = 38.6538
eval_samples_per_second = 254.361
