eval_accuracy = 0.8640154597233524
eval_loss = 0.42545053362846375
eval_runtime = 38.6001
eval_samples_per_second = 254.714
