eval_accuracy = 0.8618441161487519
eval_loss = 0.38821646571159363
eval_runtime = 38.9128
eval_samples_per_second = 252.231
