eval_accuracy = 0.8595007641365258
eval_loss = 0.4001609683036804
eval_runtime = 39.0474
eval_samples_per_second = 251.361
