eval_accuracy = 0.8637103336045565
eval_loss = 0.39663246273994446
eval_runtime = 38.8492
eval_samples_per_second = 253.081
