eval_accuracy = 0.8586856851757514
eval_loss = 0.3924027979373932
eval_runtime = 38.1951
eval_samples_per_second = 256.97
