eval_accuracy = 0.8641171684296176
eval_loss = 0.4161924719810486
eval_runtime = 40.6595
eval_samples_per_second = 241.813
