eval_accuracy = 0.8628629648497198
eval_loss = 0.4348462224006653
eval_runtime = 39.1241
eval_samples_per_second = 250.868
