eval_accuracy = 0.8652359641985354
eval_loss = 0.4195752739906311
eval_runtime = 39.0939
eval_samples_per_second = 251.497
