eval_accuracy = 0.8402156224572823
eval_loss = 0.4304421842098236
eval_runtime = 40.0853
eval_samples_per_second = 245.277
