eval_accuracy = 0.7867168429617575
eval_loss = 0.545143187046051
eval_runtime = 38.1748
eval_samples_per_second = 257.552
