eval_accuracy = 0.8640154597233524
eval_loss = 0.4135528802871704
eval_runtime = 39.7202
eval_samples_per_second = 247.531
