eval_accuracy = 0.8620829943043125
eval_loss = 0.41395995020866394
eval_runtime = 40.2908
eval_samples_per_second = 244.026
