eval_accuracy = 0.8367575264442636
eval_loss = 0.43619391322135925
eval_runtime = 39.1958
eval_samples_per_second = 250.843
