eval_accuracy = 0.863270504330107
eval_loss = 0.4057224690914154
eval_runtime = 38.9704
eval_samples_per_second = 251.858
