eval_accuracy = 0.8598064187468161
eval_loss = 0.41359516978263855
eval_runtime = 39.2524
eval_samples_per_second = 250.048
