eval_accuracy = 0.862761079979623
eval_loss = 0.4147416055202484
eval_runtime = 39.1171
eval_samples_per_second = 250.913
