eval_accuracy = 0.8576078112286412
eval_loss = 0.39533907175064087
eval_runtime = 38.431
eval_samples_per_second = 255.835
