eval_accuracy = 0.8494141619969434
eval_loss = 0.39561355113983154
eval_runtime = 38.7261
eval_samples_per_second = 253.447
