eval_accuracy = 0.8628966639544345
eval_loss = 0.4130483567714691
eval_runtime = 38.2319
eval_samples_per_second = 257.167
