eval_accuracy = 0.8625915378356387
eval_loss = 0.40093472599983215
eval_runtime = 39.9585
eval_samples_per_second = 246.055
