eval_accuracy = 0.8611676159479251
eval_loss = 0.3934083580970764
eval_runtime = 38.3639
eval_samples_per_second = 256.282
