eval_accuracy = 0.856953642384106
eval_loss = 0.3995416760444641
eval_runtime = 38.5488
eval_samples_per_second = 254.612
