eval_accuracy = 0.8641171684296176
eval_loss = 0.4143381118774414
eval_runtime = 40.2787
eval_samples_per_second = 244.099
