eval_accuracy = 0.8463181448331977
eval_loss = 0.4046023190021515
eval_runtime = 38.9916
eval_samples_per_second = 252.157
