eval_accuracy = 0.8433010697911361
eval_loss = 0.41961199045181274
eval_runtime = 38.9902
eval_samples_per_second = 251.73
