eval_accuracy = 0.8588894549159449
eval_loss = 0.4061809182167053
eval_runtime = 37.8523
eval_samples_per_second = 259.297
