eval_accuracy = 0.8635761589403973
eval_loss = 0.3990823030471802
eval_runtime = 39.6191
eval_samples_per_second = 247.734
