eval_accuracy = 0.8557310239429444
eval_loss = 0.40005165338516235
eval_runtime = 37.9153
eval_samples_per_second = 258.866
