eval_accuracy = 0.861879576891782
eval_loss = 0.41220176219940186
eval_runtime = 38.7427
eval_samples_per_second = 253.777
