eval_accuracy = 0.8582781456953642
eval_loss = 0.39506444334983826
eval_runtime = 38.538
eval_samples_per_second = 254.683
