eval_accuracy = 0.8607607811228641
eval_loss = 0.3972780704498291
eval_runtime = 40.5959
eval_samples_per_second = 242.192
