eval_accuracy = 0.8584214808787632
eval_loss = 0.39950379729270935
eval_runtime = 39.0398
eval_samples_per_second = 251.846
