eval_accuracy = 0.8572592969943963
eval_loss = 0.40133175253868103
eval_runtime = 39.0904
eval_samples_per_second = 251.084
