eval_accuracy = 0.8604177279673968
eval_loss = 0.42851781845092773
eval_runtime = 40.1544
eval_samples_per_second = 244.431
