eval_accuracy = 0.8638120423108218
eval_loss = 0.4238112270832062
eval_runtime = 40.6138
eval_samples_per_second = 242.085
