eval_accuracy = 0.8419446704637917
eval_loss = 0.42775651812553406
eval_runtime = 39.1073
eval_samples_per_second = 251.411
