eval_accuracy = 0.8645240032546786
eval_loss = 0.41087058186531067
eval_runtime = 38.8035
eval_samples_per_second = 253.379
