eval_accuracy = 0.8649006622516556
eval_loss = 0.40860259532928467
eval_runtime = 38.5382
eval_samples_per_second = 254.683
