eval_accuracy = 0.8523189585028479
eval_loss = 0.40456366539001465
eval_runtime = 39.7653
eval_samples_per_second = 247.251
