eval_accuracy = 0.8459500764136526
eval_loss = 0.41158244013786316
eval_runtime = 38.4313
eval_samples_per_second = 255.391
