eval_accuracy = 0.8644222945484134
eval_loss = 0.4004068672657013
eval_runtime = 39.0951
eval_samples_per_second = 251.489
