eval_accuracy = 0.8637103336045565
eval_loss = 0.4237029254436493
eval_runtime = 37.9541
eval_samples_per_second = 259.05
