eval_accuracy = 0.8577687213448802
eval_loss = 0.40663474798202515
eval_runtime = 37.8742
eval_samples_per_second = 259.147
