eval_accuracy = 0.8302481692432873
eval_loss = 0.44353196024894714
eval_runtime = 38.3302
eval_samples_per_second = 256.508
