eval_accuracy = 0.8528782475802343
eval_loss = 0.3952900767326355
eval_runtime = 39.5374
eval_samples_per_second = 248.246
