eval_accuracy = 0.8612328069281712
eval_loss = 0.3995576798915863
eval_runtime = 39.2502
eval_samples_per_second = 250.062
