eval_accuracy = 0.863506916192026
eval_loss = 0.4275646209716797
eval_runtime = 39.0278
eval_samples_per_second = 251.923
