eval_accuracy = 0.8566479877738156
eval_loss = 0.38989344239234924
eval_runtime = 37.9686
eval_samples_per_second = 258.503
