eval_accuracy = 0.8624898291293734
eval_loss = 0.42050471901893616
eval_runtime = 40.9826
eval_samples_per_second = 239.907
