eval_accuracy = 0.863506916192026
eval_loss = 0.4142732620239258
eval_runtime = 37.7744
eval_samples_per_second = 260.282
