eval_accuracy = 0.8609271523178808
eval_loss = 0.40116217732429504
eval_runtime = 38.1805
eval_samples_per_second = 257.068
