eval_accuracy = 0.8609271523178808
eval_loss = 0.40720584988594055
eval_runtime = 39.9119
eval_samples_per_second = 245.917
