eval_accuracy = 0.858319772172498
eval_loss = 0.4008803367614746
eval_runtime = 38.6244
eval_samples_per_second = 254.554
