eval_accuracy = 0.8624554253693326
eval_loss = 0.404279500246048
eval_runtime = 38.9947
eval_samples_per_second = 251.701
