eval_accuracy = 0.5272542027508915
eval_loss = 0.9713345170021057
eval_runtime = 38.1888
eval_samples_per_second = 257.012
