eval_accuracy = 0.8639137510170871
eval_loss = 0.4140257239341736
eval_runtime = 38.5601
eval_samples_per_second = 254.978
