eval_accuracy = 0.8567498726439123
eval_loss = 0.3982333838939667
eval_runtime = 40.1403
eval_samples_per_second = 244.518
