eval_accuracy = 0.8616761594792515
eval_loss = 0.4046631455421448
eval_runtime = 39.3906
eval_samples_per_second = 249.603
