eval_accuracy = 0.8008543531326282
eval_loss = 0.5151310563087463
eval_runtime = 39.7267
eval_samples_per_second = 247.491
