eval_accuracy = 0.7886907794192562
eval_loss = 0.5229136347770691
eval_runtime = 38.8651
eval_samples_per_second = 252.54
