eval_accuracy = 0.8498217014773306
eval_loss = 0.402040034532547
eval_runtime = 39.2112
eval_samples_per_second = 250.311
