eval_accuracy = 0.8626591951095263
eval_loss = 0.39055922627449036
eval_runtime = 38.1968
eval_samples_per_second = 256.959
