eval_accuracy = 0.851553744268976
eval_loss = 0.40000587701797485
eval_runtime = 37.5355
eval_samples_per_second = 261.486
