eval_accuracy = 0.8602139582272033
eval_loss = 0.4241579473018646
eval_runtime = 39.7173
eval_samples_per_second = 247.122
