eval_accuracy = 0.8629983726606998
eval_loss = 0.41391146183013916
eval_runtime = 38.684
eval_samples_per_second = 254.162
