eval_accuracy = 0.8351502801833928
eval_loss = 0.4313334822654724
eval_runtime = 39.0364
eval_samples_per_second = 251.432
