eval_accuracy = 0.8628966639544345
eval_loss = 0.4363342225551605
eval_runtime = 39.3256
eval_samples_per_second = 250.015
