eval_accuracy = 0.8583800305654611
eval_loss = 0.4236862063407898
eval_runtime = 37.6214
eval_samples_per_second = 260.888
