eval_accuracy = 0.8611676159479251
eval_loss = 0.3921847343444824
eval_runtime = 38.339
eval_samples_per_second = 256.449
