eval_accuracy = 0.8600101884870097
eval_loss = 0.3973093628883362
eval_runtime = 37.4263
eval_samples_per_second = 262.249
