eval_accuracy = 0.8569975589910497
eval_loss = 0.39773109555244446
eval_runtime = 38.0887
eval_samples_per_second = 258.135
