eval_accuracy = 0.8628629648497198
eval_loss = 0.3933928906917572
eval_runtime = 37.7362
eval_samples_per_second = 260.095
