eval_accuracy = 0.8629983726606998
eval_loss = 0.4237210154533386
eval_runtime = 39.443
eval_samples_per_second = 249.271
