eval_accuracy = 0.8609271523178808
eval_loss = 0.41776537895202637
eval_runtime = 38.1112
eval_samples_per_second = 257.536
