eval_accuracy = 0.8597436940602116
eval_loss = 0.3928699791431427
eval_runtime = 38.5573
eval_samples_per_second = 254.997
