eval_accuracy = 0.6403464085583291
eval_loss = 0.8303759098052979
eval_runtime = 39.1331
eval_samples_per_second = 250.811
