eval_accuracy = 0.834926769731489
eval_loss = 0.4454921782016754
eval_runtime = 39.9425
eval_samples_per_second = 246.154
