eval_accuracy = 0.8627949552481693
eval_loss = 0.4244677424430847
eval_runtime = 37.6289
eval_samples_per_second = 261.289
