eval_accuracy = 0.8542027508914927
eval_loss = 0.41224756836891174
eval_runtime = 39.3306
eval_samples_per_second = 249.551
