eval_accuracy = 0.8423841059602649
eval_loss = 0.40772151947021484
eval_runtime = 38.3388
eval_samples_per_second = 256.007
