eval_accuracy = 0.8629983726606998
eval_loss = 0.4112156331539154
eval_runtime = 39.2513
eval_samples_per_second = 250.488
