eval_accuracy = 0.8585838003056546
eval_loss = 0.4176923334598541
eval_runtime = 38.77
eval_samples_per_second = 253.16
