eval_accuracy = 0.8476403580146461
eval_loss = 0.40577948093414307
eval_runtime = 38.8973
eval_samples_per_second = 252.768
