eval_accuracy = 0.701681100356597
eval_loss = 0.7235265374183655
eval_runtime = 38.3214
eval_samples_per_second = 256.123
