eval_accuracy = 0.8584214808787632
eval_loss = 0.41063687205314636
eval_runtime = 38.8988
eval_samples_per_second = 252.758
