eval_accuracy = 0.8618441161487519
eval_loss = 0.4118649661540985
eval_runtime = 41.0038
eval_samples_per_second = 239.368
