eval_accuracy = 0.8615744507729862
eval_loss = 0.4130563735961914
eval_runtime = 39.1222
eval_samples_per_second = 251.315
