eval_accuracy = 0.8525725929699439
eval_loss = 0.40039098262786865
eval_runtime = 38.2368
eval_samples_per_second = 256.69
