eval_accuracy = 0.8595402766476811
eval_loss = 0.41925451159477234
eval_runtime = 38.742
eval_samples_per_second = 253.781
