eval_accuracy = 0.8639137510170871
eval_loss = 0.4175761044025421
eval_runtime = 38.9489
eval_samples_per_second = 252.433
