eval_accuracy = 0.8420784513499745
eval_loss = 0.42655831575393677
eval_runtime = 38.9047
eval_samples_per_second = 252.283
