eval_accuracy = 0.8640154597233524
eval_loss = 0.433870404958725
eval_runtime = 37.8329
eval_samples_per_second = 259.88
