eval_accuracy = 0.8650325467860048
eval_loss = 0.41279172897338867
eval_runtime = 40.1574
eval_samples_per_second = 244.837
