eval_accuracy = 0.8612693246541904
eval_loss = 0.3969500660896301
eval_runtime = 40.6654
eval_samples_per_second = 241.778
