eval_accuracy = 0.8629983726606998
eval_loss = 0.4196644723415375
eval_runtime = 38.7
eval_samples_per_second = 254.057
