eval_accuracy = 0.8663270504330107
eval_loss = 0.4159422814846039
eval_runtime = 39.767
eval_samples_per_second = 246.813
