eval_accuracy = 0.8456444218033622
eval_loss = 0.4048202931880951
eval_runtime = 37.8127
eval_samples_per_second = 259.569
