eval_accuracy = 0.8416709118695873
eval_loss = 0.4201587736606598
eval_runtime = 39.0254
eval_samples_per_second = 251.503
