eval_accuracy = 0.8638120423108218
eval_loss = 0.41314002871513367
eval_runtime = 38.671
eval_samples_per_second = 254.247
