eval_combined_score = 0.8298194105602463
eval_loss = 0.7536256313323975
eval_pearson = 0.8316352735740828
eval_runtime = 5.7148
eval_samples_per_second = 262.477
eval_spearmanr = 0.8280035475464098
