eval_combined_score = 0.6062895642432173
eval_loss = 1.8168351650238037
eval_pearson = 0.6070550207545697
eval_runtime = 5.7345
eval_samples_per_second = 261.576
eval_spearmanr = 0.605524107731865
