eval_combined_score = 0.6984898687198791
eval_loss = 1.237184762954712
eval_pearson = 0.6983636901020607
eval_runtime = 5.8765
eval_samples_per_second = 255.255
eval_spearmanr = 0.6986160473376976
