eval_combined_score = 0.8170309344299066
eval_loss = 0.9872125387191772
eval_pearson = 0.8174009999495301
eval_runtime = 5.7092
eval_samples_per_second = 262.732
eval_spearmanr = 0.8166608689102831
