eval_combined_score = 0.8186258697235883
eval_loss = 0.8307267427444458
eval_pearson = 0.8197494429106998
eval_runtime = 5.7177
eval_samples_per_second = 262.342
eval_spearmanr = 0.8175022965364768
