eval_combined_score = 0.8303199317383246
eval_loss = 0.7837247848510742
eval_pearson = 0.8319245520944807
eval_runtime = 5.7941
eval_samples_per_second = 258.884
eval_spearmanr = 0.8287153113821686
