eval_combined_score = 0.8153070515201051
eval_loss = 0.7910239100456238
eval_pearson = 0.8168412272235976
eval_runtime = 5.7319
eval_samples_per_second = 261.694
eval_spearmanr = 0.8137728758166125
