eval_combined_score = 0.6341733863077639
eval_loss = 1.898258090019226
eval_pearson = 0.6161447359150644
eval_runtime = 5.7512
eval_samples_per_second = 260.817
eval_spearmanr = 0.6522020367004634
