eval_combined_score = 0.8303368174625838
eval_loss = 0.7737671732902527
eval_pearson = 0.8320394926380885
eval_runtime = 5.7274
eval_samples_per_second = 261.9
eval_spearmanr = 0.8286341422870791
