eval_combined_score = 0.8294346452863501
eval_loss = 0.7796248197555542
eval_pearson = 0.8309434085602464
eval_runtime = 5.7727
eval_samples_per_second = 259.845
eval_spearmanr = 0.8279258820124539
