eval_combined_score = 0.8101774335809098
eval_loss = 0.8349201679229736
eval_pearson = 0.8119496907742796
eval_runtime = 5.7929
eval_samples_per_second = 258.936
eval_spearmanr = 0.8084051763875398
