eval_combined_score = 0.8213338356081933
eval_loss = 0.790313720703125
eval_pearson = 0.8231241401769611
eval_runtime = 5.7653
eval_samples_per_second = 260.179
eval_spearmanr = 0.8195435310394255
