eval_combined_score = 0.7195792922006601
eval_loss = 1.2222195863723755
eval_pearson = 0.7212534846232798
eval_runtime = 5.7461
eval_samples_per_second = 261.045
eval_spearmanr = 0.7179050997780403
