eval_combined_score = 0.8277967745433277
eval_loss = 0.7838670015335083
eval_pearson = 0.8291291823163851
eval_runtime = 6.0873
eval_samples_per_second = 246.416
eval_spearmanr = 0.8264643667702704
