eval_combined_score = 0.8111740975185783
eval_loss = 0.8011686205863953
eval_pearson = 0.8127347918382327
eval_runtime = 5.7273
eval_samples_per_second = 261.901
eval_spearmanr = 0.8096134031989238
