eval_combined_score = 0.820553333857311
eval_loss = 0.7988857626914978
eval_pearson = 0.8221766424361164
eval_runtime = 5.7112
eval_samples_per_second = 262.641
eval_spearmanr = 0.8189300252785057
