eval_combined_score = 0.7851062866216005
eval_loss = 0.8926386833190918
eval_pearson = 0.7866463552563512
eval_runtime = 6.5946
eval_samples_per_second = 227.458
eval_spearmanr = 0.7835662179868499
