eval_combined_score = 0.8282311518397776
eval_loss = 0.8099525570869446
eval_pearson = 0.8291456640798871
eval_runtime = 5.8618
eval_samples_per_second = 255.893
eval_spearmanr = 0.8273166395996682
