eval_combined_score = 0.6853204531289849
eval_loss = 1.1998273134231567
eval_pearson = 0.6865801803400173
eval_runtime = 5.8842
eval_samples_per_second = 254.921
eval_spearmanr = 0.6840607259179525
