eval_combined_score = 0.8136177241966318
eval_loss = 0.8615361452102661
eval_pearson = 0.8146258278267905
eval_runtime = 5.7299
eval_samples_per_second = 261.786
eval_spearmanr = 0.8126096205664731
