eval_combined_score = 0.8302820446106454
eval_loss = 0.7752514481544495
eval_pearson = 0.8319740946514719
eval_runtime = 6.0219
eval_samples_per_second = 249.091
eval_spearmanr = 0.828589994569819
