eval_combined_score = 0.7987484308765641
eval_loss = 0.8553051948547363
eval_pearson = 0.8009045458204365
eval_runtime = 5.8817
eval_samples_per_second = 255.026
eval_spearmanr = 0.7965923159326918
