eval_combined_score = 0.830074152358766
eval_loss = 0.7655430436134338
eval_pearson = 0.8318747498675898
eval_runtime = 5.7189
eval_samples_per_second = 262.29
eval_spearmanr = 0.8282735548499424
