eval_combined_score = 0.5432958232850047
eval_loss = 2.0124921798706055
eval_pearson = 0.5489015744367364
eval_runtime = 5.7485
eval_samples_per_second = 260.938
eval_spearmanr = 0.5376900721332731
