eval_combined_score = 0.7892755040791677
eval_loss = 1.1109740734100342
eval_pearson = 0.7900239291011064
eval_runtime = 6.3431
eval_samples_per_second = 236.476
eval_spearmanr = 0.7885270790572289
