eval_combined_score = 0.825214971422639
eval_loss = 0.8309764266014099
eval_pearson = 0.8262099032446226
eval_runtime = 6.4456
eval_samples_per_second = 232.718
eval_spearmanr = 0.8242200396006554
