eval_combined_score = 0.8271362248858447
eval_loss = 0.814908504486084
eval_pearson = 0.8279984194315353
eval_runtime = 6.0825
eval_samples_per_second = 246.609
eval_spearmanr = 0.8262740303401541
