eval_combined_score = 0.7816070045854911
eval_loss = 1.0833643674850464
eval_pearson = 0.7826394943136952
eval_runtime = 6.3993
eval_samples_per_second = 234.401
eval_spearmanr = 0.7805745148572871
