eval_combined_score = 0.7955292994920524
eval_loss = 0.9492472410202026
eval_pearson = 0.7972361568465913
eval_runtime = 6.1011
eval_samples_per_second = 245.856
eval_spearmanr = 0.7938224421375135
