eval_combined_score = 0.7523856792766888
eval_loss = 1.3726468086242676
eval_pearson = 0.7461383036584803
eval_runtime = 6.082
eval_samples_per_second = 246.628
eval_spearmanr = 0.7586330548948973
