eval_combined_score = 0.673846937472454
eval_loss = 1.525989294052124
eval_pearson = 0.6710536117248955
eval_runtime = 5.9429
eval_samples_per_second = 252.404
eval_spearmanr = 0.6766402632200126
