eval_combined_score = 0.6489773957885403
eval_loss = 1.521616816520691
eval_pearson = 0.6536117828521538
eval_runtime = 5.7447
eval_samples_per_second = 261.112
eval_spearmanr = 0.6443430087249269
