eval_combined_score = 0.7704334101812047
eval_loss = 1.4763160943984985
eval_pearson = 0.7691531301175338
eval_runtime = 5.904
eval_samples_per_second = 254.063
eval_spearmanr = 0.7717136902448757
