eval_combined_score = 0.7925303079109913
eval_loss = 0.880757749080658
eval_pearson = 0.7939780189892005
eval_runtime = 6.3526
eval_samples_per_second = 236.124
eval_spearmanr = 0.7910825968327823
