eval_combined_score = 0.8199857256444796
eval_loss = 0.8270771503448486
eval_pearson = 0.8214378800203531
eval_runtime = 5.7159
eval_samples_per_second = 262.428
eval_spearmanr = 0.8185335712686062
