eval_combined_score = 0.8289159757354028
eval_loss = 0.8180519938468933
eval_pearson = 0.8300580998122447
eval_runtime = 5.865
eval_samples_per_second = 255.756
eval_spearmanr = 0.827773851658561
