eval_combined_score = 0.7746532408092999
eval_loss = 0.9362209439277649
eval_pearson = 0.7765714883815208
eval_runtime = 6.1905
eval_samples_per_second = 242.305
eval_spearmanr = 0.7727349932370791
