eval_combined_score = 0.830234530123835
eval_loss = 0.7847982048988342
eval_pearson = 0.8318853005575931
eval_runtime = 5.7243
eval_samples_per_second = 262.042
eval_spearmanr = 0.8285837596900769
