eval_combined_score = 0.762863608986645
eval_loss = 1.0428963899612427
eval_pearson = 0.7652487685680722
eval_runtime = 5.7427
eval_samples_per_second = 261.201
eval_spearmanr = 0.7604784494052177
