eval_combined_score = 0.8042150099274886
eval_loss = 0.845993161201477
eval_pearson = 0.8036052427322796
eval_runtime = 5.7179
eval_samples_per_second = 262.335
eval_spearmanr = 0.8048247771226976
