eval_combined_score = 0.49537874775601953
eval_loss = 4.727787017822266
eval_pearson = 0.5589901708368962
eval_runtime = 5.1965
eval_samples_per_second = 288.655
eval_spearmanr = 0.4317673246751429
