eval_combined_score = 0.40009838298383815
eval_loss = 12.312987327575684
eval_pearson = 0.41008062537295514
eval_runtime = 4.9833
eval_samples_per_second = 301.006
eval_spearmanr = 0.3901161405947211
