eval_combined_score = 0.6224498482181671
eval_loss = 7.597790241241455
eval_pearson = 0.6194858294444123
eval_runtime = 4.9996
eval_samples_per_second = 300.027
eval_spearmanr = 0.6254138669919217
