eval_combined_score = -0.14850270413477273
eval_loss = 2.6293630599975586
eval_pearson = -0.17415818384734866
eval_runtime = 4.9838
eval_samples_per_second = 300.977
eval_spearmanr = -0.12284722442219681
