eval_combined_score = -0.6466075237010592
eval_loss = 2.2786686420440674
eval_pearson = -0.6419347479969199
eval_runtime = 5.0047
eval_samples_per_second = 299.72
eval_spearmanr = -0.6512802994051986
