eval_combined_score = 0.6484255036352571
eval_loss = 1.8228360414505005
eval_pearson = 0.6605864815545305
eval_runtime = 5.0143
eval_samples_per_second = 299.146
eval_spearmanr = 0.6362645257159838
