eval_combined_score = 0.10044783965158756
eval_loss = 10.797585487365723
eval_pearson = 0.2148374772055718
eval_runtime = 4.9885
eval_samples_per_second = 300.691
eval_spearmanr = -0.013941797902396703
