eval_combined_score = 0.23079397618343864
eval_loss = 2.4646968841552734
eval_pearson = 0.269894615450925
eval_runtime = 5.4133
eval_samples_per_second = 277.097
eval_spearmanr = 0.19169333691595225
