eval_combined_score = 0.33324626561888904
eval_loss = 7.458077907562256
eval_pearson = 0.3377175167007857
eval_runtime = 4.9974
eval_samples_per_second = 300.155
eval_spearmanr = 0.32877501453699237
