eval_combined_score = -0.1631294966881694
eval_loss = 2.4211182594299316
eval_pearson = -0.1835866340004101
eval_runtime = 4.984
eval_samples_per_second = 300.964
eval_spearmanr = -0.1426723593759287
