eval_combined_score = -0.19870830034956694
eval_loss = 10.553853988647461
eval_pearson = -0.19619729984441703
eval_runtime = 5.0269
eval_samples_per_second = 298.395
eval_spearmanr = -0.20121930085471687
