eval_accuracy = 0.5992779783393501
eval_loss = 0.6696731448173523
eval_runtime = 1.0713
eval_samples_per_second = 258.565
