eval_accuracy = 0.6173285198555957
eval_loss = 0.6687827110290527
eval_runtime = 1.0741
eval_samples_per_second = 257.9
