eval_accuracy = 0.5740072202166066
eval_loss = 0.6837457418441772
eval_runtime = 1.2915
eval_samples_per_second = 214.473
