eval_accuracy = 0.6209386281588448
eval_loss = 0.6682580709457397
eval_runtime = 1.0703
eval_samples_per_second = 258.804
