eval_accuracy = 0.6101083032490975
eval_loss = 0.6701513528823853
eval_runtime = 1.0739
eval_samples_per_second = 257.944
