eval_accuracy = 0.6064981949458483
eval_loss = 0.6756710410118103
eval_runtime = 1.0764
eval_samples_per_second = 257.337
