eval_accuracy = 0.6209386281588448
eval_loss = 0.669648289680481
eval_runtime = 1.0726
eval_samples_per_second = 258.246
