eval_accuracy = 0.6173285198555957
eval_loss = 0.6761883497238159
eval_runtime = 1.0806
eval_samples_per_second = 256.339
