eval_accuracy = 0.6209386281588448
eval_loss = 0.6686710715293884
eval_runtime = 1.0754
eval_samples_per_second = 257.574
