eval_accuracy = 0.6101083032490975
eval_loss = 0.6674895286560059
eval_runtime = 1.066
eval_samples_per_second = 259.844
