eval_accuracy = 0.6064981949458483
eval_loss = 0.6651368141174316
eval_runtime = 1.0683
eval_samples_per_second = 259.295
