eval_accuracy = 0.6064981949458483
eval_loss = 0.6593976020812988
eval_runtime = 1.082
eval_samples_per_second = 256.0
