eval_accuracy = 0.5956678700361011
eval_loss = 0.6767491102218628
eval_runtime = 1.0766
eval_samples_per_second = 257.298
