eval_accuracy = 0.6137184115523465
eval_loss = 0.6561805009841919
eval_runtime = 1.0762
eval_samples_per_second = 257.391
