eval_accuracy = 0.6028880866425993
eval_loss = 0.6668363213539124
eval_runtime = 1.0725
eval_samples_per_second = 258.27
