eval_accuracy = 0.5992779783393501
eval_loss = 0.6644954681396484
eval_runtime = 1.0798
eval_samples_per_second = 256.521
