eval_accuracy = 0.6101083032490975
eval_loss = 0.6668559908866882
eval_runtime = 1.0975
eval_samples_per_second = 252.381
