eval_accuracy = 0.6028880866425993
eval_loss = 0.6754559278488159
eval_runtime = 1.2906
eval_samples_per_second = 214.629
