eval_accuracy = 0.6245487364620939
eval_loss = 0.6689251661300659
eval_runtime = 1.0769
eval_samples_per_second = 257.219
