eval_accuracy = 0.6173285198555957
eval_loss = 0.6662575602531433
eval_runtime = 1.0733
eval_samples_per_second = 258.083
