eval_accuracy = 0.6173285198555957
eval_loss = 0.6679100394248962
eval_runtime = 1.1586
eval_samples_per_second = 239.077
