eval_accuracy = 0.6137184115523465
eval_loss = 0.6610029339790344
eval_runtime = 1.0677
eval_samples_per_second = 259.447
