eval_accuracy = 0.6064981949458483
eval_loss = 0.6751254796981812
eval_runtime = 1.0708
eval_samples_per_second = 258.686
