eval_accuracy = 0.628158844765343
eval_loss = 0.6688470244407654
eval_runtime = 1.0732
eval_samples_per_second = 258.116
