eval_accuracy = 0.5812274368231047
eval_loss = 0.6957406401634216
eval_runtime = 1.0743
eval_samples_per_second = 257.837
