eval_accuracy = 0.5884476534296029
eval_loss = 0.6764580607414246
eval_runtime = 1.0814
eval_samples_per_second = 256.153
