eval_accuracy = 0.592057761732852
eval_loss = 0.6713768839836121
eval_runtime = 1.068
eval_samples_per_second = 259.357
