eval_accuracy = 0.6245487364620939
eval_loss = 0.6644685864448547
eval_runtime = 1.1282
eval_samples_per_second = 245.514
