eval_accuracy = 0.6173285198555957
eval_loss = 0.6690329909324646
eval_runtime = 1.0682
eval_samples_per_second = 259.326
