eval_accuracy = 0.6173285198555957
eval_loss = 0.6648342609405518
eval_runtime = 1.0749
eval_samples_per_second = 257.693
