eval_accuracy = 0.6101083032490975
eval_loss = 0.6606990694999695
eval_runtime = 1.0715
eval_samples_per_second = 258.522
