eval_accuracy = 0.6209386281588448
eval_loss = 0.6776726841926575
eval_runtime = 1.0745
eval_samples_per_second = 257.799
