eval_accuracy = 0.5884476534296029
eval_loss = 0.6852715611457825
eval_runtime = 1.0696
eval_samples_per_second = 258.963
