eval_accuracy = 0.592057761732852
eval_loss = 0.6644204258918762
eval_runtime = 1.0685
eval_samples_per_second = 259.236
