eval_accuracy = 0.6173285198555957
eval_loss = 0.6751784086227417
eval_runtime = 1.0785
eval_samples_per_second = 256.835
