eval_accuracy = 0.6245487364620939
eval_loss = 0.6702813506126404
eval_runtime = 1.0671
eval_samples_per_second = 259.594
