eval_accuracy = 0.628158844765343
eval_loss = 0.6688923239707947
eval_runtime = 1.0771
eval_samples_per_second = 257.169
