eval_accuracy = 0.6101083032490975
eval_loss = 0.6842713952064514
eval_runtime = 1.0717
eval_samples_per_second = 258.476
