eval_accuracy = 0.5956678700361011
eval_loss = 0.6693488359451294
eval_runtime = 1.0746
eval_samples_per_second = 257.775
