eval_accuracy = 0.5956678700361011
eval_loss = 0.6703392863273621
eval_runtime = 1.0682
eval_samples_per_second = 259.317
