eval_accuracy = 0.6137184115523465
eval_loss = 0.6646038293838501
eval_runtime = 1.0745
eval_samples_per_second = 257.784
