eval_accuracy = 0.6137184115523465
eval_loss = 0.6677709817886353
eval_runtime = 1.0777
eval_samples_per_second = 257.037
