eval_accuracy = 0.6101083032490975
eval_loss = 0.6657876372337341
eval_runtime = 1.0744
eval_samples_per_second = 257.821
