eval_accuracy = 0.6028880866425993
eval_loss = 0.6623950600624084
eval_runtime = 1.0776
eval_samples_per_second = 257.054
