eval_accuracy = 0.6245487364620939
eval_loss = 0.6668308973312378
eval_runtime = 1.0712
eval_samples_per_second = 258.593
