eval_accuracy = 0.6173285198555957
eval_loss = 0.6668378114700317
eval_runtime = 1.0737
eval_samples_per_second = 257.985
