eval_accuracy = 0.6173285198555957
eval_loss = 0.6742085218429565
eval_runtime = 1.0695
eval_samples_per_second = 258.997
