eval_accuracy = 0.6028880866425993
eval_loss = 0.6683823466300964
eval_runtime = 1.0855
eval_samples_per_second = 255.182
