eval_accuracy = 0.6245487364620939
eval_loss = 0.6597101092338562
eval_runtime = 1.0703
eval_samples_per_second = 258.797
