eval_accuracy = 0.6101083032490975
eval_loss = 0.6685603857040405
eval_runtime = 1.0741
eval_samples_per_second = 257.898
