eval_accuracy = 0.628158844765343
eval_loss = 0.6654343605041504
eval_runtime = 1.0726
eval_samples_per_second = 258.245
