eval_accuracy = 0.6064981949458483
eval_loss = 0.6614347100257874
eval_runtime = 1.0677
eval_samples_per_second = 259.434
