eval_accuracy = 0.6173285198555957
eval_loss = 0.6729404330253601
eval_runtime = 1.075
eval_samples_per_second = 257.673
