eval_accuracy = 0.5992779783393501
eval_loss = 0.678108811378479
eval_runtime = 1.227
eval_samples_per_second = 225.752
