eval_accuracy = 0.6137184115523465
eval_loss = 0.660621702671051
eval_runtime = 1.0767
eval_samples_per_second = 257.271
