eval_accuracy = 0.5992779783393501
eval_loss = 0.6692450642585754
eval_runtime = 1.083
eval_samples_per_second = 255.777
