eval_accuracy = 0.6101083032490975
eval_loss = 0.6562058329582214
eval_runtime = 1.0716
eval_samples_per_second = 258.49
