eval_accuracy = 0.6245487364620939
eval_loss = 0.6675167083740234
eval_runtime = 1.0946
eval_samples_per_second = 253.052
