eval_loss = 0.4344397485256195
eval_matthews_correlation = 0.644274221106768
eval_runtime = 4.466
eval_samples_per_second = 233.541
