eval_loss = 0.43721017241477966
eval_matthews_correlation = 0.5909585115904812
eval_runtime = 4.4893
eval_samples_per_second = 232.332
