eval_loss = 0.4774124324321747
eval_matthews_correlation = 0.5982457511688614
eval_runtime = 4.7537
eval_samples_per_second = 219.407
