eval_loss = 0.4595507085323334
eval_matthews_correlation = 0.6333042035646441
eval_runtime = 4.4644
eval_samples_per_second = 233.624
