eval_loss = 0.4681522250175476
eval_matthews_correlation = 0.5780839016534659
eval_runtime = 5.2978
eval_samples_per_second = 196.873
