eval_loss = 0.41541603207588196
eval_matthews_correlation = 0.5472187281316763
eval_runtime = 5.3068
eval_samples_per_second = 196.542
