eval_loss = 0.40930885076522827
eval_matthews_correlation = 0.5812018675459495
eval_runtime = 4.4702
eval_samples_per_second = 233.324
