eval_accuracy = 0.9220183486238532
eval_loss = 0.3075982928276062
eval_runtime = 3.753
eval_samples_per_second = 232.345
