eval_accuracy = 0.9208715596330275
eval_loss = 0.2921050786972046
eval_runtime = 3.9926
eval_samples_per_second = 218.407
