eval_accuracy = 0.9357798165137615
eval_loss = 0.41891270875930786
eval_runtime = 3.8856
eval_samples_per_second = 224.42
