eval_accuracy = 0.9288990825688074
eval_loss = 0.2431037575006485
eval_runtime = 4.4955
eval_samples_per_second = 193.972
