eval_accuracy = 0.9357798165137615
eval_loss = 0.2912411391735077
eval_runtime = 3.7663
eval_samples_per_second = 231.528
