eval_accuracy = 0.9288990825688074
eval_loss = 0.29226648807525635
eval_runtime = 3.755
eval_samples_per_second = 232.226
