eval_accuracy = 0.9369266055045872
eval_loss = 0.38140344619750977
eval_runtime = 3.8016
eval_samples_per_second = 229.374
