eval_accuracy = 0.930045871559633
eval_loss = 0.4347476661205292
eval_runtime = 4.6382
eval_samples_per_second = 188.002
