eval_accuracy = 0.9346330275229358
eval_loss = 0.3215697109699249
eval_runtime = 3.7996
eval_samples_per_second = 229.496
