eval_accuracy = 0.9311926605504587
eval_loss = 0.42008647322654724
eval_runtime = 4.4838
eval_samples_per_second = 194.476
