eval_accuracy = 0.9357798165137615
eval_loss = 0.3561150133609772
eval_runtime = 3.7621
eval_samples_per_second = 231.784
