eval_accuracy = 0.9357798165137615
eval_loss = 0.40200307965278625
eval_runtime = 3.7828
eval_samples_per_second = 230.515
