eval_accuracy = 0.9369266055045872
eval_loss = 0.2766418159008026
eval_runtime = 3.8239
eval_samples_per_second = 228.041
