eval_accuracy = 0.9346330275229358
eval_loss = 0.2824513912200928
eval_runtime = 3.7543
eval_samples_per_second = 232.267
