eval_accuracy = 0.9334862385321101
eval_loss = 0.2907242774963379
eval_runtime = 4.9316
eval_samples_per_second = 176.818
