eval_accuracy = 0.926605504587156
eval_loss = 0.412973552942276
eval_runtime = 3.8769
eval_samples_per_second = 224.92
