eval_accuracy = 0.908256880733945
eval_loss = 0.3576556146144867
eval_runtime = 4.565
eval_samples_per_second = 191.018
