eval_accuracy = 0.9369266055045872
eval_loss = 0.3504346013069153
eval_runtime = 4.541
eval_samples_per_second = 192.028
