eval_accuracy = 0.9334862385321101
eval_loss = 0.3418191969394684
eval_runtime = 3.7727
eval_samples_per_second = 231.136
