eval_accuracy = 0.9323394495412844
eval_loss = 0.37349265813827515
eval_runtime = 4.1383
eval_samples_per_second = 210.715
