eval_accuracy = 0.930045871559633
eval_loss = 0.31476256251335144
eval_runtime = 4.7305
eval_samples_per_second = 184.334
