eval_accuracy = 0.9197247706422018
eval_loss = 0.3639156222343445
eval_runtime = 4.8204
eval_samples_per_second = 180.898
