eval_accuracy = 0.9334862385321101
eval_loss = 0.3710523843765259
eval_runtime = 3.8124
eval_samples_per_second = 228.724
