eval_accuracy = 0.9323394495412844
eval_loss = 0.31798338890075684
eval_runtime = 4.3906
eval_samples_per_second = 198.607
