eval_accuracy = 0.9346330275229358
eval_loss = 0.26834574341773987
eval_runtime = 3.7958
eval_samples_per_second = 229.729
