eval_accuracy = 0.9334862385321101
eval_loss = 0.34022438526153564
eval_runtime = 3.8709
eval_samples_per_second = 225.271
