eval_loss = 0.7894259095191956
eval_matthews_correlation = 0.6159937744560633
eval_runtime = 4.6537
eval_samples_per_second = 224.123
