eval_loss = 0.9221243858337402
eval_matthews_correlation = 0.6131862438295606
eval_runtime = 4.6968
eval_samples_per_second = 222.067
