eval_loss = 0.7742894291877747
eval_matthews_correlation = 0.6292829640607693
eval_runtime = 4.6056
eval_samples_per_second = 226.461
