eval_loss = 0.9609326720237732
eval_matthews_correlation = 0.6158197390467447
eval_runtime = 4.5161
eval_samples_per_second = 230.954
