eval_loss = 0.6928523778915405
eval_matthews_correlation = 0.6140703697239589
eval_runtime = 4.5792
eval_samples_per_second = 227.767
