eval_loss = 0.7947332262992859
eval_matthews_correlation = 0.6287714546565786
eval_runtime = 4.9942
eval_samples_per_second = 208.842
