eval_loss = 0.8278521299362183
eval_matthews_correlation = 0.6184055684120958
eval_runtime = 4.4877
eval_samples_per_second = 232.411
