eval_loss = 0.8568790555000305
eval_matthews_correlation = 0.6157593279004692
eval_runtime = 4.5547
eval_samples_per_second = 228.993
