eval_loss = 0.7161174416542053
eval_matthews_correlation = 0.6281837209965507
eval_runtime = 4.5375
eval_samples_per_second = 229.864
