eval_loss = 0.7051368951797485
eval_matthews_correlation = 0.6358868443209523
eval_runtime = 4.5882
eval_samples_per_second = 227.324
