eval_loss = 0.8447806239128113
eval_matthews_correlation = 0.6159937744560633
eval_runtime = 4.583
eval_samples_per_second = 227.578
