eval_loss = 0.44116586446762085
eval_matthews_correlation = 0.5626727648075698
eval_runtime = 4.5424
eval_samples_per_second = 229.616
