eval_loss = 0.42849600315093994
eval_matthews_correlation = 0.5682065493651185
eval_runtime = 4.5394
eval_samples_per_second = 229.764
