eval_loss = 0.9561972618103027
eval_matthews_correlation = 0.6107419227947289
eval_runtime = 4.5374
eval_samples_per_second = 229.869
