eval_loss = 0.7751066088676453
eval_matthews_correlation = 0.62069223130672
eval_runtime = 4.6997
eval_samples_per_second = 221.93
