eval_loss = 0.4463160037994385
eval_matthews_correlation = 0.5341602366353293
eval_runtime = 4.6487
eval_samples_per_second = 224.366
