eval_loss = 0.7971038222312927
eval_matthews_correlation = 0.6324452383009407
eval_runtime = 4.5556
eval_samples_per_second = 228.95
