eval_loss = 0.6172254085540771
eval_matthews_correlation = 0.6159937744560633
eval_runtime = 4.5237
eval_samples_per_second = 230.561
