eval_loss = 0.8679201602935791
eval_matthews_correlation = 0.6156883886202732
eval_runtime = 4.5806
eval_samples_per_second = 227.698
