eval_loss = 0.698981761932373
eval_matthews_correlation = 0.6310085291219908
eval_runtime = 4.4754
eval_samples_per_second = 233.053
