eval_loss = 0.6408445835113525
eval_matthews_correlation = 0.630639817686462
eval_runtime = 4.5879
eval_samples_per_second = 227.339
