eval_loss = 0.6165262460708618
eval_matthews_correlation = 0.6281837209965507
eval_runtime = 4.5417
eval_samples_per_second = 229.649
