eval_loss = 0.38396143913269043
eval_matthews_correlation = 0.6206499022674911
eval_runtime = 4.5026
eval_samples_per_second = 231.645
