eval_loss = 0.6008316874504089
eval_matthews_correlation = 0.6356176940747067
eval_runtime = 4.6342
eval_samples_per_second = 225.064
