eval_loss = 0.6392211318016052
eval_matthews_correlation = 0.6231873551222902
eval_runtime = 4.7732
eval_samples_per_second = 218.513
