eval_loss = 0.9496670961380005
eval_matthews_correlation = 0.60819133045274
eval_runtime = 4.5356
eval_samples_per_second = 229.958
