eval_loss = 0.539391279220581
eval_matthews_correlation = 0.6231769752814784
eval_runtime = 4.6549
eval_samples_per_second = 224.064
