eval_loss = 0.7952011227607727
eval_matthews_correlation = 0.6182318665058879
eval_runtime = 4.8787
eval_samples_per_second = 213.787
