eval_loss = 0.6648080348968506
eval_matthews_correlation = 0.6306559696899426
eval_runtime = 4.4749
eval_samples_per_second = 233.078
