eval_loss = 0.42239442467689514
eval_matthews_correlation = 0.5959186748524787
eval_runtime = 4.5356
eval_samples_per_second = 229.957
