eval_loss = 0.6249301433563232
eval_matthews_correlation = 0.635601379904342
eval_runtime = 4.5607
eval_samples_per_second = 228.693
