eval_loss = 0.9357739090919495
eval_matthews_correlation = 0.6158197390467447
eval_runtime = 4.6366
eval_samples_per_second = 224.948
