eval_loss = 0.6895521283149719
eval_matthews_correlation = 0.6285125993469022
eval_runtime = 4.5504
eval_samples_per_second = 229.213
