eval_loss = 0.8427151441574097
eval_matthews_correlation = 0.6257597716930143
eval_runtime = 4.5935
eval_samples_per_second = 227.062
