eval_loss = 0.6800364851951599
eval_matthews_correlation = 0.6282019580480633
eval_runtime = 4.521
eval_samples_per_second = 230.702
