eval_loss = 0.7238174080848694
eval_matthews_correlation = 0.5993174841218436
eval_runtime = 4.8169
eval_samples_per_second = 216.529
