eval_loss = 0.9514713883399963
eval_matthews_correlation = 0.6134818519595254
eval_runtime = 4.4943
eval_samples_per_second = 232.072
