eval_loss = 0.8934122323989868
eval_matthews_correlation = 0.6162367490845745
eval_runtime = 4.4945
eval_samples_per_second = 232.064
