eval_loss = 0.9467043876647949
eval_matthews_correlation = 0.6132520976952389
eval_runtime = 4.5502
eval_samples_per_second = 229.223
