eval_loss = 0.9530068635940552
eval_matthews_correlation = 0.6134818519595254
eval_runtime = 4.5144
eval_samples_per_second = 231.038
