eval_loss = 0.4388695955276489
eval_matthews_correlation = 0.557289393094284
eval_runtime = 4.4417
eval_samples_per_second = 234.821
