eval_loss = 0.5022866725921631
eval_matthews_correlation = 0.5502911396062787
eval_runtime = 4.5366
eval_samples_per_second = 229.91
