eval_loss = 0.4232940375804901
eval_matthews_correlation = 0.6331424562921508
eval_runtime = 4.5059
eval_samples_per_second = 231.473
