eval_loss = 0.7994084358215332
eval_matthews_correlation = 0.633394441462457
eval_runtime = 4.4455
eval_samples_per_second = 234.622
