eval_loss = 0.7382296323776245
eval_matthews_correlation = 0.6580702636158169
eval_runtime = 4.3663
eval_samples_per_second = 238.875
