eval_loss = 0.7538846135139465
eval_matthews_correlation = 0.6374564262486978
eval_runtime = 5.1915
eval_samples_per_second = 200.904
