eval_loss = 0.5267614126205444
eval_matthews_correlation = 0.6413775224211802
eval_runtime = 4.3989
eval_samples_per_second = 237.103
