eval_loss = 0.8710682392120361
eval_matthews_correlation = 0.6386095679193793
eval_runtime = 4.4579
eval_samples_per_second = 233.968
