eval_loss = 0.3851352334022522
eval_matthews_correlation = 0.6365971662319485
eval_runtime = 4.389
eval_samples_per_second = 237.639
