eval_loss = 0.4764617681503296
eval_matthews_correlation = 0.6135845059453029
eval_runtime = 4.7309
eval_samples_per_second = 220.465
