eval_loss = 0.8810327649116516
eval_matthews_correlation = 0.6434514580893359
eval_runtime = 4.5966
eval_samples_per_second = 226.909
