eval_loss = 0.7159485816955566
eval_matthews_correlation = 0.6499478035882463
eval_runtime = 4.4086
eval_samples_per_second = 236.581
