eval_loss = 0.8403381109237671
eval_matthews_correlation = 0.6460667902933644
eval_runtime = 4.6026
eval_samples_per_second = 226.609
