eval_loss = 0.6389637589454651
eval_matthews_correlation = 0.6361192032001732
eval_runtime = 4.4204
eval_samples_per_second = 235.952
