eval_loss = 0.8827031254768372
eval_matthews_correlation = 0.6384814558737449
eval_runtime = 4.3908
eval_samples_per_second = 237.542
