eval_loss = 0.5511808395385742
eval_matthews_correlation = 0.33425601526444076
eval_runtime = 4.4134
eval_samples_per_second = 236.324
