eval_loss = 0.6091475486755371
eval_matthews_correlation = 0.6480399678091215
eval_runtime = 4.4103
eval_samples_per_second = 236.489
