eval_loss = 0.8403002023696899
eval_matthews_correlation = 0.6386095679193793
eval_runtime = 5.285
eval_samples_per_second = 197.351
