eval_loss = 0.8005044460296631
eval_matthews_correlation = 0.6513518849008124
eval_runtime = 4.9001
eval_samples_per_second = 212.853
