eval_loss = 0.5751339197158813
eval_matthews_correlation = 0.6206942584175241
eval_runtime = 4.3828
eval_samples_per_second = 237.978
