eval_loss = 0.43706274032592773
eval_matthews_correlation = 0.605723479357827
eval_runtime = 4.92
eval_samples_per_second = 211.994
