eval_loss = 0.6282735466957092
eval_matthews_correlation = 0.630639817686462
eval_runtime = 4.9912
eval_samples_per_second = 208.966
