eval_loss = 0.5697059035301208
eval_matthews_correlation = 0.6311312807330612
eval_runtime = 5.1401
eval_samples_per_second = 202.914
