eval_loss = 0.5967241525650024
eval_matthews_correlation = 0.645933003227042
eval_runtime = 4.6976
eval_samples_per_second = 222.028
