eval_loss = 0.4114348888397217
eval_matthews_correlation = 0.5785503670404233
eval_runtime = 4.4279
eval_samples_per_second = 235.554
