eval_loss = 0.558378279209137
eval_matthews_correlation = 0.06558874629318973
eval_runtime = 4.4057
eval_samples_per_second = 236.737
