eval_loss = 0.579258143901825
eval_matthews_correlation = 0.6481914570909114
eval_runtime = 4.5854
eval_samples_per_second = 227.461
