eval_loss = 0.7728073596954346
eval_matthews_correlation = 0.651538408295235
eval_runtime = 4.7694
eval_samples_per_second = 218.685
