eval_loss = 0.7689321637153625
eval_matthews_correlation = 0.6260141184396594
eval_runtime = 4.3646
eval_samples_per_second = 238.969
