eval_loss = 0.38780930638313293
eval_matthews_correlation = 0.6389040957294235
eval_runtime = 4.368
eval_samples_per_second = 238.783
