eval_loss = 0.4460518956184387
eval_matthews_correlation = 0.5829211024374039
eval_runtime = 4.4148
eval_samples_per_second = 236.253
