eval_loss = 0.7591121792793274
eval_matthews_correlation = 0.6410975923809392
eval_runtime = 4.3522
eval_samples_per_second = 239.65
