eval_loss = 0.8826014995574951
eval_matthews_correlation = 0.6384814558737449
eval_runtime = 4.3408
eval_samples_per_second = 240.28
