eval_combined_score = 0.5766239075942692
eval_loss = 6.855121612548828
eval_pearson = 0.5734896464079642
eval_runtime = 6.8647
eval_samples_per_second = 218.508
eval_spearmanr = 0.5797581687805741
