eval_combined_score = 0.7132034248466443
eval_loss = 2.0408082008361816
eval_pearson = 0.7123589803317429
eval_runtime = 6.5481
eval_samples_per_second = 229.073
eval_spearmanr = 0.7140478693615459
