eval_combined_score = 0.8727992291622493
eval_loss = 0.934077799320221
eval_pearson = 0.8642904380964247
eval_runtime = 6.2039
eval_samples_per_second = 241.782
eval_spearmanr = 0.881308020228074
