eval_combined_score = 0.8539319141243352
eval_loss = 0.6311266422271729
eval_pearson = 0.8516263341965463
eval_runtime = 7.7717
eval_samples_per_second = 193.009
eval_spearmanr = 0.8562374940521241
