eval_combined_score = 0.8934988416237588
eval_loss = 0.6131473183631897
eval_pearson = 0.8934004214533452
eval_runtime = 6.7018
eval_samples_per_second = 223.821
eval_spearmanr = 0.8935972617941724
