eval_combined_score = 0.8556132415099802
eval_loss = 0.9585139751434326
eval_pearson = 0.8459402158273102
eval_runtime = 6.8518
eval_samples_per_second = 218.921
eval_spearmanr = 0.8652862671926503
