eval_combined_score = 0.8621963687162577
eval_loss = 1.5034514665603638
eval_pearson = 0.8486078526837045
eval_runtime = 6.6645
eval_samples_per_second = 225.074
eval_spearmanr = 0.8757848847488108
