eval_combined_score = 0.8914667008699741
eval_loss = 0.666163980960846
eval_pearson = 0.8873256012871046
eval_runtime = 6.3637
eval_samples_per_second = 235.711
eval_spearmanr = 0.8956078004528436
