eval_combined_score = 0.888037405080067
eval_loss = 0.6127475500106812
eval_pearson = 0.8859125614096042
eval_runtime = 6.5297
eval_samples_per_second = 229.72
eval_spearmanr = 0.89016224875053
