eval_combined_score = 0.7797356230078427
eval_loss = 2.637633800506592
eval_pearson = 0.752405066992293
eval_runtime = 6.3765
eval_samples_per_second = 235.238
eval_spearmanr = 0.8070661790233925
