eval_combined_score = 0.8859788036874596
eval_loss = 0.4998807907104492
eval_pearson = 0.8861275484429689
eval_runtime = 7.0863
eval_samples_per_second = 211.675
eval_spearmanr = 0.8858300589319503
