eval_combined_score = 0.8877228332905616
eval_loss = 0.5747311115264893
eval_pearson = 0.8854629072781446
eval_runtime = 6.4655
eval_samples_per_second = 232.001
eval_spearmanr = 0.8899827593029787
