eval_combined_score = 0.8918887323278638
eval_loss = 0.5346753597259521
eval_pearson = 0.8904493400577267
eval_runtime = 6.4247
eval_samples_per_second = 233.475
eval_spearmanr = 0.8933281245980009
