eval_combined_score = 0.8768136598030909
eval_loss = 0.7681655287742615
eval_pearson = 0.8763360210077298
eval_runtime = 6.5828
eval_samples_per_second = 227.868
eval_spearmanr = 0.8772912985984519
