eval_combined_score = 0.6788527294098122
eval_loss = 2.7699010372161865
eval_pearson = 0.6749101305709646
eval_runtime = 7.7282
eval_samples_per_second = 194.095
eval_spearmanr = 0.6827953282486598
