eval_combined_score = 0.8427011363798604
eval_loss = 0.7166919112205505
eval_pearson = 0.8373072878783102
eval_runtime = 7.9359
eval_samples_per_second = 189.014
eval_spearmanr = 0.8480949848814106
