eval_combined_score = 0.8893172764548498
eval_loss = 0.5395792722702026
eval_pearson = 0.8883016794864114
eval_runtime = 6.4183
eval_samples_per_second = 233.705
eval_spearmanr = 0.8903328734232884
