eval_combined_score = 0.8939541541217051
eval_loss = 0.5168628096580505
eval_pearson = 0.8924797355785177
eval_runtime = 6.2521
eval_samples_per_second = 239.918
eval_spearmanr = 0.8954285726648926
