eval_combined_score = 0.816445905268121
eval_loss = 1.6409438848495483
eval_pearson = 0.7920234747637093
eval_runtime = 7.6867
eval_samples_per_second = 195.143
eval_spearmanr = 0.8408683357725326
