eval_combined_score = 0.8821666407180954
eval_loss = 0.7111510634422302
eval_pearson = 0.8773601950260496
eval_runtime = 6.5425
eval_samples_per_second = 229.269
eval_spearmanr = 0.8869730864101412
