eval_combined_score = 0.8932966379438869
eval_loss = 0.4529552757740021
eval_pearson = 0.8940365308249832
eval_runtime = 7.6451
eval_samples_per_second = 196.204
eval_spearmanr = 0.8925567450627907
