eval_combined_score = 0.8486421166457992
eval_loss = 0.9089570045471191
eval_pearson = 0.8438177358112273
eval_runtime = 6.5939
eval_samples_per_second = 227.483
eval_spearmanr = 0.8534664974803712
