eval_combined_score = 0.885799702512978
eval_loss = 0.7591155767440796
eval_pearson = 0.8818728238354842
eval_runtime = 6.6394
eval_samples_per_second = 225.924
eval_spearmanr = 0.8897265811904719
