eval_combined_score = 0.8538962027343423
eval_loss = 1.1259207725524902
eval_pearson = 0.8391701751227235
eval_runtime = 6.5226
eval_samples_per_second = 229.968
eval_spearmanr = 0.8686222303459611
