eval_combined_score = 0.8566858255719487
eval_loss = 0.6210232377052307
eval_pearson = 0.8576676058580145
eval_runtime = 6.4793
eval_samples_per_second = 231.507
eval_spearmanr = 0.8557040452858831
