eval_combined_score = 0.8788335767084716
eval_loss = 0.5737285017967224
eval_pearson = 0.8798469416425649
eval_runtime = 6.5357
eval_samples_per_second = 229.51
eval_spearmanr = 0.8778202117743784
