eval_combined_score = 0.8853990102642288
eval_loss = 0.514904797077179
eval_pearson = 0.8847332977337046
eval_runtime = 6.4897
eval_samples_per_second = 231.134
eval_spearmanr = 0.8860647227947532
