eval_combined_score = 0.7985539048841518
eval_loss = 1.4436790943145752
eval_pearson = 0.7871503885386807
eval_runtime = 6.5132
eval_samples_per_second = 230.3
eval_spearmanr = 0.8099574212296229
