eval_combined_score = 0.8950138221526198
eval_loss = 0.48742151260375977
eval_pearson = 0.8943317618475702
eval_runtime = 6.485
eval_samples_per_second = 231.302
eval_spearmanr = 0.8956958824576693
