eval_combined_score = 0.8721458297482494
eval_loss = 0.9066594839096069
eval_pearson = 0.8614080047305057
eval_runtime = 6.5853
eval_samples_per_second = 227.78
eval_spearmanr = 0.882883654765993
