eval_combined_score = 0.8899098914623069
eval_loss = 0.5751467347145081
eval_pearson = 0.8864054946616932
eval_runtime = 6.5485
eval_samples_per_second = 229.061
eval_spearmanr = 0.8934142882629206
