eval_combined_score = 0.8937414555144538
eval_loss = 0.6404324173927307
eval_pearson = 0.8933703552852775
eval_runtime = 6.5103
eval_samples_per_second = 230.404
eval_spearmanr = 0.8941125557436302
