eval_combined_score = 0.8689844302664188
eval_loss = 0.6422278881072998
eval_pearson = 0.8673232444506779
eval_runtime = 6.4708
eval_samples_per_second = 231.811
eval_spearmanr = 0.8706456160821597
