eval_combined_score = 0.89372598488433
eval_loss = 0.5319632291793823
eval_pearson = 0.8919815572172791
eval_runtime = 6.4925
eval_samples_per_second = 231.034
eval_spearmanr = 0.8954704125513809
