eval_combined_score = 0.7833851732318613
eval_loss = 1.4724820852279663
eval_pearson = 0.7744627167581513
eval_runtime = 6.462
eval_samples_per_second = 232.126
eval_spearmanr = 0.7923076297055712
