eval_combined_score = 0.8427130109469785
eval_loss = 0.6500105857849121
eval_pearson = 0.8434702672224852
eval_runtime = 6.5092
eval_samples_per_second = 230.441
eval_spearmanr = 0.8419557546714717
