eval_combined_score = 0.8298489743259974
eval_loss = 1.635499358177185
eval_pearson = 0.8104620501728539
eval_runtime = 6.5075
eval_samples_per_second = 230.504
eval_spearmanr = 0.8492358984791409
