eval_accuracy = 0.9229361156873512
eval_loss = 0.2225189357995987
eval_runtime = 27.4877
eval_samples_per_second = 198.743
