eval_accuracy = 0.9370309353834889
eval_loss = 0.2453787624835968
eval_runtime = 28.6181
eval_samples_per_second = 190.893
