eval_accuracy = 0.8993227164561596
eval_loss = 0.30601710081100464
eval_runtime = 24.0023
eval_samples_per_second = 227.604
