eval_accuracy = 0.9375800842028189
eval_loss = 0.21855497360229492
eval_runtime = 25.0071
eval_samples_per_second = 218.458
