eval_accuracy = 0.9395936298736958
eval_loss = 0.24365843832492828
eval_runtime = 23.8619
eval_samples_per_second = 228.943
