eval_accuracy = 0.9322716456159619
eval_loss = 0.2353208214044571
eval_runtime = 23.6874
eval_samples_per_second = 230.629
