eval_accuracy = 0.938129233022149
eval_loss = 0.24016010761260986
eval_runtime = 28.57
eval_samples_per_second = 191.214
