eval_accuracy = 0.9377631338092624
eval_loss = 0.23373790085315704
eval_runtime = 27.5453
eval_samples_per_second = 198.328
