eval_accuracy = 0.9040820062236866
eval_loss = 0.2543330192565918
eval_runtime = 27.6207
eval_samples_per_second = 197.786
