eval_accuracy = 0.9370309353834889
eval_loss = 0.24251770973205566
eval_runtime = 23.9309
eval_samples_per_second = 228.283
