eval_accuracy = 0.932820794435292
eval_loss = 0.23991207778453827
eval_runtime = 23.5818
eval_samples_per_second = 231.662
