eval_accuracy = 0.9353834889254988
eval_loss = 0.23059479892253876
eval_runtime = 23.8449
eval_samples_per_second = 229.106
