eval_accuracy = 0.9335529928610653
eval_loss = 0.20451967418193817
eval_runtime = 24.2933
eval_samples_per_second = 224.877
