eval_accuracy = 0.8773567636829581
eval_loss = 0.37264519929885864
eval_runtime = 23.2927
eval_samples_per_second = 234.537
