eval_accuracy = 0.7958996888156691
eval_loss = 0.6369122862815857
eval_runtime = 23.474
eval_samples_per_second = 232.725
