eval_accuracy = 0.933369943254622
eval_loss = 0.19101592898368835
eval_runtime = 23.6846
eval_samples_per_second = 230.656
