eval_accuracy = 0.923851363719568
eval_loss = 0.2297465205192566
eval_runtime = 27.4353
eval_samples_per_second = 199.123
