eval_accuracy = 0.9214717188358045
eval_loss = 0.27397435903549194
eval_runtime = 28.3474
eval_samples_per_second = 192.716
