eval_accuracy = 0.924400512538898
eval_loss = 0.21861691772937775
eval_runtime = 27.73
eval_samples_per_second = 197.007
