eval_accuracy = 0.9154310818231741
eval_loss = 0.302323579788208
eval_runtime = 24.2439
eval_samples_per_second = 225.335
