epoch = 5.61
eval_accuracy = 0.9145683898095474
eval_combined_score = 0.9006092145949811
eval_f1 = 0.8866500393804148
eval_loss = 0.5571722388267517
eval_runtime = 175.4925
eval_samples_per_second = 230.38
