epoch = 0.97
eval_accuracy = 0.889215928765768
eval_combined_score = 0.8733566519842966
eval_f1 = 0.8574973752028252
eval_loss = 0.29384714365005493
eval_runtime = 181.6355
eval_samples_per_second = 222.589
