epoch = 6.0
eval_accuracy = 0.9152856789512738
eval_combined_score = 0.9010481073298291
eval_f1 = 0.8868105357083843
eval_loss = 0.6071588397026062
eval_runtime = 184.0516
eval_samples_per_second = 219.667
