epoch = 1.14
eval_accuracy = 0.8990353697749196
eval_combined_score = 0.8816472406203675
eval_f1 = 0.8642591114658154
eval_loss = 0.292135626077652
eval_runtime = 181.9212
eval_samples_per_second = 222.239
