epoch = 6.99
eval_accuracy = 0.916176106851348
eval_combined_score = 0.9018316210363111
eval_f1 = 0.8874871352212742
eval_loss = 0.608863890171051
eval_runtime = 181.0637
eval_samples_per_second = 223.292
