epoch = 3.45
eval_accuracy = 0.9105861983675488
eval_combined_score = 0.894131795762802
eval_f1 = 0.8776773931580552
eval_loss = 0.45094966888427734
eval_runtime = 192.4002
eval_samples_per_second = 210.135
