epoch = 0.07
eval_accuracy = 0.8426168686618848
eval_combined_score = 0.8217652410641485
eval_f1 = 0.8009136134664122
eval_loss = 0.34849366545677185
eval_runtime = 183.2655
eval_samples_per_second = 220.609
