epoch = 5.78
eval_accuracy = 0.914988869651249
eval_combined_score = 0.9001518474853729
eval_f1 = 0.8853148253194968
eval_loss = 0.5092569589614868
eval_runtime = 171.4154
eval_samples_per_second = 235.86
