epoch = 5.1
eval_accuracy = 0.9138511006678209
eval_combined_score = 0.8995884417177052
eval_f1 = 0.8853257827675896
eval_loss = 0.5741793513298035
eval_runtime = 184.4723
eval_samples_per_second = 219.166
