epoch = 2.53
eval_accuracy = 0.908088053425674
eval_combined_score = 0.8912907167965982
eval_f1 = 0.8744933801675223
eval_loss = 0.35329174995422363
eval_runtime = 187.0942
eval_samples_per_second = 216.094
