epoch = 4.13
eval_accuracy = 0.9124659906010388
eval_combined_score = 0.8968079356907535
eval_f1 = 0.8811498807804681
eval_loss = 0.4935155510902405
eval_runtime = 178.2488
eval_samples_per_second = 226.818
