epoch = 4.07
eval_accuracy = 0.9110561464259214
eval_combined_score = 0.8963327087565176
eval_f1 = 0.881609271087114
eval_loss = 0.4864179790019989
eval_runtime = 180.9212
eval_samples_per_second = 223.467
