epoch = 5.63
eval_accuracy = 0.9149146673262429
eval_combined_score = 0.9008150363569237
eval_f1 = 0.8867154053876045
eval_loss = 0.5519575476646423
eval_runtime = 176.4147
eval_samples_per_second = 229.176
