epoch = 3.58
eval_accuracy = 0.9116250309176355
eval_combined_score = 0.8964623277574124
eval_f1 = 0.8812996245971895
eval_loss = 0.42004743218421936
eval_runtime = 190.8552
eval_samples_per_second = 211.836
