epoch = 1.39
eval_accuracy = 0.9013356418501113
eval_combined_score = 0.884244268788645
eval_f1 = 0.8671528957271788
eval_loss = 0.26812925934791565
eval_runtime = 183.3044
eval_samples_per_second = 220.562
