epoch = 4.35
eval_accuracy = 0.9115260944842939
eval_combined_score = 0.8962594374341155
eval_f1 = 0.8809927803839372
eval_loss = 0.4957599937915802
eval_runtime = 184.5567
eval_samples_per_second = 219.065
