epoch = 5.12
eval_accuracy = 0.9137521642344794
eval_combined_score = 0.8985279679309675
eval_f1 = 0.8833037716274555
eval_loss = 0.5115960240364075
eval_runtime = 184.6271
eval_samples_per_second = 218.982
