epoch = 1.08
eval_accuracy = 0.9004204798417017
eval_combined_score = 0.8840149094374572
eval_f1 = 0.8676093390332128
eval_loss = 0.2760539650917053
eval_runtime = 182.811
eval_samples_per_second = 221.157
