epoch = 2.4
eval_accuracy = 0.9084095968340341
eval_combined_score = 0.89349788999379
eval_f1 = 0.8785861831535459
eval_loss = 0.37286466360092163
eval_runtime = 185.721
eval_samples_per_second = 217.692
