epoch = 4.24
eval_accuracy = 0.911723967350977
eval_combined_score = 0.8971400777226767
eval_f1 = 0.8825561880943763
eval_loss = 0.48513200879096985
eval_runtime = 183.7289
eval_samples_per_second = 220.052
