epoch = 5.74
eval_accuracy = 0.9157803611179817
eval_combined_score = 0.9012289498204812
eval_f1 = 0.8866775385229807
eval_loss = 0.5641580820083618
eval_runtime = 174.7295
eval_samples_per_second = 231.386
