epoch = 1.3
eval_accuracy = 0.9013109077417759
eval_combined_score = 0.8855572355063379
eval_f1 = 0.8698035632709
eval_loss = 0.27721330523490906
eval_runtime = 185.3012
eval_samples_per_second = 218.185
