epoch = 1.06
eval_accuracy = 0.898936433341578
eval_combined_score = 0.8832273762583644
eval_f1 = 0.8675183191751509
eval_loss = 0.27192428708076477
eval_runtime = 183.0719
eval_samples_per_second = 220.842
