epoch = 6.86
eval_accuracy = 0.9158050952263171
eval_combined_score = 0.9013614539981163
eval_f1 = 0.8869178127699155
eval_loss = 0.6117516756057739
eval_runtime = 183.4025
eval_samples_per_second = 220.444
