epoch = 3.56
eval_accuracy = 0.9117981696759832
eval_combined_score = 0.8955361625006635
eval_f1 = 0.8792741553253437
eval_loss = 0.4625619351863861
eval_runtime = 199.7023
eval_samples_per_second = 202.451
