epoch = 6.33
eval_accuracy = 0.9153846153846154
eval_combined_score = 0.9005937998310398
eval_f1 = 0.8858029842774644
eval_loss = 0.6330576539039612
eval_runtime = 183.5336
eval_samples_per_second = 220.287
