epoch = 2.59
eval_accuracy = 0.9110808805342567
eval_combined_score = 0.8965654082778899
eval_f1 = 0.882049936021523
eval_loss = 0.31725260615348816
eval_runtime = 186.2738
eval_samples_per_second = 217.046
