epoch = 6.07
eval_accuracy = 0.9160771704180064
eval_combined_score = 0.9014074138634078
eval_f1 = 0.8867376573088094
eval_loss = 0.6230106353759766
eval_runtime = 184.1085
eval_samples_per_second = 219.599
