epoch = 5.08
eval_accuracy = 0.9146425921345536
eval_combined_score = 0.8995446344232119
eval_f1 = 0.8844466767118702
eval_loss = 0.5528020858764648
eval_runtime = 187.0798
eval_samples_per_second = 216.111
