epoch = 3.5
eval_accuracy = 0.9094484293841207
eval_combined_score = 0.894551965259103
eval_f1 = 0.8796555011340851
eval_loss = 0.4163573980331421
eval_runtime = 187.0638
eval_samples_per_second = 216.129
