epoch = 6.27
eval_accuracy = 0.9154588177096216
eval_combined_score = 0.9009293556774643
eval_f1 = 0.8863998936453071
eval_loss = 0.6135003566741943
eval_runtime = 184.2288
eval_samples_per_second = 219.455
