epoch = 2.77
eval_accuracy = 0.9092010883007667
eval_combined_score = 0.8929797028437731
eval_f1 = 0.8767583173867795
eval_loss = 0.3115762770175934
eval_runtime = 195.1707
eval_samples_per_second = 207.152
