epoch = 1.96
eval_accuracy = 0.9037843185753154
eval_combined_score = 0.8890488636495317
eval_f1 = 0.8743134087237481
eval_loss = 0.328834593296051
eval_runtime = 182.6199
eval_samples_per_second = 221.389
