epoch = 1.1
eval_accuracy = 0.8964382883997032
eval_combined_score = 0.8811133327436218
eval_f1 = 0.8657883770875405
eval_loss = 0.30837008357048035
eval_runtime = 181.2264
eval_samples_per_second = 223.091
