epoch = 2.51
eval_accuracy = 0.9075439030422954
eval_combined_score = 0.8925494672444181
eval_f1 = 0.8775550314465408
eval_loss = 0.3633103370666504
eval_runtime = 186.087
eval_samples_per_second = 217.264
