epoch = 5.21
eval_accuracy = 0.9139747712094979
eval_combined_score = 0.898344369485507
eval_f1 = 0.8827139677615161
eval_loss = 0.5673450827598572
eval_runtime = 183.7137
eval_samples_per_second = 220.071
