epoch = 0.4
eval_accuracy = 0.8755379668562948
eval_combined_score = 0.8511417970901775
eval_f1 = 0.8267456273240601
eval_loss = 0.3003773093223572
eval_runtime = 182.7139
eval_samples_per_second = 221.275
