epoch = 3.43
eval_accuracy = 0.9093989611674499
eval_combined_score = 0.8931385246494706
eval_f1 = 0.8768780881314914
eval_loss = 0.480176717042923
eval_runtime = 185.4102
eval_samples_per_second = 218.057
