epoch = 1.71
eval_accuracy = 0.9061340588671778
eval_combined_score = 0.8909292948820613
eval_f1 = 0.8757245308969447
eval_loss = 0.2713559567928314
eval_runtime = 182.154
eval_samples_per_second = 221.955
