epoch = 3.47
eval_accuracy = 0.9107593371258966
eval_combined_score = 0.8945857075196108
eval_f1 = 0.8784120779133249
eval_loss = 0.3768300414085388
eval_runtime = 182.1277
eval_samples_per_second = 221.987
