epoch = 5.01
eval_accuracy = 0.9142715805095226
eval_combined_score = 0.9003049382838817
eval_f1 = 0.8863382960582409
eval_loss = 0.5805791616439819
eval_runtime = 186.5728
eval_samples_per_second = 216.698
