epoch = 4.31
eval_accuracy = 0.911723967350977
eval_combined_score = 0.8969345326303477
eval_f1 = 0.8821450979097183
eval_loss = 0.4300003945827484
eval_runtime = 181.8599
eval_samples_per_second = 222.314
