epoch = 1.8
eval_accuracy = 0.9069008162255751
eval_combined_score = 0.8913750733281711
eval_f1 = 0.8758493304307672
eval_loss = 0.2662101089954376
eval_runtime = 186.849
eval_samples_per_second = 216.378
