epoch = 5.36
eval_accuracy = 0.9147662626762305
eval_combined_score = 0.8997846824513064
eval_f1 = 0.8848031022263823
eval_loss = 0.49750813841819763
eval_runtime = 175.843
eval_samples_per_second = 229.921
