epoch = 4.02
eval_accuracy = 0.9140737076428395
eval_combined_score = 0.8994172691335673
eval_f1 = 0.8847608306242951
eval_loss = 0.4639112949371338
eval_runtime = 180.806
eval_samples_per_second = 223.61
