epoch = 5.25
eval_accuracy = 0.9150878060845906
eval_combined_score = 0.9000030897943317
eval_f1 = 0.8849183735040729
eval_loss = 0.5859783887863159
eval_runtime = 183.5046
eval_samples_per_second = 220.321
