epoch = 1.78
eval_accuracy = 0.9064061340588672
eval_combined_score = 0.891562355489719
eval_f1 = 0.8767185769205708
eval_loss = 0.24760429561138153
eval_runtime = 182.8735
eval_samples_per_second = 221.082
