epoch = 2.57
eval_accuracy = 0.9080385852090033
eval_combined_score = 0.8910620994319196
eval_f1 = 0.8740856136548361
eval_loss = 0.3850347101688385
eval_runtime = 187.7282
eval_samples_per_second = 215.365
