epoch = 0.81
eval_accuracy = 0.8954736581746228
eval_combined_score = 0.8790571177176175
eval_f1 = 0.8626405772606123
eval_loss = 0.24999526143074036
eval_runtime = 185.2441
eval_samples_per_second = 218.253
