epoch = 3.74
eval_accuracy = 0.9111798169675983
eval_combined_score = 0.896907684736373
eval_f1 = 0.8826355525051476
eval_loss = 0.44254690408706665
eval_runtime = 192.7558
eval_samples_per_second = 209.747
