epoch = 2.18
eval_accuracy = 0.9062577294088549
eval_combined_score = 0.8916148739234107
eval_f1 = 0.8769720184379666
eval_loss = 0.35295143723487854
eval_runtime = 187.4074
eval_samples_per_second = 215.733
