epoch = 5.85
eval_accuracy = 0.9159287657679941
eval_combined_score = 0.901687684980093
eval_f1 = 0.8874466041921919
eval_loss = 0.5601990222930908
eval_runtime = 175.9923
eval_samples_per_second = 229.726
