epoch = 3.03
eval_accuracy = 0.9116002968093
eval_combined_score = 0.8965101683117502
eval_f1 = 0.8814200398142004
eval_loss = 0.4472344219684601
eval_runtime = 189.9843
eval_samples_per_second = 212.807
