epoch = 6.05
eval_accuracy = 0.9154340836012862
eval_combined_score = 0.900712806914518
eval_f1 = 0.88599153022775
eval_loss = 0.5948917269706726
eval_runtime = 184.4876
eval_samples_per_second = 219.148
