epoch = 5.28
eval_accuracy = 0.9143210487261935
eval_combined_score = 0.8995347591248748
eval_f1 = 0.884748469523556
eval_loss = 0.5395721793174744
eval_runtime = 184.0596
eval_samples_per_second = 219.657
