epoch = 4.64
eval_accuracy = 0.91348008904279
eval_combined_score = 0.8983193083332728
eval_f1 = 0.8831585276237557
eval_loss = 0.5593656301498413
eval_runtime = 185.6112
eval_samples_per_second = 217.821
