epoch = 5.83
eval_accuracy = 0.913109077417759
eval_combined_score = 0.8984288561912582
eval_f1 = 0.8837486349647574
eval_loss = 0.5712076425552368
eval_runtime = 176.1624
eval_samples_per_second = 229.504
