epoch = 0.44
eval_accuracy = 0.8837991590403166
eval_combined_score = 0.8649840588914746
eval_f1 = 0.8461689587426326
eval_loss = 0.2694052457809448
eval_runtime = 182.9258
eval_samples_per_second = 221.019
