epoch = 1.58
eval_accuracy = 0.9031412317585951
eval_combined_score = 0.8866588004702005
eval_f1 = 0.8701763691818061
eval_loss = 0.3226657807826996
eval_runtime = 184.863
eval_samples_per_second = 218.702
