epoch = 6.55
eval_accuracy = 0.9154340836012862
eval_combined_score = 0.9006404834219579
eval_f1 = 0.8858468832426296
eval_loss = 0.6277943253517151
eval_runtime = 182.762
eval_samples_per_second = 221.217
