epoch = 2.0
eval_accuracy = 0.9068018797922335
eval_combined_score = 0.8926698458338383
eval_f1 = 0.8785378118754432
eval_loss = 0.29855117201805115
eval_runtime = 183.2394
eval_samples_per_second = 220.64
