epoch = 0.29
eval_accuracy = 0.8767004699480584
eval_combined_score = 0.8562980244199916
eval_f1 = 0.8358955788919249
eval_loss = 0.281527042388916
eval_runtime = 180.7937
eval_samples_per_second = 223.625
