epoch = 4.88
eval_accuracy = 0.9139747712094979
eval_combined_score = 0.8999672531370462
eval_f1 = 0.8859597350645944
eval_loss = 0.457917720079422
eval_runtime = 186.3364
eval_samples_per_second = 216.973
