epoch = 2.95
eval_accuracy = 0.9108335394509028
eval_combined_score = 0.8946917756210819
eval_f1 = 0.878550011791261
eval_loss = 0.36806777119636536
eval_runtime = 185.1438
eval_samples_per_second = 218.371
