epoch = 3.36
eval_accuracy = 0.9111303487509276
eval_combined_score = 0.8952940971117338
eval_f1 = 0.8794578454725399
eval_loss = 0.45227470993995667
eval_runtime = 197.36
eval_samples_per_second = 204.854
