epoch = 3.14
eval_accuracy = 0.9085085332673757
eval_combined_score = 0.8909910547301476
eval_f1 = 0.8734735761929194
eval_loss = 0.44746166467666626
eval_runtime = 187.3649
eval_samples_per_second = 215.782
