epoch = 0.02
eval_accuracy = 0.8077665100173139
eval_combined_score = 0.7880561313126808
eval_f1 = 0.7683457526080476
eval_loss = 0.40965571999549866
eval_runtime = 181.1151
eval_samples_per_second = 223.228
