epoch = 6.31
eval_accuracy = 0.91535988127628
eval_combined_score = 0.9011104769073988
eval_f1 = 0.8868610725385174
eval_loss = 0.640821635723114
eval_runtime = 184.1978
eval_samples_per_second = 219.492
