epoch = 6.22
eval_accuracy = 0.9158050952263171
eval_combined_score = 0.9016083093383686
eval_f1 = 0.88741152345042
eval_loss = 0.5897687673568726
eval_runtime = 185.7093
eval_samples_per_second = 217.706
