epoch = 6.97
eval_accuracy = 0.9162255750680188
eval_combined_score = 0.9018708825823306
eval_f1 = 0.8875161900966424
eval_loss = 0.6107698082923889
eval_runtime = 185.9059
eval_samples_per_second = 217.476
