epoch = 0.59
eval_accuracy = 0.8887707148157309
eval_combined_score = 0.8705793505147094
eval_f1 = 0.8523879862136878
eval_loss = 0.2647254765033722
eval_runtime = 182.9178
eval_samples_per_second = 221.028
