epoch = 4.86
eval_accuracy = 0.9137026960178085
eval_combined_score = 0.8990194235931906
eval_f1 = 0.8843361511685728
eval_loss = 0.48279067873954773
eval_runtime = 185.6878
eval_samples_per_second = 217.731
