epoch = 3.54
eval_accuracy = 0.9114271580509523
eval_combined_score = 0.8967398956817128
eval_f1 = 0.8820526333124732
eval_loss = 0.45019111037254333
eval_runtime = 196.8197
eval_samples_per_second = 205.416
