epoch = 1.76
eval_accuracy = 0.906455602275538
eval_combined_score = 0.889762906521042
eval_f1 = 0.8730702107665458
eval_loss = 0.2795824408531189
eval_runtime = 186.6672
eval_samples_per_second = 216.589
