epoch = 6.68
eval_accuracy = 0.9159040316596587
eval_combined_score = 0.9017313663159727
eval_f1 = 0.8875587009722866
eval_loss = 0.6044101119041443
eval_runtime = 184.472
eval_samples_per_second = 219.166
