epoch = 0.31
eval_accuracy = 0.8798911699233243
eval_combined_score = 0.8585182591852855
eval_f1 = 0.8371453484472466
eval_loss = 0.28263601660728455
eval_runtime = 181.5368
eval_samples_per_second = 222.71
