epoch = 1.74
eval_accuracy = 0.906208261192184
eval_combined_score = 0.8906206083182118
eval_f1 = 0.8750329554442394
eval_loss = 0.24823634326457977
eval_runtime = 183.2514
eval_samples_per_second = 220.626
