epoch = 0.75
eval_accuracy = 0.8843433094236953
eval_combined_score = 0.869648545337817
eval_f1 = 0.8549537812519387
eval_loss = 0.26011109352111816
eval_runtime = 181.8205
eval_samples_per_second = 222.362
