epoch = 4.9
eval_accuracy = 0.9119713084343309
eval_combined_score = 0.895195847911013
eval_f1 = 0.8784203873876951
eval_loss = 0.5242828130722046
eval_runtime = 186.1896
eval_samples_per_second = 217.144
