epoch = 1.25
eval_accuracy = 0.8983428147415286
eval_combined_score = 0.8799048575527786
eval_f1 = 0.8614669003640285
eval_loss = 0.3061610460281372
eval_runtime = 183.6327
eval_samples_per_second = 220.168
