epoch = 4.49
eval_accuracy = 0.9132574820677715
eval_combined_score = 0.8983400065326724
eval_f1 = 0.8834225309975734
eval_loss = 0.4866729974746704
eval_runtime = 186.0476
eval_samples_per_second = 217.31
