epoch = 1.67
eval_accuracy = 0.9015087806084591
eval_combined_score = 0.8873992066982981
eval_f1 = 0.8732896327881372
eval_loss = 0.2762807011604309
eval_runtime = 184.4624
eval_samples_per_second = 219.177
