epoch = 5.03
eval_accuracy = 0.9136532278011378
eval_combined_score = 0.8994824173106678
eval_f1 = 0.8853116068201978
eval_loss = 0.5600839257240295
eval_runtime = 186.0442
eval_samples_per_second = 217.314
