epoch = 2.02
eval_accuracy = 0.9053425674004452
eval_combined_score = 0.8881459085526926
eval_f1 = 0.87094924970494
eval_loss = 0.3639318346977234
eval_runtime = 182.5327
eval_samples_per_second = 221.495
