epoch = 6.46
eval_accuracy = 0.9158298293346525
eval_combined_score = 0.9013998185102864
eval_f1 = 0.8869698076859203
eval_loss = 0.5866357684135437
eval_runtime = 184.6142
eval_samples_per_second = 218.997
