epoch = 0.13
eval_accuracy = 0.8603512243383626
eval_combined_score = 0.8422700258205483
eval_f1 = 0.824188827302734
eval_loss = 0.32173940539360046
eval_runtime = 183.1805
eval_samples_per_second = 220.711
