epoch = 3.89
eval_accuracy = 0.9130348750927529
eval_combined_score = 0.8983170800015179
eval_f1 = 0.8835992849102827
eval_loss = 0.43149662017822266
eval_runtime = 176.1669
eval_samples_per_second = 229.498
