epoch = 4.82
eval_accuracy = 0.9135542913677962
eval_combined_score = 0.8985640140006308
eval_f1 = 0.8835737366334654
eval_loss = 0.47804340720176697
eval_runtime = 185.2111
eval_samples_per_second = 218.291
