epoch = 5.91
eval_accuracy = 0.9142715805095226
eval_combined_score = 0.8999297428526355
eval_f1 = 0.8855879051957484
eval_loss = 0.5425746440887451
eval_runtime = 173.4352
eval_samples_per_second = 233.113
