epoch = 0.99
eval_accuracy = 0.8957457333663121
eval_combined_score = 0.8783344762123078
eval_f1 = 0.8609232190583034
eval_loss = 0.30112224817276
eval_runtime = 182.6614
eval_samples_per_second = 221.338
