epoch = 4.51
eval_accuracy = 0.9128864704427405
eval_combined_score = 0.8975980838479826
eval_f1 = 0.8823096972532246
eval_loss = 0.49165788292884827
eval_runtime = 184.8521
eval_samples_per_second = 218.715
