epoch = 5.41
eval_accuracy = 0.9149641355429137
eval_combined_score = 0.9005464556887859
eval_f1 = 0.8861287758346582
eval_loss = 0.5587072968482971
eval_runtime = 174.3381
eval_samples_per_second = 231.906
