epoch = 5.43
eval_accuracy = 0.9150878060845906
eval_combined_score = 0.9000108043327261
eval_f1 = 0.8849338025808615
eval_loss = 0.5785459876060486
eval_runtime = 174.8509
eval_samples_per_second = 231.226
