epoch = 0.57
eval_accuracy = 0.885951026465496
eval_combined_score = 0.86915935724389
eval_f1 = 0.8523676880222841
eval_loss = 0.26888105273246765
eval_runtime = 179.8429
eval_samples_per_second = 224.807
