epoch = 3.19
eval_accuracy = 0.9089784813257482
eval_combined_score = 0.8939350380695745
eval_f1 = 0.878891594813401
eval_loss = 0.4296811819076538
eval_runtime = 190.4347
eval_samples_per_second = 212.304
