epoch = 1.63
eval_accuracy = 0.9037101162503092
eval_combined_score = 0.8873052322256354
eval_f1 = 0.8709003482009617
eval_loss = 0.2869965434074402
eval_runtime = 182.7729
eval_samples_per_second = 221.203
