epoch = 0.15
eval_accuracy = 0.8587682414048974
eval_combined_score = 0.8376365790866637
eval_f1 = 0.81650491676843
eval_loss = 0.3175237476825714
eval_runtime = 184.4314
eval_samples_per_second = 219.214
