epoch = 6.4
eval_accuracy = 0.9158792975513232
eval_combined_score = 0.9014390008705548
eval_f1 = 0.8869987041897864
eval_loss = 0.6595695614814758
eval_runtime = 181.2743
eval_samples_per_second = 223.032
