epoch = 1.41
eval_accuracy = 0.9018550581251545
eval_combined_score = 0.8863399908113889
eval_f1 = 0.8708249234976234
eval_loss = 0.2761342227458954
eval_runtime = 184.4779
eval_samples_per_second = 219.159
