epoch = 5.58
eval_accuracy = 0.914543655701212
eval_combined_score = 0.8994630402456132
eval_f1 = 0.8843824247900144
eval_loss = 0.5361584424972534
eval_runtime = 175.4423
eval_samples_per_second = 230.446
