epoch = 2.04
eval_accuracy = 0.9090774177590898
eval_combined_score = 0.8937019552717069
eval_f1 = 0.8783264927843241
eval_loss = 0.3526723384857178
eval_runtime = 182.1465
eval_samples_per_second = 221.964
