epoch = 6.42
eval_accuracy = 0.9152609448429384
eval_combined_score = 0.900331837152537
eval_f1 = 0.8854027294621355
eval_loss = 0.646916925907135
eval_runtime = 183.3925
eval_samples_per_second = 220.456
