epoch = 1.5
eval_accuracy = 0.8984417511748701
eval_combined_score = 0.8839717019286504
eval_f1 = 0.8695016526824307
eval_loss = 0.2696070969104767
eval_runtime = 182.8136
eval_samples_per_second = 221.154
