epoch = 4.22
eval_accuracy = 0.9119713084343309
eval_combined_score = 0.8968247778582439
eval_f1 = 0.8816782472821569
eval_loss = 0.49198585748672485
eval_runtime = 182.7603
eval_samples_per_second = 221.219
