epoch = 3.06
eval_accuracy = 0.9096957704674746
eval_combined_score = 0.8954375946098561
eval_f1 = 0.8811794187522376
eval_loss = 0.4134538173675537
eval_runtime = 190.0701
eval_samples_per_second = 212.711
