epoch = 6.09
eval_accuracy = 0.9147167944595598
eval_combined_score = 0.9003478152191979
eval_f1 = 0.8859788359788361
eval_loss = 0.6166523694992065
eval_runtime = 183.5404
eval_samples_per_second = 220.278
