epoch = 1.32
eval_accuracy = 0.898936433341578
eval_combined_score = 0.8821491182129005
eval_f1 = 0.8653618030842231
eval_loss = 0.302760511636734
eval_runtime = 182.5221
eval_samples_per_second = 221.507
