epoch = 3.87
eval_accuracy = 0.9125649270343804
eval_combined_score = 0.8975088127340958
eval_f1 = 0.8824526984338111
eval_loss = 0.4482300281524658
eval_runtime = 180.0074
eval_samples_per_second = 224.602
