epoch = 2.9
eval_accuracy = 0.9082859262923572
eval_combined_score = 0.8902735956389443
eval_f1 = 0.8722612649855312
eval_loss = 0.38766878843307495
eval_runtime = 188.4947
eval_samples_per_second = 214.489
