epoch = 6.02
eval_accuracy = 0.9151867425179322
eval_combined_score = 0.9005896807313205
eval_f1 = 0.8859926189447087
eval_loss = 0.5824612975120544
eval_runtime = 185.6655
eval_samples_per_second = 217.757
