epoch = 5.8
eval_accuracy = 0.9145683898095474
eval_combined_score = 0.9002987794754858
eval_f1 = 0.8860291691414242
eval_loss = 0.5450826287269592
eval_runtime = 174.1651
eval_samples_per_second = 232.136
