epoch = 2.79
eval_accuracy = 0.9080138511006678
eval_combined_score = 0.8909794368203743
eval_f1 = 0.8739450225400807
eval_loss = 0.42113471031188965
eval_runtime = 194.5054
eval_samples_per_second = 207.861
