epoch = 4.44
eval_accuracy = 0.9112045510759337
eval_combined_score = 0.8956129700102615
eval_f1 = 0.8800213889445893
eval_loss = 0.49305203557014465
eval_runtime = 185.7651
eval_samples_per_second = 217.64
