epoch = 4.75
eval_accuracy = 0.914419985159535
eval_combined_score = 0.8993736727081441
eval_f1 = 0.8843273602567531
eval_loss = 0.48735493421554565
eval_runtime = 183.8907
eval_samples_per_second = 219.859
