epoch = 5.06
eval_accuracy = 0.9149394014345783
eval_combined_score = 0.9008718270462447
eval_f1 = 0.8868042526579111
eval_loss = 0.5643234252929688
eval_runtime = 186.4706
eval_samples_per_second = 216.817
