epoch = 0.92
eval_accuracy = 0.8949542418995795
eval_combined_score = 0.8777421368770171
eval_f1 = 0.8605300318544548
eval_loss = 0.2584720849990845
eval_runtime = 183.0408
eval_samples_per_second = 220.88
