epoch = 0.86
eval_accuracy = 0.8941627504328469
eval_combined_score = 0.8755333699995556
eval_f1 = 0.8569039895662643
eval_loss = 0.2602051794528961
eval_runtime = 180.7492
eval_samples_per_second = 223.68
