epoch = 2.92
eval_accuracy = 0.9113282216176107
eval_combined_score = 0.8967409984850816
eval_f1 = 0.8821537753525526
eval_loss = 0.3255959749221802
eval_runtime = 192.7267
eval_samples_per_second = 209.779
