epoch = 3.12
eval_accuracy = 0.9109077417759089
eval_combined_score = 0.8959913774912297
eval_f1 = 0.8810750132065505
eval_loss = 0.4522896409034729
eval_runtime = 187.9696
eval_samples_per_second = 215.088
