epoch = 2.13
eval_accuracy = 0.9079396487756617
eval_combined_score = 0.8919860780515665
eval_f1 = 0.8760325073274714
eval_loss = 0.3950238525867462
eval_runtime = 185.8279
eval_samples_per_second = 217.567
