epoch = 5.17
eval_accuracy = 0.914419985159535
eval_combined_score = 0.8997807003211034
eval_f1 = 0.8851414154826716
eval_loss = 0.559124767780304
eval_runtime = 183.7438
eval_samples_per_second = 220.035
