epoch = 4.2
eval_accuracy = 0.9120207766510018
eval_combined_score = 0.8976549071429698
eval_f1 = 0.8832890376349377
eval_loss = 0.5450986623764038
eval_runtime = 180.193
eval_samples_per_second = 224.371
