epoch = 2.68
eval_accuracy = 0.9105119960425426
eval_combined_score = 0.8959289614215075
eval_f1 = 0.8813459268004723
eval_loss = 0.36814963817596436
eval_runtime = 186.7284
eval_samples_per_second = 216.518
