epoch = 5.87
eval_accuracy = 0.914988869651249
eval_combined_score = 0.900780134967534
eval_f1 = 0.886571400283819
eval_loss = 0.5599699020385742
eval_runtime = 178.2784
eval_samples_per_second = 226.78
