epoch = 4.4
eval_accuracy = 0.911847637892654
eval_combined_score = 0.8968114989038669
eval_f1 = 0.8817753599150799
eval_loss = 0.47922441363334656
eval_runtime = 184.0797
eval_samples_per_second = 219.633
