epoch = 5.19
eval_accuracy = 0.9148157308929014
eval_combined_score = 0.900110999804606
eval_f1 = 0.8854062687163107
eval_loss = 0.5556567311286926
eval_runtime = 183.966
eval_samples_per_second = 219.769
