epoch = 3.98
eval_accuracy = 0.9126391293593866
eval_combined_score = 0.8978156224548208
eval_f1 = 0.882992115550255
eval_loss = 0.4362300932407379
eval_runtime = 177.1171
eval_samples_per_second = 228.267
