epoch = 5.94
eval_accuracy = 0.9155824882512985
eval_combined_score = 0.9005703072648371
eval_f1 = 0.8855581262783757
eval_loss = 0.5635533928871155
eval_runtime = 183.5492
eval_samples_per_second = 220.268
