epoch = 4.6
eval_accuracy = 0.9133069502844422
eval_combined_score = 0.8989047685155364
eval_f1 = 0.8845025867466305
eval_loss = 0.4940433204174042
eval_runtime = 187.7096
eval_samples_per_second = 215.386
