epoch = 4.33
eval_accuracy = 0.9109324758842444
eval_combined_score = 0.8956668424125463
eval_f1 = 0.8804012089408483
eval_loss = 0.46224188804626465
eval_runtime = 183.5633
eval_samples_per_second = 220.251
