epoch = 3.96
eval_accuracy = 0.9106851348008904
eval_combined_score = 0.8970649133544171
eval_f1 = 0.8834446919079436
eval_loss = 0.4458215832710266
eval_runtime = 184.13
eval_samples_per_second = 219.573
