epoch = 2.37
eval_accuracy = 0.9069997526589166
eval_combined_score = 0.8910538522810958
eval_f1 = 0.8751079519032751
eval_loss = 0.3743799924850464
eval_runtime = 185.2525
eval_samples_per_second = 218.243
