epoch = 1.82
eval_accuracy = 0.9036853821419738
eval_combined_score = 0.8899230879670561
eval_f1 = 0.8761607937921384
eval_loss = 0.2503718435764313
eval_runtime = 184.0823
eval_samples_per_second = 219.63
