epoch = 1.65
eval_accuracy = 0.9057383131338115
eval_combined_score = 0.890591809114541
eval_f1 = 0.8754453050952707
eval_loss = 0.29043659567832947
eval_runtime = 181.6066
eval_samples_per_second = 222.624
