epoch = 2.33
eval_accuracy = 0.9085085332673757
eval_combined_score = 0.8929942884945073
eval_f1 = 0.877480043721639
eval_loss = 0.3447093069553375
eval_runtime = 187.0259
eval_samples_per_second = 216.173
