epoch = 6.51
eval_accuracy = 0.9155824882512985
eval_combined_score = 0.9010723954534653
eval_f1 = 0.8865623026556321
eval_loss = 0.6137603521347046
eval_runtime = 182.4848
eval_samples_per_second = 221.553
