epoch = 0.9
eval_accuracy = 0.8973781845164481
eval_combined_score = 0.8804332438720824
eval_f1 = 0.8634883032277167
eval_loss = 0.2624147832393646
eval_runtime = 181.2718
eval_samples_per_second = 223.035
