epoch = 0.42
eval_accuracy = 0.8807568637150631
eval_combined_score = 0.8626128416391233
eval_f1 = 0.8444688195631835
eval_loss = 0.2727991044521332
eval_runtime = 181.9547
eval_samples_per_second = 222.198
