epoch = 3.41
eval_accuracy = 0.9109077417759089
eval_combined_score = 0.8953684635349152
eval_f1 = 0.8798291852939214
eval_loss = 0.4293730556964874
eval_runtime = 186.2021
eval_samples_per_second = 217.13
