epoch = 5.96
eval_accuracy = 0.9155330200346278
eval_combined_score = 0.9011085812254633
eval_f1 = 0.8866841424162989
eval_loss = 0.5497536063194275
eval_runtime = 181.5186
eval_samples_per_second = 222.732
