epoch = 3.28
eval_accuracy = 0.9105861983675488
eval_combined_score = 0.8948233925831253
eval_f1 = 0.8790605867987018
eval_loss = 0.41530486941337585
eval_runtime = 186.9743
eval_samples_per_second = 216.233
