epoch = 1.43
eval_accuracy = 0.8995300519416275
eval_combined_score = 0.8847730259708138
eval_f1 = 0.870016
eval_loss = 0.31446194648742676
eval_runtime = 184.6622
eval_samples_per_second = 218.94
