epoch = 2.26
eval_accuracy = 0.9087311402423942
eval_combined_score = 0.8938777332580405
eval_f1 = 0.8790243262736869
eval_loss = 0.3954816162586212
eval_runtime = 187.6203
eval_samples_per_second = 215.488
