epoch = 5.65
eval_accuracy = 0.9147662626762305
eval_combined_score = 0.9003150338288413
eval_f1 = 0.8858638049814521
eval_loss = 0.5717061161994934
eval_runtime = 176.4788
eval_samples_per_second = 229.093
