epoch = 6.53
eval_accuracy = 0.9152856789512738
eval_combined_score = 0.9001281459407922
eval_f1 = 0.8849706129303107
eval_loss = 0.6157382130622864
eval_runtime = 182.9138
eval_samples_per_second = 221.033
