epoch = 3.23
eval_accuracy = 0.9105367301508781
eval_combined_score = 0.8955917440558053
eval_f1 = 0.8806467579607326
eval_loss = 0.5152643918991089
eval_runtime = 196.7689
eval_samples_per_second = 205.469
