epoch = 3.67
eval_accuracy = 0.9102399208508534
eval_combined_score = 0.893134513084874
eval_f1 = 0.8760291053188946
eval_loss = 0.42945995926856995
eval_runtime = 195.366
eval_samples_per_second = 206.945
