epoch = 2.84
eval_accuracy = 0.9092258224091021
eval_combined_score = 0.8945553082720381
eval_f1 = 0.8798847941349741
eval_loss = 0.34849727153778076
eval_runtime = 198.5747
eval_samples_per_second = 203.601
