epoch = 6.84
eval_accuracy = 0.9154340836012862
eval_combined_score = 0.9008606876582278
eval_f1 = 0.8862872917151694
eval_loss = 0.61376953125
eval_runtime = 183.3965
eval_samples_per_second = 220.451
