epoch = 5.67
eval_accuracy = 0.9147662626762305
eval_combined_score = 0.8998539159791836
eval_f1 = 0.8849415692821367
eval_loss = 0.5376986265182495
eval_runtime = 176.2402
eval_samples_per_second = 229.403
