epoch = 2.86
eval_accuracy = 0.9050952263170913
eval_combined_score = 0.8874408835966628
eval_f1 = 0.8697865408762344
eval_loss = 0.312229722738266
eval_runtime = 195.9184
eval_samples_per_second = 206.361
