epoch = 1.36
eval_accuracy = 0.9002720751916894
eval_combined_score = 0.8822572497170569
eval_f1 = 0.8642424242424243
eval_loss = 0.26859018206596375
eval_runtime = 182.9907
eval_samples_per_second = 220.94
