epoch = 0.33
eval_accuracy = 0.8767004699480584
eval_combined_score = 0.8579910770928673
eval_f1 = 0.8392816842376761
eval_loss = 0.28343817591667175
eval_runtime = 181.5883
eval_samples_per_second = 222.647
