epoch = 6.24
eval_accuracy = 0.9143210487261935
eval_combined_score = 0.899152620283788
eval_f1 = 0.8839841918413824
eval_loss = 0.6145588755607605
eval_runtime = 177.6121
eval_samples_per_second = 227.631
