epoch = 5.14
eval_accuracy = 0.9131585456344299
eval_combined_score = 0.8988116595360935
eval_f1 = 0.8844647734377571
eval_loss = 0.5712894797325134
eval_runtime = 185.222
eval_samples_per_second = 218.279
