epoch = 1.03
eval_accuracy = 0.8900568884491714
eval_combined_score = 0.8662415322461391
eval_f1 = 0.8424261760431068
eval_loss = 0.32585105299949646
eval_runtime = 181.4607
eval_samples_per_second = 222.803
