epoch = 5.54
eval_accuracy = 0.9153846153846154
eval_combined_score = 0.9004715536696268
eval_f1 = 0.8855584919546383
eval_loss = 0.539496898651123
eval_runtime = 177.0963
eval_samples_per_second = 228.294
