epoch = 4.27
eval_accuracy = 0.9119218402176602
eval_combined_score = 0.8972779498705388
eval_f1 = 0.8826340595234172
eval_loss = 0.5031612515449524
eval_runtime = 184.5294
eval_samples_per_second = 219.098
