epoch = 1.21
eval_accuracy = 0.9005194162750433
eval_combined_score = 0.8828307918285088
eval_f1 = 0.8651421673819744
eval_loss = 0.2712022066116333
eval_runtime = 182.7705
eval_samples_per_second = 221.206
