epoch = 2.73
eval_accuracy = 0.90972050457581
eval_combined_score = 0.8957068748731507
eval_f1 = 0.8816932451704914
eval_loss = 0.310781329870224
eval_runtime = 186.0414
eval_samples_per_second = 217.317
