epoch = 1.19
eval_accuracy = 0.8956467969329706
eval_combined_score = 0.8782557435510745
eval_f1 = 0.8608646901691784
eval_loss = 0.3408876657485962
eval_runtime = 182.9458
eval_samples_per_second = 220.994
