epoch = 3.61
eval_accuracy = 0.9121939154093495
eval_combined_score = 0.8968196400450434
eval_f1 = 0.8814453646807373
eval_loss = 0.44285088777542114
eval_runtime = 188.2378
eval_samples_per_second = 214.782
