epoch = 3.1
eval_accuracy = 0.910413059609201
eval_combined_score = 0.8949843962584446
eval_f1 = 0.8795557329076882
eval_loss = 0.47117307782173157
eval_runtime = 183.1916
eval_samples_per_second = 220.698
