epoch = 2.99
eval_accuracy = 0.9121197130843434
eval_combined_score = 0.8968609495476034
eval_f1 = 0.8816021860108635
eval_loss = 0.3862836956977844
eval_runtime = 194.582
eval_samples_per_second = 207.779
