epoch = 4.09
eval_accuracy = 0.9126885975760574
eval_combined_score = 0.8980434465716054
eval_f1 = 0.8833982955671533
eval_loss = 0.49734631180763245
eval_runtime = 180.946
eval_samples_per_second = 223.437
