epoch = 6.29
eval_accuracy = 0.91535988127628
eval_combined_score = 0.9006466073048067
eval_f1 = 0.8859333333333334
eval_loss = 0.6252257227897644
eval_runtime = 180.6965
eval_samples_per_second = 223.745
