epoch = 6.38
eval_accuracy = 0.9155824882512985
eval_combined_score = 0.9007119385097012
eval_f1 = 0.8858413887681039
eval_loss = 0.6468399167060852
eval_runtime = 181.3706
eval_samples_per_second = 222.914
