epoch = 0.7
eval_accuracy = 0.8860004946821667
eval_combined_score = 0.8705430865173135
eval_f1 = 0.8550856783524603
eval_loss = 0.2763790190219879
eval_runtime = 185.8462
eval_samples_per_second = 217.545
