epoch = 0.04
eval_accuracy = 0.839747712094979
eval_combined_score = 0.809967155453766
eval_f1 = 0.780186598812553
eval_loss = 0.36606431007385254
eval_runtime = 182.8181
eval_samples_per_second = 221.149
