epoch = 2.88
eval_accuracy = 0.910413059609201
eval_combined_score = 0.894924258318015
eval_f1 = 0.8794354570268291
eval_loss = 0.32074370980262756
eval_runtime = 201.9356
eval_samples_per_second = 200.212
