epoch = 4.0
eval_accuracy = 0.9139747712094979
eval_combined_score = 0.8990245831249143
eval_f1 = 0.8840743950403307
eval_loss = 0.4563688337802887
eval_runtime = 178.7841
eval_samples_per_second = 226.139
