epoch = 6.11
eval_accuracy = 0.914543655701212
eval_combined_score = 0.89923776328246
eval_f1 = 0.8839318708637081
eval_loss = 0.6266748905181885
eval_runtime = 178.4293
eval_samples_per_second = 226.588
