epoch = 2.48
eval_accuracy = 0.9091021518674252
eval_combined_score = 0.8936199488322105
eval_f1 = 0.8781377457969959
eval_loss = 0.3957967460155487
eval_runtime = 187.3729
eval_samples_per_second = 215.773
