epoch = 6.62
eval_accuracy = 0.9158792975513232
eval_combined_score = 0.9014840198124798
eval_f1 = 0.8870887420736363
eval_loss = 0.5921004414558411
eval_runtime = 179.0169
eval_samples_per_second = 225.845
