epoch = 3.08
eval_accuracy = 0.9102151867425179
eval_combined_score = 0.8948646300149127
eval_f1 = 0.8795140732873075
eval_loss = 0.45115163922309875
eval_runtime = 188.6852
eval_samples_per_second = 214.272
