epoch = 3.17
eval_accuracy = 0.9095720999257977
eval_combined_score = 0.8940874180064637
eval_f1 = 0.8786027360871298
eval_loss = 0.442150741815567
eval_runtime = 188.3033
eval_samples_per_second = 214.707
