epoch = 4.97
eval_accuracy = 0.9134306208261193
eval_combined_score = 0.8978046526334864
eval_f1 = 0.8821786844408537
eval_loss = 0.5152704119682312
eval_runtime = 185.0895
eval_samples_per_second = 218.435
