epoch = 4.73
eval_accuracy = 0.9132080138511006
eval_combined_score = 0.8975358993269913
eval_f1 = 0.881863784802882
eval_loss = 0.48223888874053955
eval_runtime = 183.41
eval_samples_per_second = 220.435
