epoch = 4.46
eval_accuracy = 0.9112540192926045
eval_combined_score = 0.8964776525740965
eval_f1 = 0.8817012858555885
eval_loss = 0.48126962780952454
eval_runtime = 182.9976
eval_samples_per_second = 220.932
