epoch = 0.53
eval_accuracy = 0.8870640613405887
eval_combined_score = 0.869739283886404
eval_f1 = 0.8524145064322193
eval_loss = 0.2868981659412384
eval_runtime = 181.7515
eval_samples_per_second = 222.447
