epoch = 4.18
eval_accuracy = 0.9131338115260945
eval_combined_score = 0.8992973212610578
eval_f1 = 0.8854608309960211
eval_loss = 0.5017793774604797
eval_runtime = 181.2855
eval_samples_per_second = 223.018
