epoch = 3.72
eval_accuracy = 0.9127627999010636
eval_combined_score = 0.8983581709175308
eval_f1 = 0.883953541933998
eval_loss = 0.3978862166404724
eval_runtime = 194.8969
eval_samples_per_second = 207.443
