epoch = 0.95
eval_accuracy = 0.8972297798664358
eval_combined_score = 0.8786159007489462
eval_f1 = 0.8600020216314566
eval_loss = 0.25354018807411194
eval_runtime = 181.1657
eval_samples_per_second = 223.166
