epoch = 3.01
eval_accuracy = 0.909967845659164
eval_combined_score = 0.895530113865777
eval_f1 = 0.8810923820723898
eval_loss = 0.4325602352619171
eval_runtime = 185.2443
eval_samples_per_second = 218.252
