epoch = 6.49
eval_accuracy = 0.9158545634429879
eval_combined_score = 0.9017033113374125
eval_f1 = 0.8875520592318372
eval_loss = 0.6120580434799194
eval_runtime = 183.7705
eval_samples_per_second = 220.003
