epoch = 3.76
eval_accuracy = 0.9097947069008162
eval_combined_score = 0.8947892346515816
eval_f1 = 0.879783762402347
eval_loss = 0.5485075116157532
eval_runtime = 186.4351
eval_samples_per_second = 216.858
