epoch = 4.66
eval_accuracy = 0.9130101409844175
eval_combined_score = 0.8983516924043091
eval_f1 = 0.8836932438242007
eval_loss = 0.464932382106781
eval_runtime = 185.1413
eval_samples_per_second = 218.374
