epoch = 1.87
eval_accuracy = 0.906579272817215
eval_combined_score = 0.8909772993247654
eval_f1 = 0.8753753258323159
eval_loss = 0.2704087197780609
eval_runtime = 181.5419
eval_samples_per_second = 222.703
