epoch = 1.93
eval_accuracy = 0.907395498392283
eval_combined_score = 0.8909673691948011
eval_f1 = 0.8745392399973193
eval_loss = 0.2764643430709839
eval_runtime = 185.6874
eval_samples_per_second = 217.731
