epoch = 6.75
eval_accuracy = 0.914988869651249
eval_combined_score = 0.9000752093252737
eval_f1 = 0.8851615489992983
eval_loss = 0.6121923327445984
eval_runtime = 181.879
eval_samples_per_second = 222.291
