epoch = 1.45
eval_accuracy = 0.8979718031164976
eval_combined_score = 0.8834493758679307
eval_f1 = 0.8689269486193638
eval_loss = 0.30055496096611023
eval_runtime = 182.3838
eval_samples_per_second = 221.675
