epoch = 4.38
eval_accuracy = 0.9126885975760574
eval_combined_score = 0.8974913478043675
eval_f1 = 0.8822940980326776
eval_loss = 0.4758814573287964
eval_runtime = 183.5574
eval_samples_per_second = 220.258
