epoch = 3.69
eval_accuracy = 0.913109077417759
eval_combined_score = 0.8977319942529001
eval_f1 = 0.8823549110880412
eval_loss = 0.44029897451400757
eval_runtime = 190.2621
eval_samples_per_second = 212.496
