epoch = 6.6
eval_accuracy = 0.9155577541429631
eval_combined_score = 0.9006580097177137
eval_f1 = 0.8857582652924642
eval_loss = 0.5893188118934631
eval_runtime = 181.3254
eval_samples_per_second = 222.969
