epoch = 4.95
eval_accuracy = 0.9145683898095474
eval_combined_score = 0.9002498488017353
eval_f1 = 0.8859313077939233
eval_loss = 0.5157002210617065
eval_runtime = 186.2501
eval_samples_per_second = 217.074
