epoch = 2.81
eval_accuracy = 0.909844175117487
eval_combined_score = 0.895817174310811
eval_f1 = 0.8817901735041349
eval_loss = 0.34811171889305115
eval_runtime = 193.0015
eval_samples_per_second = 209.48
