epoch = 0.11
eval_accuracy = 0.8558990848379916
eval_combined_score = 0.830557365889407
eval_f1 = 0.8052156469408224
eval_loss = 0.3448219299316406
eval_runtime = 181.1872
eval_samples_per_second = 223.139
