epoch = 0.55
eval_accuracy = 0.8859262923571605
eval_combined_score = 0.8640283888704403
eval_f1 = 0.8421304853837202
eval_loss = 0.2776205837726593
eval_runtime = 183.0202
eval_samples_per_second = 220.905
