epoch = 4.42
eval_accuracy = 0.9111056146425921
eval_combined_score = 0.8948105141898737
eval_f1 = 0.8785154137371552
eval_loss = 0.49390047788619995
eval_runtime = 184.8276
eval_samples_per_second = 218.744
