epoch = 6.2
eval_accuracy = 0.9151867425179322
eval_combined_score = 0.9008237278696744
eval_f1 = 0.8864607132214165
eval_loss = 0.6276395916938782
eval_runtime = 177.9106
eval_samples_per_second = 227.249
