epoch = 5.47
eval_accuracy = 0.9142468464011873
eval_combined_score = 0.90019963900856
eval_f1 = 0.8861524316159328
eval_loss = 0.5422000288963318
eval_runtime = 175.9769
eval_samples_per_second = 229.746
