epoch = 3.8
eval_accuracy = 0.912416522384368
eval_combined_score = 0.897185692268625
eval_f1 = 0.881954862152882
eval_loss = 0.4415731430053711
eval_runtime = 193.5708
eval_samples_per_second = 208.864
