epoch = 2.15
eval_accuracy = 0.9075191689339599
eval_combined_score = 0.8916520132899426
eval_f1 = 0.8757848576459253
eval_loss = 0.32828983664512634
eval_runtime = 184.2191
eval_samples_per_second = 219.467
