epoch = 3.3
eval_accuracy = 0.9108088053425674
eval_combined_score = 0.8958404779933847
eval_f1 = 0.8808721506442021
eval_loss = 0.43105536699295044
eval_runtime = 196.6787
eval_samples_per_second = 205.564
