epoch = 6.66
eval_accuracy = 0.9156566905763047
eval_combined_score = 0.9015502887790422
eval_f1 = 0.8874438869817797
eval_loss = 0.5930641889572144
eval_runtime = 178.8177
eval_samples_per_second = 226.096
