epoch = 3.78
eval_accuracy = 0.9129606727677467
eval_combined_score = 0.8975809958422472
eval_f1 = 0.8822013189167476
eval_loss = 0.3489188551902771
eval_runtime = 188.2423
eval_samples_per_second = 214.776
