epoch = 4.77
eval_accuracy = 0.9141231758595103
eval_combined_score = 0.8994560662945017
eval_f1 = 0.884788956729493
eval_loss = 0.4451729953289032
eval_runtime = 185.7767
eval_samples_per_second = 217.627
