epoch = 2.29
eval_accuracy = 0.9072965619589414
eval_combined_score = 0.8918612714179803
eval_f1 = 0.8764259808770194
eval_loss = 0.377135306596756
eval_runtime = 189.8981
eval_samples_per_second = 212.904
