epoch = 3.94
eval_accuracy = 0.9128864704427405
eval_combined_score = 0.898557494638897
eval_f1 = 0.8842285188350535
eval_loss = 0.45898616313934326
eval_runtime = 175.1625
eval_samples_per_second = 230.814
