epoch = 4.62
eval_accuracy = 0.9130843433094237
eval_combined_score = 0.8982127114595058
eval_f1 = 0.8833410796095877
eval_loss = 0.553434431552887
eval_runtime = 184.3497
eval_samples_per_second = 219.311
