epoch = 2.75
eval_accuracy = 0.9061340588671778
eval_combined_score = 0.8922555689970924
eval_f1 = 0.878377079127007
eval_loss = 0.3303830921649933
eval_runtime = 193.8093
eval_samples_per_second = 208.607
