epoch = 0.37
eval_accuracy = 0.8796438288399703
eval_combined_score = 0.861373471781177
eval_f1 = 0.8431031147223835
eval_loss = 0.2886095643043518
eval_runtime = 183.5352
eval_samples_per_second = 220.285
