epoch = 6.13
eval_accuracy = 0.9154340836012862
eval_combined_score = 0.9010791993065239
eval_f1 = 0.8867243150117615
eval_loss = 0.6323133707046509
eval_runtime = 182.5325
eval_samples_per_second = 221.495
