epoch = 2.55
eval_accuracy = 0.9089784813257482
eval_combined_score = 0.8931559073295408
eval_f1 = 0.8773333333333334
eval_loss = 0.35535866022109985
eval_runtime = 187.4815
eval_samples_per_second = 215.648
