epoch = 6.88
eval_accuracy = 0.9158298293346525
eval_combined_score = 0.9014673148929176
eval_f1 = 0.8871048004511828
eval_loss = 0.6162176132202148
eval_runtime = 185.2253
eval_samples_per_second = 218.275
