epoch = 3.25
eval_accuracy = 0.909844175117487
eval_combined_score = 0.8946442638445051
eval_f1 = 0.8794443525715231
eval_loss = 0.4604664444923401
eval_runtime = 190.4018
eval_samples_per_second = 212.34
