epoch = 0.66
eval_accuracy = 0.8937175364828098
eval_combined_score = 0.8746184266254537
eval_f1 = 0.8555193167680978
eval_loss = 0.2571871280670166
eval_runtime = 182.7999
eval_samples_per_second = 221.171
