epoch = 0.09
eval_accuracy = 0.8452634182537719
eval_combined_score = 0.8114890144139809
eval_f1 = 0.7777146105741899
eval_loss = 0.33557572960853577
eval_runtime = 182.7158
eval_samples_per_second = 221.273
