epoch = 0.46
eval_accuracy = 0.8828592629235716
eval_combined_score = 0.8592758707068593
eval_f1 = 0.835692478490147
eval_loss = 0.2797054350376129
eval_runtime = 182.3034
eval_samples_per_second = 221.773
