epoch = 5.56
eval_accuracy = 0.9150136037595845
eval_combined_score = 0.9003011545702557
eval_f1 = 0.885588705380927
eval_loss = 0.587806761264801
eval_runtime = 174.5443
eval_samples_per_second = 231.632
