epoch = 3.65
eval_accuracy = 0.9106356665842197
eval_combined_score = 0.8950066791506215
eval_f1 = 0.8793776917170233
eval_loss = 0.4666719436645508
eval_runtime = 189.7026
eval_samples_per_second = 213.123
