epoch = 1.85
eval_accuracy = 0.9025970813752164
eval_combined_score = 0.8887747251153995
eval_f1 = 0.8749523688555824
eval_loss = 0.24041299521923065
eval_runtime = 182.594
eval_samples_per_second = 221.42
