epoch = 5.69
eval_accuracy = 0.9155082859262924
eval_combined_score = 0.900683840904873
eval_f1 = 0.8858593958834536
eval_loss = 0.5321109890937805
eval_runtime = 177.407
eval_samples_per_second = 227.894
