epoch = 3.52
eval_accuracy = 0.9116744991343062
eval_combined_score = 0.8967245198866367
eval_f1 = 0.8817745406389671
eval_loss = 0.4213789701461792
eval_runtime = 191.6869
eval_samples_per_second = 210.917
