epoch = 0.68
eval_accuracy = 0.8920850853326737
eval_combined_score = 0.8730265102668322
eval_f1 = 0.8539679352009907
eval_loss = 0.27254873514175415
eval_runtime = 180.7571
eval_samples_per_second = 223.67
