epoch = 2.46
eval_accuracy = 0.9093742270591145
eval_combined_score = 0.8945781824973373
eval_f1 = 0.8797821379355601
eval_loss = 0.3707437515258789
eval_runtime = 187.466
eval_samples_per_second = 215.666
