epoch = 6.18
eval_accuracy = 0.9147167944595598
eval_combined_score = 0.8999185358317656
eval_f1 = 0.8851202772039715
eval_loss = 0.6310083866119385
eval_runtime = 184.4739
eval_samples_per_second = 219.164
