epoch = 1.61
eval_accuracy = 0.9012861736334405
eval_combined_score = 0.8864894137738011
eval_f1 = 0.8716926539141617
eval_loss = 0.28270208835601807
eval_runtime = 182.7102
eval_samples_per_second = 221.279
