epoch = 4.53
eval_accuracy = 0.9118229037843186
eval_combined_score = 0.8973363146965364
eval_f1 = 0.8828497256087542
eval_loss = 0.5313652753829956
eval_runtime = 184.0482
eval_samples_per_second = 219.671
