epoch = 3.39
eval_accuracy = 0.9091021518674252
eval_combined_score = 0.8923620212073444
eval_f1 = 0.8756218905472637
eval_loss = 0.41750213503837585
eval_runtime = 193.4108
eval_samples_per_second = 209.037
