epoch = 1.89
eval_accuracy = 0.9078654464506555
eval_combined_score = 0.8926481323925154
eval_f1 = 0.8774308183343753
eval_loss = 0.24150216579437256
eval_runtime = 182.4614
eval_samples_per_second = 221.581
