epoch = 0.73
eval_accuracy = 0.8849121939154093
eval_combined_score = 0.8706084084984229
eval_f1 = 0.8563046230814365
eval_loss = 0.28511106967926025
eval_runtime = 182.1703
eval_samples_per_second = 221.935
