epoch = 6.57
eval_accuracy = 0.9155577541429631
eval_combined_score = 0.9012257363346673
eval_f1 = 0.8868937185263714
eval_loss = 0.6382879614830017
eval_runtime = 180.2546
eval_samples_per_second = 224.294
