epoch = 4.79
eval_accuracy = 0.9133316843927777
eval_combined_score = 0.897798830570826
eval_f1 = 0.8822659767488744
eval_loss = 0.4535318613052368
eval_runtime = 184.2185
eval_samples_per_second = 219.468
