epoch = 5.3
eval_accuracy = 0.9147415285678951
eval_combined_score = 0.8991227667172843
eval_f1 = 0.8835040048666735
eval_loss = 0.5550233125686646
eval_runtime = 183.5431
eval_samples_per_second = 220.275
