epoch = 2.64
eval_accuracy = 0.909596834034133
eval_combined_score = 0.8950156305340282
eval_f1 = 0.8804344270339233
eval_loss = 0.3543577492237091
eval_runtime = 189.4167
eval_samples_per_second = 213.445
