epoch = 2.44
eval_accuracy = 0.9072223596339352
eval_combined_score = 0.8919231885003212
eval_f1 = 0.8766240173667073
eval_loss = 0.370405375957489
eval_runtime = 189.5307
eval_samples_per_second = 213.316
