epoch = 0.77
eval_accuracy = 0.8940638139995053
eval_combined_score = 0.8752682261579579
eval_f1 = 0.8564726383164103
eval_loss = 0.2845459282398224
eval_runtime = 184.4237
eval_samples_per_second = 219.223
