epoch = 0.88
eval_accuracy = 0.8906752411575563
eval_combined_score = 0.8720811899237795
eval_f1 = 0.8534871386900026
eval_loss = 0.2694619297981262
eval_runtime = 181.7588
eval_samples_per_second = 222.438
