epoch = 2.35
eval_accuracy = 0.9066287410338857
eval_combined_score = 0.8925116130514916
eval_f1 = 0.8783944850690977
eval_loss = 0.3861646354198456
eval_runtime = 185.7541
eval_samples_per_second = 217.653
