epoch = 1.56
eval_accuracy = 0.9034875092752906
eval_combined_score = 0.8869867179939916
eval_f1 = 0.8704859267126925
eval_loss = 0.3033576011657715
eval_runtime = 180.0536
eval_samples_per_second = 224.544
