epoch = 1.17
eval_accuracy = 0.897872866683156
eval_combined_score = 0.8807538645645379
eval_f1 = 0.8636348624459197
eval_loss = 0.2933214008808136
eval_runtime = 180.7888
eval_samples_per_second = 223.631
