epoch = 1.23
eval_accuracy = 0.9009893643334158
eval_combined_score = 0.8840151259173307
eval_f1 = 0.8670408875012455
eval_loss = 0.30353280901908875
eval_runtime = 184.6361
eval_samples_per_second = 218.971
