epoch = 1.01
eval_accuracy = 0.8987385604748949
eval_combined_score = 0.8822677264447509
eval_f1 = 0.8657968924146069
eval_loss = 0.326104074716568
eval_runtime = 182.8739
eval_samples_per_second = 221.081
