epoch = 2.42
eval_accuracy = 0.9093989611674499
eval_combined_score = 0.8939954933111784
eval_f1 = 0.878592025454907
eval_loss = 0.35450103878974915
eval_runtime = 186.6467
eval_samples_per_second = 216.612
