epoch = 6.77
eval_accuracy = 0.9152609448429384
eval_combined_score = 0.9007655142485838
eval_f1 = 0.8862700836542292
eval_loss = 0.6180339455604553
eval_runtime = 182.7017
eval_samples_per_second = 221.29
