epoch = 1.12
eval_accuracy = 0.8971308434330942
eval_combined_score = 0.8801630665308624
eval_f1 = 0.8631952896286306
eval_loss = 0.3282153904438019
eval_runtime = 182.1781
eval_samples_per_second = 221.926
