epoch = 0.51
eval_accuracy = 0.885580014840465
eval_combined_score = 0.8660328560297765
eval_f1 = 0.8464856972190881
eval_loss = 0.27579906582832336
eval_runtime = 181.8515
eval_samples_per_second = 222.324
