epoch = 4.99
eval_accuracy = 0.9151125401929261
eval_combined_score = 0.9008477439893909
eval_f1 = 0.8865829477858559
eval_loss = 0.45366817712783813
eval_runtime = 184.4789
eval_samples_per_second = 219.158
