epoch = 2.24
eval_accuracy = 0.9054167697254514
eval_combined_score = 0.8885430046358648
eval_f1 = 0.8716692395462782
eval_loss = 0.3812412917613983
eval_runtime = 187.354
eval_samples_per_second = 215.795
