epoch = 2.66
eval_accuracy = 0.9102399208508534
eval_combined_score = 0.8945982967050705
eval_f1 = 0.8789566725592876
eval_loss = 0.34392106533050537
eval_runtime = 186.288
eval_samples_per_second = 217.03
