epoch = 2.62
eval_accuracy = 0.9097452386841455
eval_combined_score = 0.8945605635422644
eval_f1 = 0.8793758884003835
eval_loss = 0.3647158145904541
eval_runtime = 187.5371
eval_samples_per_second = 215.584
