epoch = 0.79
eval_accuracy = 0.8963146178580262
eval_combined_score = 0.8796784798647161
eval_f1 = 0.8630423418714062
eval_loss = 0.24774035811424255
eval_runtime = 182.1589
eval_samples_per_second = 221.949
