epoch = 4.05
eval_accuracy = 0.9114024239426168
eval_combined_score = 0.8968950653992044
eval_f1 = 0.8823877068557919
eval_loss = 0.4626469910144806
eval_runtime = 180.8651
eval_samples_per_second = 223.537
