epoch = 0.48
eval_accuracy = 0.8813257482067771
eval_combined_score = 0.8656472393316562
eval_f1 = 0.8499687304565353
eval_loss = 0.2858450710773468
eval_runtime = 180.9157
eval_samples_per_second = 223.474
