epoch = 2.31
eval_accuracy = 0.9076675735839723
eval_combined_score = 0.8925908823066366
eval_f1 = 0.8775141910293008
eval_loss = 0.36874258518218994
eval_runtime = 187.4154
eval_samples_per_second = 215.724
