epoch = 6.95
eval_accuracy = 0.9162255750680188
eval_combined_score = 0.9018671466957219
eval_f1 = 0.8875087183234249
eval_loss = 0.6098583936691284
eval_runtime = 180.2099
eval_samples_per_second = 224.349
