epoch = 2.09
eval_accuracy = 0.9054662379421222
eval_combined_score = 0.8904733939433683
eval_f1 = 0.8754805499446144
eval_loss = 0.38107535243034363
eval_runtime = 186.1422
eval_samples_per_second = 217.2
