epoch = 6.71
eval_accuracy = 0.9155330200346278
eval_combined_score = 0.9012810159553205
eval_f1 = 0.8870290118760132
eval_loss = 0.6102584600448608
eval_runtime = 181.4122
eval_samples_per_second = 222.863
