epoch = 4.55
eval_accuracy = 0.9130348750927529
eval_combined_score = 0.8971896837666788
eval_f1 = 0.8813444924406048
eval_loss = 0.5254305005073547
eval_runtime = 186.0705
eval_samples_per_second = 217.283
