epoch = 3.91
eval_accuracy = 0.9123917882760326
eval_combined_score = 0.8984371047570237
eval_f1 = 0.8844824212380146
eval_loss = 0.42484259605407715
eval_runtime = 182.2033
eval_samples_per_second = 221.895
