epoch = 2.07
eval_accuracy = 0.9085085332673757
eval_combined_score = 0.8920297267151063
eval_f1 = 0.8755509201628369
eval_loss = 0.3659292459487915
eval_runtime = 180.8302
eval_samples_per_second = 223.58
