epoch = 4.71
eval_accuracy = 0.9128617363344051
eval_combined_score = 0.8976730710425487
eval_f1 = 0.8824844057506921
eval_loss = 0.48623618483543396
eval_runtime = 182.9898
eval_samples_per_second = 220.941
