epoch = 5.34
eval_accuracy = 0.9148651991095721
eval_combined_score = 0.899947129583512
eval_f1 = 0.885029060057452
eval_loss = 0.5463637709617615
eval_runtime = 185.2441
eval_samples_per_second = 218.253
