epoch = 4.84
eval_accuracy = 0.913727430126144
eval_combined_score = 0.899015764950295
eval_f1 = 0.8843040997744461
eval_loss = 0.5047476887702942
eval_runtime = 184.8321
eval_samples_per_second = 218.739
