epoch = 4.11
eval_accuracy = 0.9113529557259461
eval_combined_score = 0.8973697166213513
eval_f1 = 0.8833864775167566
eval_loss = 0.5294387340545654
eval_runtime = 179.7079
eval_samples_per_second = 224.976
