epoch = 5.5
eval_accuracy = 0.9143952510511996
eval_combined_score = 0.899803177580258
eval_f1 = 0.8852111041093165
eval_loss = 0.5580145120620728
eval_runtime = 172.2851
eval_samples_per_second = 234.669
