epoch = 0.62
eval_accuracy = 0.8923571605243631
eval_combined_score = 0.8732074199670776
eval_f1 = 0.854057679409792
eval_loss = 0.2540990710258484
eval_runtime = 181.6943
eval_samples_per_second = 222.517
