epoch = 0.18
eval_accuracy = 0.8667326242888944
eval_combined_score = 0.8432599505149068
eval_f1 = 0.8197872767409191
eval_loss = 0.3056114614009857
eval_runtime = 181.855
eval_samples_per_second = 222.32
