epoch = 3.32
eval_accuracy = 0.9089537472174128
eval_combined_score = 0.8918343495285186
eval_f1 = 0.8747149518396243
eval_loss = 0.3848823308944702
eval_runtime = 202.1409
eval_samples_per_second = 200.009
