epoch = 0.24
eval_accuracy = 0.8610437793717537
eval_combined_score = 0.8455037298795814
eval_f1 = 0.8299636803874092
eval_loss = 0.3392942249774933
eval_runtime = 182.0484
eval_samples_per_second = 222.084
