epoch = 2.22
eval_accuracy = 0.9083601286173634
eval_combined_score = 0.8922297583193161
eval_f1 = 0.8760993880212687
eval_loss = 0.3714752495288849
eval_runtime = 187.2167
eval_samples_per_second = 215.953
