epoch = 5.98
eval_accuracy = 0.9163739797180311
eval_combined_score = 0.9019026549164486
eval_f1 = 0.887431330114866
eval_loss = 0.5790632963180542
eval_runtime = 178.4977
eval_samples_per_second = 226.502
