epoch = 3.85
eval_accuracy = 0.9121939154093495
eval_combined_score = 0.8978887856052453
eval_f1 = 0.8835836558011413
eval_loss = 0.4709014296531677
eval_runtime = 192.0388
eval_samples_per_second = 210.53
