epoch = 3.34
eval_accuracy = 0.9100915162008409
eval_combined_score = 0.893778271162952
eval_f1 = 0.8774650261250632
eval_loss = 0.43167322874069214
eval_runtime = 200.2351
eval_samples_per_second = 201.913
