epoch = 6.44
eval_accuracy = 0.916176106851348
eval_combined_score = 0.9016630259540613
eval_f1 = 0.8871499450567747
eval_loss = 0.6173439621925354
eval_runtime = 182.0897
eval_samples_per_second = 222.033
