epoch = 4.57
eval_accuracy = 0.9130101409844175
eval_combined_score = 0.8980617855708088
eval_f1 = 0.8831134301572003
eval_loss = 0.5175546407699585
eval_runtime = 183.5144
eval_samples_per_second = 220.31
