epoch = 5.76
eval_accuracy = 0.9153846153846154
eval_combined_score = 0.9009950356581004
eval_f1 = 0.8866054559315854
eval_loss = 0.5990145802497864
eval_runtime = 182.2233
eval_samples_per_second = 221.871
