epoch = 1.98
eval_accuracy = 0.9069750185505813
eval_combined_score = 0.8904194608465419
eval_f1 = 0.8738639031425025
eval_loss = 0.27900928258895874
eval_runtime = 183.9478
eval_samples_per_second = 219.791
