epoch = 6.93
eval_accuracy = 0.9162255750680188
eval_combined_score = 0.9018409815861775
eval_f1 = 0.8874563881043362
eval_loss = 0.6144677400588989
eval_runtime = 181.8968
eval_samples_per_second = 222.269
