epoch = 2.2
eval_accuracy = 0.9078654464506555
eval_combined_score = 0.8919423754137119
eval_f1 = 0.8760193043767683
eval_loss = 0.3807610273361206
eval_runtime = 186.8761
eval_samples_per_second = 216.347
