epoch = 3.21
eval_accuracy = 0.9085827355923819
eval_combined_score = 0.8936654246166096
eval_f1 = 0.8787481136408372
eval_loss = 0.45757225155830383
eval_runtime = 194.015
eval_samples_per_second = 208.386
