epoch = 4.29
eval_accuracy = 0.9120702448676725
eval_combined_score = 0.897003539291463
eval_f1 = 0.8819368337152537
eval_loss = 0.5566160678863525
eval_runtime = 184.9887
eval_samples_per_second = 218.554
