epoch = 6.35
eval_accuracy = 0.9157308929013109
eval_combined_score = 0.9009664184270074
eval_f1 = 0.8862019439527038
eval_loss = 0.6255165934562683
eval_runtime = 182.1451
eval_samples_per_second = 221.966
