epoch = 5.39
eval_accuracy = 0.9147167944595598
eval_combined_score = 0.9001168805288038
eval_f1 = 0.8855169665980478
eval_loss = 0.4820523262023926
eval_runtime = 175.3615
eval_samples_per_second = 230.552
