epoch = 1.54
eval_accuracy = 0.9042790007420233
eval_combined_score = 0.8874972875027014
eval_f1 = 0.8707155742633794
eval_loss = 0.2845120429992676
eval_runtime = 183.2081
eval_samples_per_second = 220.678
