eval_accuracy = 0.8553921568627451
eval_combined_score = 0.8739620165005892
eval_f1 = 0.8925318761384335
eval_loss = 0.35985785722732544
eval_runtime = 1.7588
eval_samples_per_second = 231.972
