eval_accuracy = 0.8627450980392157
eval_combined_score = 0.8834273435401558
eval_f1 = 0.904109589041096
eval_loss = 0.33074042201042175
eval_runtime = 1.7566
eval_samples_per_second = 232.267
