eval_accuracy = 0.5147058823529411
eval_combined_score = 0.49405506883604505
eval_f1 = 0.473404255319149
eval_loss = 0.682927668094635
eval_runtime = 1.8211
eval_samples_per_second = 224.036
