eval_accuracy = 0.5759803921568627
eval_combined_score = 0.5701060650960637
eval_f1 = 0.5642317380352645
eval_loss = 0.742056131362915
eval_runtime = 2.0379
eval_samples_per_second = 200.205
