eval_accuracy = 0.8455882352941176
eval_combined_score = 0.8710699797160244
eval_f1 = 0.896551724137931
eval_loss = 0.48711222410202026
eval_runtime = 2.5222
eval_samples_per_second = 161.767
