eval_accuracy = 0.7058823529411765
eval_combined_score = 0.7639204049572351
eval_f1 = 0.8219584569732937
eval_loss = 0.7213059067726135
eval_runtime = 1.8193
eval_samples_per_second = 224.262
