eval_accuracy = 0.8431372549019608
eval_combined_score = 0.8667741069030352
eval_f1 = 0.8904109589041096
eval_loss = 0.370070219039917
eval_runtime = 1.7549
eval_samples_per_second = 232.491
