eval_accuracy = 0.7426470588235294
eval_combined_score = 0.7881222615829215
eval_f1 = 0.8335974643423137
eval_loss = 0.5251685976982117
eval_runtime = 2.2416
eval_samples_per_second = 182.016
