eval_accuracy = 0.8676470588235294
eval_combined_score = 0.8874317768344451
eval_f1 = 0.9072164948453608
eval_loss = 0.3594494163990021
eval_runtime = 1.8493
eval_samples_per_second = 220.622
