eval_accuracy = 0.8700980392156863
eval_combined_score = 0.8888012011087157
eval_f1 = 0.9075043630017452
eval_loss = 0.36001327633857727
eval_runtime = 1.7468
eval_samples_per_second = 233.568
