eval_accuracy = 0.8627450980392157
eval_combined_score = 0.8819025843552969
eval_f1 = 0.901060070671378
eval_loss = 0.35014793276786804
eval_runtime = 1.7508
eval_samples_per_second = 233.032
