eval_accuracy = 0.8676470588235294
eval_combined_score = 0.8867852018856324
eval_f1 = 0.9059233449477352
eval_loss = 0.34458833932876587
eval_runtime = 1.8381
eval_samples_per_second = 221.965
