eval_accuracy = 0.6397058823529411
eval_combined_score = 0.6516607214968366
eval_f1 = 0.6636155606407322
eval_loss = 0.5981605648994446
eval_runtime = 2.2318
eval_samples_per_second = 182.813
