eval_accuracy = 0.7058823529411765
eval_combined_score = 0.72473604826546
eval_f1 = 0.7435897435897435
eval_loss = 0.5510606169700623
eval_runtime = 1.8122
eval_samples_per_second = 225.137
