eval_accuracy = 0.35294117647058826
eval_combined_score = 0.23351756810106594
eval_f1 = 0.11409395973154363
eval_loss = 0.8895495533943176
eval_runtime = 1.723
eval_samples_per_second = 236.802
