eval_accuracy = 0.8357843137254902
eval_combined_score = 0.8608223101847213
eval_f1 = 0.8858603066439524
eval_loss = 0.36144551634788513
eval_runtime = 1.7543
eval_samples_per_second = 232.565
