eval_accuracy = 0.8725490196078431
eval_combined_score = 0.8909783425565347
eval_f1 = 0.9094076655052264
eval_loss = 0.3554227352142334
eval_runtime = 1.7648
eval_samples_per_second = 231.192
