eval_accuracy = 0.8357843137254902
eval_combined_score = 0.8612085697223052
eval_f1 = 0.8866328257191202
eval_loss = 0.42485472559928894
eval_runtime = 1.7479
eval_samples_per_second = 233.425
