eval_accuracy = 0.8578431372549019
eval_combined_score = 0.8756127450980391
eval_f1 = 0.8933823529411764
eval_loss = 0.35278427600860596
eval_runtime = 1.8466
eval_samples_per_second = 220.944
