eval_accuracy = 0.8676470588235294
eval_combined_score = 0.887905162064826
eval_f1 = 0.9081632653061223
eval_loss = 0.35736069083213806
eval_runtime = 1.7929
eval_samples_per_second = 227.563
