eval_accuracy = 0.8553921568627451
eval_combined_score = 0.8782823430879889
eval_f1 = 0.9011725293132328
eval_loss = 0.42063894867897034
eval_runtime = 2.0847
eval_samples_per_second = 195.713
