eval_accuracy = 0.8235294117647058
eval_combined_score = 0.8501208702659145
eval_f1 = 0.8767123287671232
eval_loss = 0.41185805201530457
eval_runtime = 2.0933
eval_samples_per_second = 194.907
