eval_accuracy = 0.8627450980392157
eval_combined_score = 0.8827614379084967
eval_f1 = 0.9027777777777778
eval_loss = 0.35277870297431946
eval_runtime = 1.7641
eval_samples_per_second = 231.278
