eval_accuracy = 0.7892156862745098
eval_combined_score = 0.8261365055576371
eval_f1 = 0.8630573248407644
eval_loss = 0.43573737144470215
eval_runtime = 1.7501
eval_samples_per_second = 233.125
