epoch = 1.1
eval_accuracy = 0.862286411716843
eval_loss = 0.46397340297698975
eval_runtime = 42.6881
eval_samples_per_second = 230.322
