epoch = 5.64
eval_accuracy = 0.8663547599674533
eval_loss = 0.9299039244651794
eval_runtime = 46.9018
eval_samples_per_second = 209.63
