epoch = 6.72
eval_accuracy = 0.8692026037428804
eval_loss = 1.0133922100067139
eval_runtime = 44.714
eval_samples_per_second = 219.886
