epoch = 5.28
eval_accuracy = 0.8685923515052889
eval_loss = 0.8640631437301636
eval_runtime = 43.0276
eval_samples_per_second = 228.505
