epoch = 1.75
eval_accuracy = 0.8607607811228641
eval_loss = 0.40728437900543213
eval_runtime = 46.8741
eval_samples_per_second = 209.753
