epoch = 4.73
eval_accuracy = 0.8651342554922702
eval_loss = 0.8353455066680908
eval_runtime = 45.1318
eval_samples_per_second = 217.851
