epoch = 0.65
eval_accuracy = 0.8567941415785191
eval_loss = 0.38727128505706787
eval_runtime = 44.2134
eval_samples_per_second = 222.376
