epoch = 6.42
eval_accuracy = 0.8691008950366151
eval_loss = 0.9703642129898071
eval_runtime = 44.7151
eval_samples_per_second = 219.881
