epoch = 3.4
eval_accuracy = 0.8663547599674533
eval_loss = 0.7434824705123901
eval_runtime = 45.5149
eval_samples_per_second = 216.017
