epoch = 4.6
eval_accuracy = 0.8657445077298617
eval_loss = 0.8451182842254639
eval_runtime = 45.0742
eval_samples_per_second = 218.129
