epoch = 5.46
eval_accuracy = 0.8663547599674533
eval_loss = 0.9072761535644531
eval_runtime = 44.665
eval_samples_per_second = 220.128
