epoch = 4.12
eval_accuracy = 0.8643205858421481
eval_loss = 0.8302101492881775
eval_runtime = 50.9581
eval_samples_per_second = 192.943
