epoch = 6.13
eval_accuracy = 0.8682872253864931
eval_loss = 0.9710891246795654
eval_runtime = 45.2541
eval_samples_per_second = 217.262
