epoch = 0.41
eval_accuracy = 0.8466232709519935
eval_loss = 0.41277608275413513
eval_runtime = 48.0265
eval_samples_per_second = 204.72
