epoch = 2.0
eval_accuracy = 0.8623881204231082
eval_loss = 0.43733686208724976
eval_runtime = 45.1123
eval_samples_per_second = 217.945
