epoch = 1.61
eval_accuracy = 0.8652359641985354
eval_loss = 0.41351887583732605
eval_runtime = 45.9777
eval_samples_per_second = 213.843
