epoch = 5.89
eval_accuracy = 0.8664564686737185
eval_loss = 0.9070232510566711
eval_runtime = 50.0718
eval_samples_per_second = 196.358
