epoch = 2.65
eval_accuracy = 0.8672701383238405
eval_loss = 0.5702938437461853
eval_runtime = 44.1866
eval_samples_per_second = 222.511
