epoch = 1.79
eval_accuracy = 0.863506916192026
eval_loss = 0.43293264508247375
eval_runtime = 45.8854
eval_samples_per_second = 214.273
