epoch = 6.01
eval_accuracy = 0.8681855166802278
eval_loss = 0.9263057112693787
eval_runtime = 49.4756
eval_samples_per_second = 198.724
