epoch = 3.46
eval_accuracy = 0.8668633034987795
eval_loss = 0.7356571555137634
eval_runtime = 42.8739
eval_samples_per_second = 229.324
