epoch = 5.89
eval_accuracy = 0.8664564686737185
eval_loss = 0.9070232510566711
eval_runtime = 48.119
eval_samples_per_second = 204.327
