epoch = 4.3
eval_accuracy = 0.8654393816110659
eval_loss = 0.8228036165237427
eval_runtime = 44.7819
eval_samples_per_second = 219.553
