epoch = 3.16
eval_accuracy = 0.8664564686737185
eval_loss = 0.6902782917022705
eval_runtime = 46.9832
eval_samples_per_second = 209.267
