epoch = 2.85
eval_accuracy = 0.8668633034987795
eval_loss = 0.5521848201751709
eval_runtime = 46.1027
eval_samples_per_second = 213.263
