epoch = 0.06
eval_accuracy = 0.7924125305126118
eval_loss = 0.5643625855445862
eval_runtime = 44.6851
eval_samples_per_second = 220.029
