epoch = 1.24
eval_accuracy = 0.8633034987794955
eval_loss = 0.45704659819602966
eval_runtime = 43.9576
eval_samples_per_second = 223.67
