epoch = 4.14
eval_accuracy = 0.8652359641985354
eval_loss = 0.8284014463424683
eval_runtime = 49.8173
eval_samples_per_second = 197.361
