epoch = 6.09
eval_accuracy = 0.8693043124491456
eval_loss = 0.9563754200935364
eval_runtime = 44.8022
eval_samples_per_second = 219.454
