epoch = 4.71
eval_accuracy = 0.8689991863303499
eval_loss = 0.8238646984100342
eval_runtime = 44.2059
eval_samples_per_second = 222.414
