epoch = 3.71
eval_accuracy = 0.8692026037428804
eval_loss = 0.7057324051856995
eval_runtime = 49.7792
eval_samples_per_second = 197.512
