epoch = 4.22
eval_accuracy = 0.8686940602115542
eval_loss = 0.8793732523918152
eval_runtime = 43.0646
eval_samples_per_second = 228.308
