epoch = 4.62
eval_accuracy = 0.866659886086249
eval_loss = 0.8148432970046997
eval_runtime = 43.1651
eval_samples_per_second = 227.777
