epoch = 4.81
eval_accuracy = 0.8651342554922702
eval_loss = 0.814782977104187
eval_runtime = 42.535
eval_samples_per_second = 231.151
