epoch = 2.75
eval_accuracy = 0.8653376729048007
eval_loss = 0.49359196424484253
eval_runtime = 45.239
eval_samples_per_second = 217.334
