epoch = 6.87
eval_accuracy = 0.8700162733930025
eval_loss = 1.0082433223724365
eval_runtime = 45.7618
eval_samples_per_second = 214.852
