epoch = 4.93
eval_accuracy = 0.866659886086249
eval_loss = 0.8436087369918823
eval_runtime = 42.5634
eval_samples_per_second = 230.997
