epoch = 4.44
eval_accuracy = 0.8669650122050447
eval_loss = 0.8161956071853638
eval_runtime = 44.3192
eval_samples_per_second = 221.845
