epoch = 5.48
eval_accuracy = 0.8671684296175752
eval_loss = 0.9309624433517456
eval_runtime = 45.3188
eval_samples_per_second = 216.952
