epoch = 6.23
eval_accuracy = 0.8687957689178194
eval_loss = 1.0172553062438965
eval_runtime = 46.5594
eval_samples_per_second = 211.171
