epoch = 1.71
eval_accuracy = 0.8660496338486574
eval_loss = 0.42163926362991333
eval_runtime = 45.1793
eval_samples_per_second = 217.622
