epoch = 4.01
eval_accuracy = 0.8681855166802278
eval_loss = 0.7912658452987671
eval_runtime = 45.1984
eval_samples_per_second = 217.53
