epoch = 4.32
eval_accuracy = 0.8640154597233524
eval_loss = 0.8358775973320007
eval_runtime = 43.1013
eval_samples_per_second = 228.114
