epoch = 1.91
eval_accuracy = 0.8643205858421481
eval_loss = 0.4139644205570221
eval_runtime = 45.2524
eval_samples_per_second = 217.27
