epoch = 2.81
eval_accuracy = 0.8661513425549227
eval_loss = 0.5961948037147522
eval_runtime = 45.8529
eval_samples_per_second = 214.425
