epoch = 4.58
eval_accuracy = 0.8657445077298617
eval_loss = 0.8352001309394836
eval_runtime = 45.9035
eval_samples_per_second = 214.189
