epoch = 1.69
eval_accuracy = 0.8584214808787632
eval_loss = 0.4397270679473877
eval_runtime = 45.7618
eval_samples_per_second = 214.851
