epoch = 3.22
eval_accuracy = 0.8639137510170871
eval_loss = 0.6845716238021851
eval_runtime = 42.0197
eval_samples_per_second = 233.985
