epoch = 0.84
eval_accuracy = 0.8610659072416599
eval_loss = 0.38678863644599915
eval_runtime = 45.0692
eval_samples_per_second = 218.153
