epoch = 2.63
eval_accuracy = 0.8632017900732303
eval_loss = 0.5768755674362183
eval_runtime = 42.9422
eval_samples_per_second = 228.959
