epoch = 2.14
eval_accuracy = 0.863100081366965
eval_loss = 0.6190207600593567
eval_runtime = 43.5846
eval_samples_per_second = 225.584
