epoch = 4.26
eval_accuracy = 0.8663547599674533
eval_loss = 0.8229792714118958
eval_runtime = 42.5083
eval_samples_per_second = 231.296
