epoch = 2.75
eval_accuracy = 0.8653376729048007
eval_loss = 0.49359196424484253
eval_runtime = 44.2721
eval_samples_per_second = 222.081
