epoch = 6.95
eval_accuracy = 0.8703213995117982
eval_loss = 1.0065622329711914
eval_runtime = 47.1627
eval_samples_per_second = 208.47
