epoch = 6.7
eval_accuracy = 0.8701179820992677
eval_loss = 1.0075606107711792
eval_runtime = 47.6418
eval_samples_per_second = 206.374
