epoch = 3.85
eval_accuracy = 0.8678803905614321
eval_loss = 0.6933766603469849
eval_runtime = 45.212
eval_samples_per_second = 217.465
