epoch = 0.22
eval_accuracy = 0.8381814483319772
eval_loss = 0.43053245544433594
eval_runtime = 43.3805
eval_samples_per_second = 226.646
