epoch = 3.14
eval_accuracy = 0.8669650122050447
eval_loss = 0.6835544109344482
eval_runtime = 45.5104
eval_samples_per_second = 216.038
