epoch = 4.97
eval_accuracy = 0.8653376729048007
eval_loss = 0.8415561318397522
eval_runtime = 43.858
eval_samples_per_second = 224.178
