epoch = 5.44
eval_accuracy = 0.8676769731489016
eval_loss = 0.9421573281288147
eval_runtime = 44.5852
eval_samples_per_second = 220.522
