epoch = 4.87
eval_accuracy = 0.8637103336045565
eval_loss = 0.854072630405426
eval_runtime = 43.2289
eval_samples_per_second = 227.441
