epoch = 3.67
eval_accuracy = 0.8694060211554109
eval_loss = 0.6515530943870544
eval_runtime = 48.8733
eval_samples_per_second = 201.173
