epoch = 1.39
eval_accuracy = 0.8542514239218877
eval_loss = 0.4607461392879486
eval_runtime = 44.7374
eval_samples_per_second = 219.771
