epoch = 0.98
eval_accuracy = 0.8637103336045565
eval_loss = 0.3568064570426941
eval_runtime = 42.7314
eval_samples_per_second = 230.088
