epoch = 6.19
eval_accuracy = 0.8672701383238405
eval_loss = 1.004116177558899
eval_runtime = 48.8142
eval_samples_per_second = 201.417
