epoch = 2.99
eval_accuracy = 0.8684906427990235
eval_loss = 0.5288562774658203
eval_runtime = 45.3324
eval_samples_per_second = 216.887
