epoch = 5.13
eval_accuracy = 0.8676769731489016
eval_loss = 0.9132195115089417
eval_runtime = 42.1252
eval_samples_per_second = 233.4
