epoch = 6.11
eval_accuracy = 0.8682872253864931
eval_loss = 0.9849852323532104
eval_runtime = 45.2978
eval_samples_per_second = 217.052
