epoch = 4.64
eval_accuracy = 0.8669650122050447
eval_loss = 0.7910320162773132
eval_runtime = 47.6496
eval_samples_per_second = 206.34
