epoch = 1.04
eval_accuracy = 0.8669650122050447
eval_loss = 0.4576299786567688
eval_runtime = 43.0934
eval_samples_per_second = 228.156
