epoch = 6.91
eval_accuracy = 0.8707282343368592
eval_loss = 1.005703091621399
eval_runtime = 46.7997
eval_samples_per_second = 210.087
