epoch = 4.97
eval_accuracy = 0.8653376729048007
eval_loss = 0.8415561318397522
eval_runtime = 46.3131
eval_samples_per_second = 212.294
