epoch = 6.82
eval_accuracy = 0.8689991863303499
eval_loss = 1.0139626264572144
eval_runtime = 46.4337
eval_samples_per_second = 211.743
