epoch = 0.77
eval_accuracy = 0.8610659072416599
eval_loss = 0.37042003870010376
eval_runtime = 43.7826
eval_samples_per_second = 224.564
