epoch = 4.79
eval_accuracy = 0.8667615947925142
eval_loss = 0.8395821452140808
eval_runtime = 50.1949
eval_samples_per_second = 195.877
