epoch = 5.22
eval_accuracy = 0.8658462164361269
eval_loss = 0.8874373435974121
eval_runtime = 44.7944
eval_samples_per_second = 219.492
