epoch = 2.77
eval_accuracy = 0.8671684296175752
eval_loss = 0.5708169937133789
eval_runtime = 51.8131
eval_samples_per_second = 189.759
