epoch = 6.05
eval_accuracy = 0.8667615947925142
eval_loss = 0.9895607829093933
eval_runtime = 47.5578
eval_samples_per_second = 206.738
