epoch = 3.59
eval_accuracy = 0.8637103336045565
eval_loss = 0.7131878137588501
eval_runtime = 48.5768
eval_samples_per_second = 202.401
