epoch = 4.42
eval_accuracy = 0.8664564686737185
eval_loss = 0.8058277368545532
eval_runtime = 49.2332
eval_samples_per_second = 199.703
