epoch = 0.29
eval_accuracy = 0.8366558177379984
eval_loss = 0.44298601150512695
eval_runtime = 43.7848
eval_samples_per_second = 224.553
