epoch = 4.73
eval_accuracy = 0.8651342554922702
eval_loss = 0.8353455066680908
eval_runtime = 45.6649
eval_samples_per_second = 215.308
