epoch = 2.24
eval_accuracy = 0.8639137510170871
eval_loss = 0.6151828169822693
eval_runtime = 50.2176
eval_samples_per_second = 195.788
