epoch = 4.62
eval_accuracy = 0.866659886086249
eval_loss = 0.8148432970046997
eval_runtime = 43.4268
eval_samples_per_second = 226.404
