epoch = 0.59
eval_accuracy = 0.8529292107404394
eval_loss = 0.4008917212486267
eval_runtime = 43.5938
eval_samples_per_second = 225.537
