epoch = 4.77
eval_accuracy = 0.8677786818551668
eval_loss = 0.799647867679596
eval_runtime = 44.8692
eval_samples_per_second = 219.126
