epoch = 3.26
eval_accuracy = 0.8683889340927583
eval_loss = 0.7018729448318481
eval_runtime = 44.6173
eval_samples_per_second = 220.363
