epoch = 5.87
eval_accuracy = 0.8681855166802278
eval_loss = 0.8682679533958435
eval_runtime = 42.6958
eval_samples_per_second = 230.28
