epoch = 4.69
eval_accuracy = 0.8692026037428804
eval_loss = 0.8405646681785583
eval_runtime = 42.9614
eval_samples_per_second = 228.857
