epoch = 3.97
eval_accuracy = 0.8643205858421481
eval_loss = 0.7311530709266663
eval_runtime = 43.0525
eval_samples_per_second = 228.372
