epoch = 3.93
eval_accuracy = 0.8674735557363711
eval_loss = 0.661392867565155
eval_runtime = 44.205
eval_samples_per_second = 222.418
