epoch = 1.85
eval_accuracy = 0.8653376729048007
eval_loss = 0.41643059253692627
eval_runtime = 45.0846
eval_samples_per_second = 218.079
