epoch = 1.0
eval_accuracy = 0.8621847030105777
eval_loss = 0.3713783621788025
eval_runtime = 43.9762
eval_samples_per_second = 223.575
