epoch = 1.16
eval_accuracy = 0.8590317331163547
eval_loss = 0.42773517966270447
eval_runtime = 41.9186
eval_samples_per_second = 234.55
