epoch = 2.08
eval_accuracy = 0.8645240032546786
eval_loss = 0.5836671590805054
eval_runtime = 43.923
eval_samples_per_second = 223.846
