epoch = 1.32
eval_accuracy = 0.8639137510170871
eval_loss = 0.41970643401145935
eval_runtime = 43.0453
eval_samples_per_second = 228.411
