epoch = 1.83
eval_accuracy = 0.8641171684296176
eval_loss = 0.47132226824760437
eval_runtime = 43.1708
eval_samples_per_second = 227.747
