epoch = 3.54
eval_accuracy = 0.8651342554922702
eval_loss = 0.7189462184906006
eval_runtime = 44.3712
eval_samples_per_second = 221.585
