epoch = 5.68
eval_accuracy = 0.8665581773799838
eval_loss = 0.9255891442298889
eval_runtime = 47.2793
eval_samples_per_second = 207.956
