epoch = 1.14
eval_accuracy = 0.8592351505288853
eval_loss = 0.40313830971717834
eval_runtime = 43.7169
eval_samples_per_second = 224.902
