epoch = 4.91
eval_accuracy = 0.8668633034987795
eval_loss = 0.8361307978630066
eval_runtime = 48.7551
eval_samples_per_second = 201.661
