epoch = 4.5
eval_accuracy = 0.8647274206672091
eval_loss = 0.8115952014923096
eval_runtime = 44.4208
eval_samples_per_second = 221.338
