epoch = 2.32
eval_accuracy = 0.8617778681855167
eval_loss = 0.6191312670707703
eval_runtime = 42.598
eval_samples_per_second = 230.809
