epoch = 0.39
eval_accuracy = 0.850386493083808
eval_loss = 0.40257516503334045
eval_runtime = 44.8328
eval_samples_per_second = 219.304
