epoch = 3.81
eval_accuracy = 0.8669650122050447
eval_loss = 0.684688150882721
eval_runtime = 46.9278
eval_samples_per_second = 209.513
