epoch = 3.63
eval_accuracy = 0.8699145646867372
eval_loss = 0.7119848132133484
eval_runtime = 45.139
eval_samples_per_second = 217.816
