epoch = 5.62
eval_accuracy = 0.8676769731489016
eval_loss = 0.9309672117233276
eval_runtime = 45.278
eval_samples_per_second = 217.148
