epoch = 3.5
eval_accuracy = 0.8653376729048007
eval_loss = 0.7518083453178406
eval_runtime = 44.776
eval_samples_per_second = 219.582
