epoch = 3.71
eval_accuracy = 0.8692026037428804
eval_loss = 0.7057324051856995
eval_runtime = 48.3361
eval_samples_per_second = 203.409
