epoch = 6.58
eval_accuracy = 0.8672701383238405
eval_loss = 1.0272799730300903
eval_runtime = 45.9251
eval_samples_per_second = 214.088
