epoch = 3.28
eval_accuracy = 0.8656427990235964
eval_loss = 0.7680227756500244
eval_runtime = 42.3189
eval_samples_per_second = 232.331
