epoch = 6.58
eval_accuracy = 0.8672701383238405
eval_loss = 1.0272799730300903
eval_runtime = 45.3392
eval_samples_per_second = 216.854
