epoch = 5.19
eval_accuracy = 0.8676769731489016
eval_loss = 0.9339789152145386
eval_runtime = 45.8487
eval_samples_per_second = 214.444
