epoch = 2.71
eval_accuracy = 0.8655410903173312
eval_loss = 0.5451223850250244
eval_runtime = 51.2897
eval_samples_per_second = 191.695
