epoch = 4.34
eval_accuracy = 0.8642188771358829
eval_loss = 0.8117381930351257
eval_runtime = 49.2906
eval_samples_per_second = 199.47
