epoch = 4.07
eval_accuracy = 0.8675752644426363
eval_loss = 0.8217505216598511
eval_runtime = 42.4355
eval_samples_per_second = 231.693
