epoch = 6.99
eval_accuracy = 0.8699145646867372
eval_loss = 1.0061897039413452
eval_runtime = 42.8843
eval_samples_per_second = 229.268
