epoch = 2.65
eval_accuracy = 0.8672701383238405
eval_loss = 0.5702938437461853
eval_runtime = 42.3982
eval_samples_per_second = 231.897
