epoch = 2.53
eval_accuracy = 0.8657445077298617
eval_loss = 0.581786036491394
eval_runtime = 49.8187
eval_samples_per_second = 197.356
