epoch = 4.22
eval_accuracy = 0.8686940602115542
eval_loss = 0.8793732523918152
eval_runtime = 44.3902
eval_samples_per_second = 221.49
