epoch = 4.36
eval_accuracy = 0.8664564686737185
eval_loss = 0.7986438870429993
eval_runtime = 49.7341
eval_samples_per_second = 197.691
