epoch = 4.28
eval_accuracy = 0.8691008950366151
eval_loss = 0.8311073184013367
eval_runtime = 46.5697
eval_samples_per_second = 211.125
