epoch = 4.48
eval_accuracy = 0.866253051261188
eval_loss = 0.8301205635070801
eval_runtime = 46.6633
eval_samples_per_second = 210.701
