epoch = 1.94
eval_accuracy = 0.8649308380797396
eval_loss = 0.41301000118255615
eval_runtime = 44.1091
eval_samples_per_second = 222.902
