epoch = 6.15
eval_accuracy = 0.8680838079739626
eval_loss = 0.981368362903595
eval_runtime = 44.055
eval_samples_per_second = 223.175
