epoch = 3.42
eval_accuracy = 0.8695077298616761
eval_loss = 0.6782116293907166
eval_runtime = 44.2907
eval_samples_per_second = 221.988
