epoch = 0.31
eval_accuracy = 0.8431651749389748
eval_loss = 0.4189153015613556
eval_runtime = 48.7048
eval_samples_per_second = 201.869
