epoch = 0.79
eval_accuracy = 0.858726606997559
eval_loss = 0.3744470775127411
eval_runtime = 42.3188
eval_samples_per_second = 232.331
