epoch = 2.1
eval_accuracy = 0.8643205858421481
eval_loss = 0.6194751262664795
eval_runtime = 43.5294
eval_samples_per_second = 225.87
