epoch = 1.89
eval_accuracy = 0.8658462164361269
eval_loss = 0.4344245493412018
eval_runtime = 42.6334
eval_samples_per_second = 230.617
