epoch = 3.06
eval_accuracy = 0.8667615947925142
eval_loss = 0.7166306972503662
eval_runtime = 46.1703
eval_samples_per_second = 212.951
