epoch = 5.6
eval_accuracy = 0.8663547599674533
eval_loss = 0.9267407059669495
eval_runtime = 46.7857
eval_samples_per_second = 210.15
