epoch = 5.58
eval_accuracy = 0.8688974776240846
eval_loss = 0.9267460107803345
eval_runtime = 47.2494
eval_samples_per_second = 208.087
