epoch = 3.16
eval_accuracy = 0.8664564686737185
eval_loss = 0.6902782917022705
eval_runtime = 44.9556
eval_samples_per_second = 218.705
