epoch = 5.74
eval_accuracy = 0.8668633034987795
eval_loss = 0.9394328594207764
eval_runtime = 49.1208
eval_samples_per_second = 200.16
