epoch = 5.17
eval_accuracy = 0.8680838079739626
eval_loss = 0.9444119334220886
eval_runtime = 42.7635
eval_samples_per_second = 229.916
