epoch = 3.65
eval_accuracy = 0.8617778681855167
eval_loss = 0.8200765252113342
eval_runtime = 45.3777
eval_samples_per_second = 216.67
