epoch = 2.32
eval_accuracy = 0.8617778681855167
eval_loss = 0.6191312670707703
eval_runtime = 43.4069
eval_samples_per_second = 226.508
