epoch = 2.12
eval_accuracy = 0.8649308380797396
eval_loss = 0.5921499133110046
eval_runtime = 50.2121
eval_samples_per_second = 195.809
