epoch = 5.7
eval_accuracy = 0.8677786818551668
eval_loss = 0.9144257307052612
eval_runtime = 44.5575
eval_samples_per_second = 220.659
