epoch = 0.63
eval_accuracy = 0.8559804719283971
eval_loss = 0.39083677530288696
eval_runtime = 45.8064
eval_samples_per_second = 214.643
