epoch = 5.05
eval_accuracy = 0.8647274206672091
eval_loss = 0.9299705624580383
eval_runtime = 51.4878
eval_samples_per_second = 190.958
