epoch = 1.18
eval_accuracy = 0.8658462164361269
eval_loss = 0.41639992594718933
eval_runtime = 48.4388
eval_samples_per_second = 202.978
