epoch = 3.57
eval_accuracy = 0.8639137510170871
eval_loss = 0.7492881417274475
eval_runtime = 44.5664
eval_samples_per_second = 220.615
