epoch = 6.17
eval_accuracy = 0.8697111472742066
eval_loss = 0.9937462210655212
eval_runtime = 44.2029
eval_samples_per_second = 222.429
