epoch = 0.69
eval_accuracy = 0.8612693246541904
eval_loss = 0.3750995099544525
eval_runtime = 44.6643
eval_samples_per_second = 220.131
