epoch = 2.99
eval_accuracy = 0.8684906427990235
eval_loss = 0.5288562774658203
eval_runtime = 43.3898
eval_samples_per_second = 226.597
