epoch = 0.92
eval_accuracy = 0.861879576891782
eval_loss = 0.3912990391254425
eval_runtime = 45.9801
eval_samples_per_second = 213.832
