epoch = 0.73
eval_accuracy = 0.8486574450772986
eval_loss = 0.3971524238586426
eval_runtime = 42.9713
eval_samples_per_second = 228.804
