epoch = 3.44
eval_accuracy = 0.8652359641985354
eval_loss = 0.7341287732124329
eval_runtime = 41.2066
eval_samples_per_second = 238.602
