epoch = 3.95
eval_accuracy = 0.8645240032546786
eval_loss = 0.7188329100608826
eval_runtime = 45.2049
eval_samples_per_second = 217.499
