epoch = 0.49
eval_accuracy = 0.8513018714401953
eval_loss = 0.40443041920661926
eval_runtime = 44.5954
eval_samples_per_second = 220.471
