epoch = 3.79
eval_accuracy = 0.8658462164361269
eval_loss = 0.660599946975708
eval_runtime = 44.6868
eval_samples_per_second = 220.02
