epoch = 4.14
eval_accuracy = 0.8652359641985354
eval_loss = 0.8284014463424683
eval_runtime = 51.8869
eval_samples_per_second = 189.489
