epoch = 5.99
eval_accuracy = 0.8673718470301057
eval_loss = 0.938626766204834
eval_runtime = 45.4306
eval_samples_per_second = 216.418
