epoch = 4.54
eval_accuracy = 0.8609641985353946
eval_loss = 0.8288557529449463
eval_runtime = 45.0679
eval_samples_per_second = 218.16
