epoch = 2.3
eval_accuracy = 0.8623881204231082
eval_loss = 0.6093231439590454
eval_runtime = 44.4491
eval_samples_per_second = 221.197
