epoch = 1.67
eval_accuracy = 0.862286411716843
eval_loss = 0.42926695942878723
eval_runtime = 45.0349
eval_samples_per_second = 218.32
