epoch = 4.77
eval_accuracy = 0.8677786818551668
eval_loss = 0.799647867679596
eval_runtime = 45.5588
eval_samples_per_second = 215.809
