epoch = 3.77
eval_accuracy = 0.866253051261188
eval_loss = 0.7388362884521484
eval_runtime = 45.0983
eval_samples_per_second = 218.013
