epoch = 3.95
eval_accuracy = 0.8645240032546786
eval_loss = 0.7188329100608826
eval_runtime = 43.0203
eval_samples_per_second = 228.543
