epoch = 3.3
eval_accuracy = 0.8686940602115542
eval_loss = 0.7234394550323486
eval_runtime = 45.2775
eval_samples_per_second = 217.15
