epoch = 2.53
eval_accuracy = 0.8657445077298617
eval_loss = 0.581786036491394
eval_runtime = 47.4241
eval_samples_per_second = 207.321
