epoch = 1.45
eval_accuracy = 0.8594385679414158
eval_loss = 0.4130517840385437
eval_runtime = 43.3004
eval_samples_per_second = 227.065
