epoch = 2.93
eval_accuracy = 0.8679820992676973
eval_loss = 0.557788610458374
eval_runtime = 50.197
eval_samples_per_second = 195.868
