epoch = 1.06
eval_accuracy = 0.8639137510170871
eval_loss = 0.4303400218486786
eval_runtime = 43.1573
eval_samples_per_second = 227.818
