epoch = 6.8
eval_accuracy = 0.8696094385679414
eval_loss = 1.0063718557357788
eval_runtime = 45.1936
eval_samples_per_second = 217.553
