epoch = 1.59
eval_accuracy = 0.863100081366965
eval_loss = 0.42098912596702576
eval_runtime = 45.3501
eval_samples_per_second = 216.802
