epoch = 2.87
eval_accuracy = 0.870626525630594
eval_loss = 0.5695109367370605
eval_runtime = 45.2932
eval_samples_per_second = 217.075
