epoch = 2.06
eval_accuracy = 0.8621847030105777
eval_loss = 0.6082544922828674
eval_runtime = 42.9177
eval_samples_per_second = 229.089
