epoch = 3.32
eval_accuracy = 0.863506916192026
eval_loss = 0.7665475010871887
eval_runtime = 48.1452
eval_samples_per_second = 204.216
