eval_accuracy = 0.6245487364620939
eval_loss = 0.661798894405365
eval_runtime = 1.0346
eval_samples_per_second = 267.742
