eval_accuracy = 0.6064981949458483
eval_loss = 0.6747828722000122
eval_runtime = 1.0433
eval_samples_per_second = 265.497
