eval_accuracy = 0.6064981949458483
eval_loss = 0.6713079214096069
eval_runtime = 1.0663
eval_samples_per_second = 259.783
