eval_accuracy = 0.5306859205776173
eval_loss = 0.7244604229927063
eval_runtime = 1.0312
eval_samples_per_second = 268.632
