eval_accuracy = 0.6028880866425993
eval_loss = 0.6803288459777832
eval_runtime = 1.0526
eval_samples_per_second = 263.157
