eval_accuracy = 0.5703971119133574
eval_loss = 0.6790500283241272
eval_runtime = 1.0487
eval_samples_per_second = 264.148
