eval_accuracy = 0.5487364620938628
eval_loss = 0.7111515402793884
eval_runtime = 1.028
eval_samples_per_second = 269.451
