eval_accuracy = 0.516245487364621
eval_loss = 0.6895679235458374
eval_runtime = 1.0422
eval_samples_per_second = 265.782
