eval_accuracy = 0.6209386281588448
eval_loss = 0.6634946465492249
eval_runtime = 1.0418
eval_samples_per_second = 265.896
