eval_accuracy = 0.6101083032490975
eval_loss = 0.659537672996521
eval_runtime = 1.0398
eval_samples_per_second = 266.398
