eval_accuracy = 0.6137184115523465
eval_loss = 0.6640926003456116
eval_runtime = 1.0388
eval_samples_per_second = 266.653
