eval_accuracy = 0.6137184115523465
eval_loss = 0.6894641518592834
eval_runtime = 1.0417
eval_samples_per_second = 265.913
