eval_accuracy = 0.6173285198555957
eval_loss = 0.6624544858932495
eval_runtime = 1.0971
eval_samples_per_second = 252.486
