eval_accuracy = 0.6137184115523465
eval_loss = 0.6626665592193604
eval_runtime = 1.0678
eval_samples_per_second = 259.416
