eval_accuracy = 0.5595667870036101
eval_loss = 0.7357895374298096
eval_runtime = 1.0336
eval_samples_per_second = 267.993
