eval_accuracy = 0.5992779783393501
eval_loss = 0.6687796115875244
eval_runtime = 1.0398
eval_samples_per_second = 266.387
