eval_accuracy = 0.6137184115523465
eval_loss = 0.6600723266601562
eval_runtime = 1.0404
eval_samples_per_second = 266.252
