eval_accuracy = 0.5667870036101083
eval_loss = 0.6883395910263062
eval_runtime = 1.0329
eval_samples_per_second = 268.164
