eval_accuracy = 0.5667870036101083
eval_loss = 0.6838934421539307
eval_runtime = 1.0503
eval_samples_per_second = 263.738
