eval_accuracy = 0.6101083032490975
eval_loss = 0.665332555770874
eval_runtime = 1.1886
eval_samples_per_second = 233.039
