eval_accuracy = 0.6173285198555957
eval_loss = 0.6653329133987427
eval_runtime = 1.0332
eval_samples_per_second = 268.102
