eval_accuracy = 0.592057761732852
eval_loss = 0.6901091933250427
eval_runtime = 1.0779
eval_samples_per_second = 256.977
