eval_accuracy = 0.6137184115523465
eval_loss = 0.6624602675437927
eval_runtime = 1.0401
eval_samples_per_second = 266.328
