eval_accuracy = 0.5956678700361011
eval_loss = 0.6840454936027527
eval_runtime = 1.2183
eval_samples_per_second = 227.36
