eval_accuracy = 0.5342960288808665
eval_loss = 0.7019606232643127
eval_runtime = 1.1804
eval_samples_per_second = 234.671
