eval_accuracy = 0.6137184115523465
eval_loss = 0.6647999882698059
eval_runtime = 1.0419
eval_samples_per_second = 265.853
