eval_accuracy = 0.6137184115523465
eval_loss = 0.6619892716407776
eval_runtime = 1.035
eval_samples_per_second = 267.625
