eval_accuracy = 0.6209386281588448
eval_loss = 0.6621372103691101
eval_runtime = 1.0865
eval_samples_per_second = 254.937
