eval_accuracy = 0.5884476534296029
eval_loss = 0.6684054732322693
eval_runtime = 1.0395
eval_samples_per_second = 266.473
