eval_accuracy = 0.592057761732852
eval_loss = 0.6823663115501404
eval_runtime = 1.0558
eval_samples_per_second = 262.356
