eval_accuracy = 0.5740072202166066
eval_loss = 0.7305928468704224
eval_runtime = 1.3095
eval_samples_per_second = 211.529
