eval_accuracy = 0.6028880866425993
eval_loss = 0.666662335395813
eval_runtime = 1.1611
eval_samples_per_second = 238.571
