eval_accuracy = 0.6173285198555957
eval_loss = 0.6627609729766846
eval_runtime = 1.0311
eval_samples_per_second = 268.64
