eval_accuracy = 0.6137184115523465
eval_loss = 0.6635599136352539
eval_runtime = 1.0351
eval_samples_per_second = 267.595
