eval_accuracy = 0.6173285198555957
eval_loss = 0.6662734150886536
eval_runtime = 1.0404
eval_samples_per_second = 266.233
