eval_accuracy = 0.6137184115523465
eval_loss = 0.6630484461784363
eval_runtime = 1.0452
eval_samples_per_second = 265.019
