eval_accuracy = 0.5812274368231047
eval_loss = 0.6762441992759705
eval_runtime = 1.0491
eval_samples_per_second = 264.026
