eval_accuracy = 0.5992779783393501
eval_loss = 0.6702057719230652
eval_runtime = 1.0441
eval_samples_per_second = 265.308
