eval_accuracy = 0.9071100917431193
eval_loss = 0.2445504367351532
eval_runtime = 3.3047
eval_samples_per_second = 263.867
