eval_accuracy = 0.9013761467889908
eval_loss = 0.2458491176366806
eval_runtime = 3.7156
eval_samples_per_second = 234.684
