eval_accuracy = 0.5401376146788991
eval_loss = 0.6808870434761047
eval_runtime = 3.3559
eval_samples_per_second = 259.841
