eval_accuracy = 0.9094036697247706
eval_loss = 0.24008241295814514
eval_runtime = 3.3644
eval_samples_per_second = 259.183
