eval_accuracy = 0.9094036697247706
eval_loss = 0.2415604144334793
eval_runtime = 3.3481
eval_samples_per_second = 260.446
