eval_accuracy = 0.911697247706422
eval_loss = 0.23919282853603363
eval_runtime = 3.3103
eval_samples_per_second = 263.422
