eval_accuracy = 0.5240825688073395
eval_loss = 0.6925285458564758
eval_runtime = 3.3791
eval_samples_per_second = 258.056
