eval_accuracy = 0.9002293577981652
eval_loss = 0.2561126947402954
eval_runtime = 3.3188
eval_samples_per_second = 262.745
