eval_accuracy = 0.9002293577981652
eval_loss = 0.24979183077812195
eval_runtime = 3.3514
eval_samples_per_second = 260.191
