eval_accuracy = 0.9094036697247706
eval_loss = 0.2404930740594864
eval_runtime = 3.6056
eval_samples_per_second = 241.843
