eval_accuracy = 0.8899082568807339
eval_loss = 0.26934754848480225
eval_runtime = 3.3002
eval_samples_per_second = 264.227
