eval_combined_score = -0.031093033801486827
eval_loss = 2.3248631954193115
eval_pearson = -0.023992713877147027
eval_runtime = 5.5919
eval_samples_per_second = 268.247
eval_spearmanr = -0.03819335372582663
