eval_combined_score = -0.0925854361892228
eval_loss = 2.30710506439209
eval_pearson = -0.09374679335274384
eval_runtime = 5.9822
eval_samples_per_second = 250.745
eval_spearmanr = -0.09142407902570175
