eval_combined_score = 0.05946409426063064
eval_loss = 2.3252663612365723
eval_pearson = 0.06753680256739072
eval_runtime = 5.5422
eval_samples_per_second = 270.651
eval_spearmanr = 0.05139138595387055
