eval_combined_score = 0.6886858806025289
eval_loss = 2.018850326538086
eval_pearson = 0.6402482318111506
eval_runtime = 6.0655
eval_samples_per_second = 247.299
eval_spearmanr = 0.7371235293939072
