eval_combined_score = -0.16360497236823093
eval_loss = 7.953308582305908
eval_pearson = -0.17070957338868956
eval_runtime = 5.6596
eval_samples_per_second = 265.038
eval_spearmanr = -0.1565003713477723
