eval_combined_score = 0.7220481630747004
eval_loss = 2.264091968536377
eval_pearson = 0.7059478240962269
eval_runtime = 5.9355
eval_samples_per_second = 252.717
eval_spearmanr = 0.7381485020531738
