eval_combined_score = 0.12027061640465891
eval_loss = 2.4272470474243164
eval_pearson = 0.1374743716461897
eval_runtime = 5.7044
eval_samples_per_second = 262.955
eval_spearmanr = 0.10306686116312812
