eval_combined_score = 0.10810307792056081
eval_loss = 2.4670474529266357
eval_pearson = 0.12461932047548668
eval_runtime = 5.6367
eval_samples_per_second = 266.116
eval_spearmanr = 0.09158683536563496
