eval_combined_score = 0.0012162486604300792
eval_loss = 2.9180612564086914
eval_pearson = 0.009519301137624071
eval_runtime = 5.5411
eval_samples_per_second = 270.702
eval_spearmanr = -0.007086803816763913
