eval_combined_score = 0.6748015974851606
eval_loss = 8.338543891906738
eval_pearson = 0.6730808597676349
eval_runtime = 5.5379
eval_samples_per_second = 270.861
eval_spearmanr = 0.6765223352026862
