eval_combined_score = 0.09373360197423923
eval_loss = 2.5262792110443115
eval_pearson = 0.10895161246727438
eval_runtime = 5.8463
eval_samples_per_second = 256.572
eval_spearmanr = 0.07851559148120409
