eval_combined_score = 0.6051871772690771
eval_loss = 2.2520406246185303
eval_pearson = 0.5992242536048887
eval_runtime = 5.5361
eval_samples_per_second = 270.949
eval_spearmanr = 0.6111501009332654
