eval_combined_score = 0.03091365408739194
eval_loss = 15.622953414916992
eval_pearson = 0.04264913924577464
eval_runtime = 5.6897
eval_samples_per_second = 263.633
eval_spearmanr = 0.019178168929009243
