eval_combined_score = 0.3924728587378629
eval_loss = 2.4179601669311523
eval_pearson = 0.3816662295623049
eval_runtime = 5.9114
eval_samples_per_second = 253.748
eval_spearmanr = 0.40327948791342094
