eval_combined_score = 0.12584701355486455
eval_loss = 2.4741828441619873
eval_pearson = 0.08500423147033989
eval_runtime = 5.4911
eval_samples_per_second = 273.169
eval_spearmanr = 0.16668979563938924
