eval_combined_score = 0.41984594822558474
eval_loss = 2.9099156856536865
eval_pearson = 0.44035140751864554
eval_runtime = 5.6286
eval_samples_per_second = 266.496
eval_spearmanr = 0.39934048893252394
