eval_combined_score = -0.15507700529471924
eval_loss = 2.551034688949585
eval_pearson = -0.15534999361518542
eval_runtime = 5.5182
eval_samples_per_second = 271.826
eval_spearmanr = -0.15480401697425308
