eval_combined_score = -0.18721834155588474
eval_loss = 7.581509113311768
eval_pearson = -0.21592325535552387
eval_runtime = 5.5039
eval_samples_per_second = 272.535
eval_spearmanr = -0.15851342775624558
