eval_combined_score = 0.38419145460056126
eval_loss = 9.900614738464355
eval_pearson = 0.3856787545235058
eval_runtime = 5.57
eval_samples_per_second = 269.299
eval_spearmanr = 0.3827041546776167
