eval_combined_score = 0.12870241092330914
eval_loss = 2.34238600730896
eval_pearson = 0.14472849329795837
eval_runtime = 5.5805
eval_samples_per_second = 268.792
eval_spearmanr = 0.11267632854865993
