eval_combined_score = 0.016144043729315556
eval_loss = 2.3986592292785645
eval_pearson = 0.01867998643052468
eval_runtime = 5.5365
eval_samples_per_second = 270.928
eval_spearmanr = 0.013608101028106435
