eval_accuracy = 0.8644931227712684
eval_loss = 0.6415373086929321
eval_runtime = 40.8735
eval_samples_per_second = 240.131
