eval_accuracy = 0.8651342554922702
eval_loss = 1.0447795391082764
eval_runtime = 40.9585
eval_samples_per_second = 240.048
