eval_accuracy = 0.8663270504330107
eval_loss = 1.0188955068588257
eval_runtime = 40.8322
eval_samples_per_second = 240.374
