eval_accuracy = 0.8547121752419765
eval_loss = 0.6181052327156067
eval_runtime = 40.8512
eval_samples_per_second = 240.262
