eval_accuracy = 0.8673458991339786
eval_loss = 0.8797076940536499
eval_runtime = 40.9136
eval_samples_per_second = 239.896
