eval_accuracy = 0.8596026490066225
eval_loss = 0.39497530460357666
eval_runtime = 40.9987
eval_samples_per_second = 239.398
