eval_accuracy = 0.8659195109526235
eval_loss = 1.0134313106536865
eval_runtime = 40.8983
eval_samples_per_second = 239.986
