eval_accuracy = 0.7901749389747762
eval_loss = 0.5752046704292297
eval_runtime = 41.0548
eval_samples_per_second = 239.485
