eval_accuracy = 0.8654393816110659
eval_loss = 0.80790776014328
eval_runtime = 40.7498
eval_samples_per_second = 241.277
