eval_accuracy = 0.8608624898291294
eval_loss = 0.8099706172943115
eval_runtime = 40.9353
eval_samples_per_second = 240.184
