eval_accuracy = 0.8504330106979113
eval_loss = 0.6522121429443359
eval_runtime = 40.723
eval_samples_per_second = 241.019
