eval_accuracy = 0.8369609438567941
eval_loss = 0.45332375168800354
eval_runtime = 41.0877
eval_samples_per_second = 239.293
