eval_accuracy = 0.8557770545158666
eval_loss = 0.6454333662986755
eval_runtime = 40.8567
eval_samples_per_second = 240.646
