eval_accuracy = 0.8598454027664768
eval_loss = 0.44432333111763
eval_runtime = 40.9403
eval_samples_per_second = 240.155
