eval_accuracy = 0.858726606997559
eval_loss = 0.3971153795719147
eval_runtime = 40.9671
eval_samples_per_second = 239.997
