eval_accuracy = 0.8639137510170871
eval_loss = 0.9018805027008057
eval_runtime = 40.9065
eval_samples_per_second = 240.353
