eval_loss = 0.4812030494213104
eval_matthews_correlation = 0.5561508659240181
eval_runtime = 4.7823
eval_samples_per_second = 218.096
