eval_loss = 0.7577294111251831
eval_matthews_correlation = 0.6561372224507469
eval_runtime = 4.6782
eval_samples_per_second = 222.948
