eval_loss = 0.7263760566711426
eval_matthews_correlation = 0.6528925652095409
eval_runtime = 4.599
eval_samples_per_second = 226.788
