eval_loss = 0.5754275321960449
eval_matthews_correlation = 0.5943013376593913
eval_runtime = 5.3997
eval_samples_per_second = 193.159
