eval_loss = 0.41474345326423645
eval_matthews_correlation = 0.6082315244746964
eval_runtime = 5.207
eval_samples_per_second = 200.307
