eval_loss = 0.803098201751709
eval_matthews_correlation = 0.6455203074724549
eval_runtime = 5.0094
eval_samples_per_second = 208.208
