eval_loss = 0.7819700241088867
eval_matthews_correlation = 0.6504099683042353
eval_runtime = 4.6355
eval_samples_per_second = 225.003
