eval_loss = 0.8498285412788391
eval_matthews_correlation = 0.6381997846972579
eval_runtime = 4.579
eval_samples_per_second = 227.777
