eval_loss = 0.5257630348205566
eval_matthews_correlation = 0.6381799162684562
eval_runtime = 5.2061
eval_samples_per_second = 200.34
