eval_accuracy = 0.8789018055899085
eval_combined_score = 0.8622512812244718
eval_f1 = 0.8456007568590351
eval_loss = 0.28107091784477234
eval_runtime = 181.447
eval_samples_per_second = 222.82
