eval_accuracy = 0.9019045263418254
eval_combined_score = 0.8850368263938884
eval_f1 = 0.8681691264459513
eval_loss = 0.27672985196113586
eval_runtime = 179.6163
eval_samples_per_second = 225.091
