eval_accuracy = 0.8755874350729657
eval_combined_score = 0.8616231439099761
eval_f1 = 0.8476588527469865
eval_loss = 0.28661811351776123
eval_runtime = 178.208
eval_samples_per_second = 226.87
