eval_accuracy = 0.9021023992085085
eval_combined_score = 0.8850801348666051
eval_f1 = 0.8680578705247017
eval_loss = 0.25194910168647766
eval_runtime = 181.453
eval_samples_per_second = 222.813
