eval_accuracy = 0.8932228543161019
eval_combined_score = 0.873597862905438
eval_f1 = 0.8539728714947739
eval_loss = 0.27585822343826294
eval_runtime = 186.8903
eval_samples_per_second = 216.33
