eval_accuracy = 0.8503586445708632
eval_combined_score = 0.8355762417167112
eval_f1 = 0.8207938388625593
eval_loss = 0.3406831622123718
eval_runtime = 185.693
eval_samples_per_second = 217.725
