eval_accuracy = 0.9010883007667574
eval_combined_score = 0.884859711633009
eval_f1 = 0.8686311224992608
eval_loss = 0.265286922454834
eval_runtime = 180.0041
eval_samples_per_second = 224.606
