eval_accuracy = 0.9006183527083849
eval_combined_score = 0.8840405393308384
eval_f1 = 0.867462725953292
eval_loss = 0.25854015350341797
eval_runtime = 177.0651
eval_samples_per_second = 228.334
