eval_accuracy = 0.8987632945832302
eval_combined_score = 0.882117883939109
eval_f1 = 0.8654724732949877
eval_loss = 0.2629843056201935
eval_runtime = 179.7429
eval_samples_per_second = 224.932
