eval_accuracy = 0.9023497402918624
eval_combined_score = 0.8863174644421594
eval_f1 = 0.8702851885924563
eval_loss = 0.28513890504837036
eval_runtime = 178.6572
eval_samples_per_second = 226.299
