eval_accuracy = 0.8589413801632451
eval_combined_score = 0.8330287108480174
eval_f1 = 0.8071160415327899
eval_loss = 0.31827178597450256
eval_runtime = 184.6182
eval_samples_per_second = 218.993
