eval_accuracy = 0.8354439772446204
eval_combined_score = 0.8072474112253456
eval_f1 = 0.7790508452060708
eval_loss = 0.3675931990146637
eval_runtime = 185.3566
eval_samples_per_second = 218.12
