eval_accuracy = 0.8867919861488993
eval_combined_score = 0.8670439428959557
eval_f1 = 0.847295899643012
eval_loss = 0.2699878513813019
eval_runtime = 180.4545
eval_samples_per_second = 224.045
