eval_accuracy = 0.8982933465248578
eval_combined_score = 0.8824020946362765
eval_f1 = 0.8665108427476952
eval_loss = 0.2668185532093048
eval_runtime = 177.9151
eval_samples_per_second = 227.243
