eval_accuracy = 0.788276032649023
eval_combined_score = 0.7784310685007754
eval_f1 = 0.7685861043525276
eval_loss = 0.4805954098701477
eval_runtime = 181.3198
eval_samples_per_second = 222.976
