eval_accuracy = 0.8976007914914668
eval_combined_score = 0.8829816358093264
eval_f1 = 0.8683624801271861
eval_loss = 0.28801703453063965
eval_runtime = 194.2145
eval_samples_per_second = 208.172
