eval_accuracy = 0.8868909225822409
eval_combined_score = 0.8678961469015616
eval_f1 = 0.8489013712208822
eval_loss = 0.2777259945869446
eval_runtime = 187.2778
eval_samples_per_second = 215.882
