eval_accuracy = 0.8991343062082612
eval_combined_score = 0.8824638818607948
eval_f1 = 0.8657934575133286
eval_loss = 0.28112417459487915
eval_runtime = 177.312
eval_samples_per_second = 228.016
