eval_accuracy = 0.9038337867919861
eval_combined_score = 0.8876736680159534
eval_f1 = 0.8715135492399206
eval_loss = 0.27041515707969666
eval_runtime = 180.8756
eval_samples_per_second = 223.524
