eval_accuracy = 0.9010883007667574
eval_combined_score = 0.8842015378215817
eval_f1 = 0.8673147748764061
eval_loss = 0.26996299624443054
eval_runtime = 181.7185
eval_samples_per_second = 222.487
