eval_accuracy = 0.8695523126391294
eval_combined_score = 0.854360201208562
eval_f1 = 0.8391680897779946
eval_loss = 0.30634447932243347
eval_runtime = 191.7958
eval_samples_per_second = 210.797
