eval_accuracy = 0.8693297056641108
eval_combined_score = 0.8468636229832935
eval_f1 = 0.8243975403024764
eval_loss = 0.3269137144088745
eval_runtime = 187.5827
eval_samples_per_second = 215.532
