eval_accuracy = 0.8933712589661142
eval_combined_score = 0.8748667509970677
eval_f1 = 0.8563622430280211
eval_loss = 0.26852691173553467
eval_runtime = 182.1642
eval_samples_per_second = 221.943
