eval_accuracy = 0.9032154340836013
eval_combined_score = 0.8863366578257874
eval_f1 = 0.8694578815679734
eval_loss = 0.2745027244091034
eval_runtime = 180.414
eval_samples_per_second = 224.096
