eval_accuracy = 0.8956467969329706
eval_combined_score = 0.8794507928851804
eval_f1 = 0.8632547888373902
eval_loss = 0.27143460512161255
eval_runtime = 187.1027
eval_samples_per_second = 216.085
