eval_accuracy = 0.8972297798664358
eval_combined_score = 0.8803412036471092
eval_f1 = 0.8634526274277826
eval_loss = 0.24579516053199768
eval_runtime = 181.6665
eval_samples_per_second = 222.551
