eval_accuracy = 0.8982191441998516
eval_combined_score = 0.8817102207060777
eval_f1 = 0.8652012972123039
eval_loss = 0.2540956139564514
eval_runtime = 186.0987
eval_samples_per_second = 217.25
