eval_accuracy = 0.9027454860252287
eval_combined_score = 0.886960188134166
eval_f1 = 0.8711748902431034
eval_loss = 0.2782103717327118
eval_runtime = 181.7075
eval_samples_per_second = 222.5
