eval_accuracy = 0.8899579520158298
eval_combined_score = 0.8707720840574196
eval_f1 = 0.8515862160990092
eval_loss = 0.26577088236808777
eval_runtime = 192.5778
eval_samples_per_second = 209.941
