eval_accuracy = 0.882191441998516
eval_combined_score = 0.8634186930466177
eval_f1 = 0.8446459440947193
eval_loss = 0.2761930227279663
eval_runtime = 187.3095
eval_samples_per_second = 215.846
