eval_accuracy = 0.9018550581251545
eval_combined_score = 0.8858484763826586
eval_f1 = 0.8698418946401628
eval_loss = 0.2669675648212433
eval_runtime = 182.0547
eval_samples_per_second = 222.076
