eval_accuracy = 0.9036853821419738
eval_combined_score = 0.8882900079530864
eval_f1 = 0.872894633764199
eval_loss = 0.2688022255897522
eval_runtime = 180.4346
eval_samples_per_second = 224.07
