eval_accuracy = 0.8488745980707395
eval_combined_score = 0.8266084275098158
eval_f1 = 0.804342256948892
eval_loss = 0.33735010027885437
eval_runtime = 184.9446
eval_samples_per_second = 218.606
