eval_accuracy = 0.8933465248577789
eval_combined_score = 0.8733798166850766
eval_f1 = 0.8534131085123742
eval_loss = 0.25645798444747925
eval_runtime = 188.8221
eval_samples_per_second = 214.117
