eval_accuracy = 0.9029186247835765
eval_combined_score = 0.8872980674184335
eval_f1 = 0.8716775100532905
eval_loss = 0.2742668390274048
eval_runtime = 181.4094
eval_samples_per_second = 222.866
