eval_accuracy = 0.8931733860994311
eval_combined_score = 0.8754264465673613
eval_f1 = 0.8576795070352917
eval_loss = 0.26903071999549866
eval_runtime = 185.607
eval_samples_per_second = 217.826
