eval_accuracy = 0.8795448924066287
eval_combined_score = 0.8632338154118389
eval_f1 = 0.8469227384170491
eval_loss = 0.27422648668289185
eval_runtime = 182.2237
eval_samples_per_second = 221.87
