eval_accuracy = 0.8823893148651991
eval_combined_score = 0.8647550856871088
eval_f1 = 0.8471208565090185
eval_loss = 0.274802029132843
eval_runtime = 183.1413
eval_samples_per_second = 220.759
