eval_accuracy = 0.8825377195152114
eval_combined_score = 0.8626248031882022
eval_f1 = 0.8427118868611929
eval_loss = 0.2769850790500641
eval_runtime = 187.2796
eval_samples_per_second = 215.88
