eval_accuracy = 0.9029928271085828
eval_combined_score = 0.8872518846589958
eval_f1 = 0.871510942209409
eval_loss = 0.27510231733322144
eval_runtime = 182.1168
eval_samples_per_second = 222.0
