eval_accuracy = 0.874548602522879
eval_combined_score = 0.8528310407393298
eval_f1 = 0.8311134789557805
eval_loss = 0.2955646812915802
eval_runtime = 178.9698
eval_samples_per_second = 225.904
