eval_accuracy = 0.8948058372495672
eval_combined_score = 0.8764604665814142
eval_f1 = 0.8581150959132611
eval_loss = 0.2835294306278229
eval_runtime = 184.8843
eval_samples_per_second = 218.677
