eval_accuracy = 0.8892901310907741
eval_combined_score = 0.8731799997643166
eval_f1 = 0.8570698684378592
eval_loss = 0.2770007848739624
eval_runtime = 185.8348
eval_samples_per_second = 217.559
