eval_accuracy = 0.9037843185753154
eval_combined_score = 0.8876583415862046
eval_f1 = 0.8715323645970938
eval_loss = 0.2763057351112366
eval_runtime = 182.6201
eval_samples_per_second = 221.389
