eval_accuracy = 0.8853821419737818
eval_combined_score = 0.8675905912773096
eval_f1 = 0.8497990405808376
eval_loss = 0.270668089389801
eval_runtime = 183.9024
eval_samples_per_second = 219.845
