eval_accuracy = 0.9002473410833539
eval_combined_score = 0.8840630644810709
eval_f1 = 0.8678787878787878
eval_loss = 0.2724645137786865
eval_runtime = 189.6968
eval_samples_per_second = 213.13
