eval_accuracy = 0.8977491961414791
eval_combined_score = 0.8793815910777325
eval_f1 = 0.861013986013986
eval_loss = 0.2650889754295349
eval_runtime = 183.8336
eval_samples_per_second = 219.927
