eval_accuracy = 0.8957209992579768
eval_combined_score = 0.8800224356526738
eval_f1 = 0.8643238720473707
eval_loss = 0.26085057854652405
eval_runtime = 190.5168
eval_samples_per_second = 212.212
