eval_accuracy = 0.8885728419490477
eval_combined_score = 0.8685084562983253
eval_f1 = 0.8484440706476029
eval_loss = 0.27023833990097046
eval_runtime = 186.4139
eval_samples_per_second = 216.883
