eval_accuracy = 0.8965866930497156
eval_combined_score = 0.8798309263512865
eval_f1 = 0.8630751596528574
eval_loss = 0.26081424951553345
eval_runtime = 180.7066
eval_samples_per_second = 223.733
