eval_accuracy = 0.8553549344546129
eval_combined_score = 0.8361021462125867
eval_f1 = 0.8168493579705606
eval_loss = 0.34994620084762573
eval_runtime = 189.6698
eval_samples_per_second = 213.16
