eval_accuracy = 0.8868167202572347
eval_combined_score = 0.870814921458651
eval_f1 = 0.8548131226600674
eval_loss = 0.27123427391052246
eval_runtime = 185.776
eval_samples_per_second = 217.628
