eval_accuracy = 0.8966608953747217
eval_combined_score = 0.8785994910146857
eval_f1 = 0.8605380866546498
eval_loss = 0.28658023476600647
eval_runtime = 188.6383
eval_samples_per_second = 214.325
