eval_accuracy = 0.8926539698243878
eval_combined_score = 0.8745344883860244
eval_f1 = 0.856415006947661
eval_loss = 0.2681959867477417
eval_runtime = 184.8284
eval_samples_per_second = 218.743
