eval_accuracy = 0.8949789760079149
eval_combined_score = 0.87870384777586
eval_f1 = 0.8624287195438051
eval_loss = 0.26398947834968567
eval_runtime = 185.6498
eval_samples_per_second = 217.776
