eval_accuracy = 0.8964630225080386
eval_combined_score = 0.8807893510426381
eval_f1 = 0.8651156795772378
eval_loss = 0.25432202219963074
eval_runtime = 185.9717
eval_samples_per_second = 217.399
