eval_accuracy = 0.8849616621320802
eval_combined_score = 0.8687934518715155
eval_f1 = 0.8526252416109509
eval_loss = 0.28028878569602966
eval_runtime = 186.0589
eval_samples_per_second = 217.297
