eval_accuracy = 0.8941874845411822
eval_combined_score = 0.8779554657174848
eval_f1 = 0.8617234468937875
eval_loss = 0.2585296332836151
eval_runtime = 186.7285
eval_samples_per_second = 216.518
