eval_accuracy = 0.8996042542666337
eval_combined_score = 0.8832720500967655
eval_f1 = 0.8669398459268972
eval_loss = 0.28321993350982666
eval_runtime = 185.0141
eval_samples_per_second = 218.524
