eval_accuracy = 0.9009893643334158
eval_combined_score = 0.884379662181903
eval_f1 = 0.8677699600303902
eval_loss = 0.26946234703063965
eval_runtime = 188.8728
eval_samples_per_second = 214.059
