eval_accuracy = 0.8799901063566659
eval_combined_score = 0.8615345098406872
eval_f1 = 0.8430789133247087
eval_loss = 0.31364262104034424
eval_runtime = 180.8962
eval_samples_per_second = 223.498
