eval_accuracy = 0.9004452139500371
eval_combined_score = 0.8826414256055971
eval_f1 = 0.8648376372611571
eval_loss = 0.26934483647346497
eval_runtime = 183.6385
eval_samples_per_second = 220.161
