eval_accuracy = 0.8862231016571852
eval_combined_score = 0.8718114082283075
eval_f1 = 0.8573997147994297
eval_loss = 0.3042736053466797
eval_runtime = 184.9357
eval_samples_per_second = 218.617
