eval_accuracy = 0.8971061093247589
eval_combined_score = 0.8807564444928879
eval_f1 = 0.8644067796610169
eval_loss = 0.24987588822841644
eval_runtime = 185.2729
eval_samples_per_second = 218.219
