eval_accuracy = 0.9037348503586445
eval_combined_score = 0.8871259254122053
eval_f1 = 0.8705170004657661
eval_loss = 0.2708354592323303
eval_runtime = 183.4697
eval_samples_per_second = 220.363
