eval_accuracy = 0.8946574325995548
eval_combined_score = 0.8791476257865383
eval_f1 = 0.8636378189735217
eval_loss = 0.2653427720069885
eval_runtime = 179.8583
eval_samples_per_second = 224.788
