eval_accuracy = 0.9038090526836507
eval_combined_score = 0.8875618507189142
eval_f1 = 0.8713146487541776
eval_loss = 0.2718891501426697
eval_runtime = 176.9274
eval_samples_per_second = 228.512
