eval_accuracy = 0.882067771456839
eval_combined_score = 0.8604334394507808
eval_f1 = 0.8387991074447225
eval_loss = 0.2786751687526703
eval_runtime = 186.8619
eval_samples_per_second = 216.363
