eval_accuracy = 0.7692060351224338
eval_combined_score = 0.7580191935929069
eval_f1 = 0.7468323520633801
eval_loss = 0.49469855427742004
eval_runtime = 182.0781
eval_samples_per_second = 222.048
