eval_accuracy = 0.8987880286915657
eval_combined_score = 0.8802817322217455
eval_f1 = 0.8617754357519255
eval_loss = 0.28574851155281067
eval_runtime = 178.2932
eval_samples_per_second = 226.761
