eval_accuracy = 0.8908731140242394
eval_combined_score = 0.8703054351539357
eval_f1 = 0.8497377562836319
eval_loss = 0.2618584632873535
eval_runtime = 181.7509
eval_samples_per_second = 222.447
