eval_accuracy = 0.8802869156566906
eval_combined_score = 0.8598674676472267
eval_f1 = 0.8394480196377628
eval_loss = 0.28486645221710205
eval_runtime = 180.4705
eval_samples_per_second = 224.025
