eval_accuracy = 0.9029928271085828
eval_combined_score = 0.8861384612812611
eval_f1 = 0.8692840954539395
eval_loss = 0.2592509090900421
eval_runtime = 204.8453
eval_samples_per_second = 197.368
