eval_accuracy = 0.8649765025970814
eval_combined_score = 0.8342942015809452
eval_f1 = 0.8036119005648091
eval_loss = 0.31412243843078613
eval_runtime = 180.3057
eval_samples_per_second = 224.23
