eval_accuracy = 0.8936928023744743
eval_combined_score = 0.8743821443757993
eval_f1 = 0.8550714863771243
eval_loss = 0.26204976439476013
eval_runtime = 180.1377
eval_samples_per_second = 224.439
