eval_accuracy = 0.8944100915162009
eval_combined_score = 0.8793936278974404
eval_f1 = 0.8643771642786797
eval_loss = 0.2918373644351959
eval_runtime = 178.7527
eval_samples_per_second = 226.178
