eval_accuracy = 0.9033143705169429
eval_combined_score = 0.8870135603204856
eval_f1 = 0.8707127501240285
eval_loss = 0.27636367082595825
eval_runtime = 176.4129
eval_samples_per_second = 229.178
