eval_accuracy = 0.8952510511996042
eval_combined_score = 0.8769455963631787
eval_f1 = 0.8586401415267533
eval_loss = 0.27543601393699646
eval_runtime = 183.2639
eval_samples_per_second = 220.611
