eval_accuracy = 0.8863220380905268
eval_combined_score = 0.8712091122258007
eval_f1 = 0.8560961863610745
eval_loss = 0.26793861389160156
eval_runtime = 186.2672
eval_samples_per_second = 217.054
