eval_accuracy = 0.8972792480831066
eval_combined_score = 0.8784330446048287
eval_f1 = 0.859586841126551
eval_loss = 0.2655602693557739
eval_runtime = 181.557
eval_samples_per_second = 222.685
