eval_accuracy = 0.8735839722977987
eval_combined_score = 0.8523321917211637
eval_f1 = 0.8310804111445286
eval_loss = 0.2911583185195923
eval_runtime = 179.6093
eval_samples_per_second = 225.1
