eval_accuracy = 0.8521147662626762
eval_combined_score = 0.8386834243413338
eval_f1 = 0.8252520824199914
eval_loss = 0.34626054763793945
eval_runtime = 184.602
eval_samples_per_second = 219.012
