eval_accuracy = 0.8743507296561959
eval_combined_score = 0.8460444807867662
eval_f1 = 0.8177382319173364
eval_loss = 0.32396650314331055
eval_runtime = 182.5243
eval_samples_per_second = 221.505
