eval_accuracy = 0.8767252040563938
eval_combined_score = 0.8540423746478085
eval_f1 = 0.8313595452392232
eval_loss = 0.2826952040195465
eval_runtime = 185.3409
eval_samples_per_second = 218.139
