eval_accuracy = 0.9007667573583972
eval_combined_score = 0.8834542448209308
eval_f1 = 0.8661417322834645
eval_loss = 0.26304250955581665
eval_runtime = 178.9785
eval_samples_per_second = 225.893
