eval_accuracy = 0.9037101162503092
eval_combined_score = 0.887424883685381
eval_f1 = 0.8711396511204528
eval_loss = 0.27670204639434814
eval_runtime = 184.1862
eval_samples_per_second = 219.506
