eval_accuracy = 0.8928023744744003
eval_combined_score = 0.8757642487144803
eval_f1 = 0.8587261229545603
eval_loss = 0.27740341424942017
eval_runtime = 186.131
eval_samples_per_second = 217.213
