eval_accuracy = 0.9037348503586445
eval_combined_score = 0.8876345231460506
eval_f1 = 0.8715341959334567
eval_loss = 0.27676019072532654
eval_runtime = 193.3394
eval_samples_per_second = 209.114
