eval_accuracy = 0.8938906752411575
eval_combined_score = 0.8760034140857196
eval_f1 = 0.8581161529302818
eval_loss = 0.25500738620758057
eval_runtime = 184.6015
eval_samples_per_second = 219.012
