eval_accuracy = 0.902696017808558
eval_combined_score = 0.8858293892253768
eval_f1 = 0.8689627606421957
eval_loss = 0.25783443450927734
eval_runtime = 177.2101
eval_samples_per_second = 228.147
