eval_accuracy = 0.9021023992085085
eval_combined_score = 0.8858538615269005
eval_f1 = 0.8696053238452923
eval_loss = 0.26846450567245483
eval_runtime = 178.7553
eval_samples_per_second = 226.175
