eval_accuracy = 0.899307444966609
eval_combined_score = 0.8823355361552958
eval_f1 = 0.8653636273439826
eval_loss = 0.2679743468761444
eval_runtime = 177.4424
eval_samples_per_second = 227.849
