eval_accuracy = 0.8992827108582736
eval_combined_score = 0.8839978166104625
eval_f1 = 0.8687129223626515
eval_loss = 0.29501307010650635
eval_runtime = 181.8904
eval_samples_per_second = 222.277
