eval_accuracy = 0.8997279248083107
eval_combined_score = 0.8818027173568113
eval_f1 = 0.863877509905312
eval_loss = 0.2580831050872803
eval_runtime = 179.2634
eval_samples_per_second = 225.534
