eval_accuracy = 0.8559980212713332
eval_combined_score = 0.8254556824688355
eval_f1 = 0.7949133436663378
eval_loss = 0.31987622380256653
eval_runtime = 187.6938
eval_samples_per_second = 215.404
