eval_accuracy = 0.8785307939648775
eval_combined_score = 0.8517533687562012
eval_f1 = 0.8249759435475249
eval_loss = 0.30528420209884644
eval_runtime = 181.8295
eval_samples_per_second = 222.351
