eval_accuracy = 0.8926539698243878
eval_combined_score = 0.874094776670399
eval_f1 = 0.8555355835164102
eval_loss = 0.2582208216190338
eval_runtime = 187.1938
eval_samples_per_second = 215.979
