eval_accuracy = 0.8985406876082117
eval_combined_score = 0.8805278850294711
eval_f1 = 0.8625150824507306
eval_loss = 0.267817884683609
eval_runtime = 192.3518
eval_samples_per_second = 210.188
