eval_accuracy = 0.9035617116002969
eval_combined_score = 0.8875490347728346
eval_f1 = 0.8715363579453724
eval_loss = 0.2755640149116516
eval_runtime = 178.2412
eval_samples_per_second = 226.827
