eval_accuracy = 0.8989859015582489
eval_combined_score = 0.8831511704022563
eval_f1 = 0.8673164392462637
eval_loss = 0.254753053188324
eval_runtime = 182.3599
eval_samples_per_second = 221.704
