eval_accuracy = 0.903512243383626
eval_combined_score = 0.8879162369014486
eval_f1 = 0.8723202304192713
eval_loss = 0.2719401717185974
eval_runtime = 184.1175
eval_samples_per_second = 219.588
