eval_accuracy = 0.8944348256245362
eval_combined_score = 0.8746126223931064
eval_f1 = 0.8547904191616766
eval_loss = 0.27763235569000244
eval_runtime = 186.706
eval_samples_per_second = 216.544
