eval_accuracy = 0.8977244620331437
eval_combined_score = 0.8816286451169264
eval_f1 = 0.865532828200709
eval_loss = 0.2774847745895386
eval_runtime = 179.6665
eval_samples_per_second = 225.028
