eval_accuracy = 0.8880039574573336
eval_combined_score = 0.8696066054373945
eval_f1 = 0.8512092534174555
eval_loss = 0.28293997049331665
eval_runtime = 180.5379
eval_samples_per_second = 223.942
