eval_accuracy = 0.8832302745486025
eval_combined_score = 0.8677502563405466
eval_f1 = 0.8522702381324907
eval_loss = 0.27916643023490906
eval_runtime = 185.2554
eval_samples_per_second = 218.239
