eval_accuracy = 0.8966361612663863
eval_combined_score = 0.8799779334541253
eval_f1 = 0.8633197056418643
eval_loss = 0.2557736933231354
eval_runtime = 183.5579
eval_samples_per_second = 220.257
