eval_accuracy = 0.9000247341083354
eval_combined_score = 0.88327304996811
eval_f1 = 0.8665213658278845
eval_loss = 0.25952404737472534
eval_runtime = 179.0739
eval_samples_per_second = 225.773
