eval_accuracy = 0.9005936186000495
eval_combined_score = 0.8837284189333106
eval_f1 = 0.8668632192665717
eval_loss = 0.26755961775779724
eval_runtime = 207.7917
eval_samples_per_second = 194.57
