eval_accuracy = 0.8519168933959931
eval_combined_score = 0.8230925658004329
eval_f1 = 0.7942682382048727
eval_loss = 0.34251195192337036
eval_runtime = 191.719
eval_samples_per_second = 210.882
