eval_accuracy = 0.889339599307445
eval_combined_score = 0.8697284261193842
eval_f1 = 0.8501172529313233
eval_loss = 0.2700023055076599
eval_runtime = 179.2326
eval_samples_per_second = 225.573
