eval_accuracy = 0.9011625030917635
eval_combined_score = 0.8836824368401963
eval_f1 = 0.8662023705886291
eval_loss = 0.26900070905685425
eval_runtime = 178.1027
eval_samples_per_second = 227.004
