eval_accuracy = 0.8978976007914915
eval_combined_score = 0.8802541322202815
eval_f1 = 0.8626106636490714
eval_loss = 0.25345733761787415
eval_runtime = 178.1187
eval_samples_per_second = 226.983
