eval_accuracy = 0.8994311155082859
eval_combined_score = 0.8834681646363118
eval_f1 = 0.8675052137643379
eval_loss = 0.2663027346134186
eval_runtime = 175.4016
eval_samples_per_second = 230.5
