eval_accuracy = 0.9022013356418501
eval_combined_score = 0.8850244646123688
eval_f1 = 0.8678475935828877
eval_loss = 0.26748204231262207
eval_runtime = 179.0942
eval_samples_per_second = 225.747
