eval_accuracy = 0.9027207519168934
eval_combined_score = 0.8867345256183107
eval_f1 = 0.870748299319728
eval_loss = 0.2714296877384186
eval_runtime = 182.3554
eval_samples_per_second = 221.71
