eval_accuracy = 0.8886470442740539
eval_combined_score = 0.8721945808399236
eval_f1 = 0.8557421174057934
eval_loss = 0.2749991714954376
eval_runtime = 183.5832
eval_samples_per_second = 220.227
