eval_accuracy = 0.8910957209992579
eval_combined_score = 0.8748396543008173
eval_f1 = 0.8585835876023767
eval_loss = 0.2925384044647217
eval_runtime = 186.1235
eval_samples_per_second = 217.221
