eval_accuracy = 0.9012614395251051
eval_combined_score = 0.8840973864292192
eval_f1 = 0.8669333333333334
eval_loss = 0.2723097801208496
eval_runtime = 185.1846
eval_samples_per_second = 218.323
