eval_accuracy = 0.894731634924561
eval_combined_score = 0.8799515109299356
eval_f1 = 0.8651713869353101
eval_loss = 0.2685495913028717
eval_runtime = 185.2263
eval_samples_per_second = 218.274
