eval_accuracy = 0.8708632203809052
eval_combined_score = 0.8507108754356414
eval_f1 = 0.8305585304903774
eval_loss = 0.29529356956481934
eval_runtime = 187.1011
eval_samples_per_second = 216.086
