eval_accuracy = 0.8857778877071482
eval_combined_score = 0.8622336413525262
eval_f1 = 0.8386893949979042
eval_loss = 0.278300017118454
eval_runtime = 188.1094
eval_samples_per_second = 214.928
