eval_accuracy = 0.8880286915656691
eval_combined_score = 0.8678611983885607
eval_f1 = 0.8476937052114524
eval_loss = 0.261263370513916
eval_runtime = 180.0077
eval_samples_per_second = 224.602
