eval_accuracy = 0.90375958446698
eval_combined_score = 0.8870535618512968
eval_f1 = 0.8703475392356136
eval_loss = 0.26736560463905334
eval_runtime = 191.985
eval_samples_per_second = 210.589
