eval_accuracy = 0.8954489240662874
eval_combined_score = 0.8784452802060221
eval_f1 = 0.8614416363457568
eval_loss = 0.2563418447971344
eval_runtime = 184.6278
eval_samples_per_second = 218.981
