eval_accuracy = 0.8695523126391294
eval_combined_score = 0.8398585837905891
eval_f1 = 0.8101648549420488
eval_loss = 0.3101632595062256
eval_runtime = 184.0976
eval_samples_per_second = 219.612
