eval_accuracy = 0.8986890922582241
eval_combined_score = 0.8816644403789469
eval_f1 = 0.8646397884996695
eval_loss = 0.27751410007476807
eval_runtime = 184.9106
eval_samples_per_second = 218.646
