eval_accuracy = 0.9021518674251793
eval_combined_score = 0.8866039650033328
eval_f1 = 0.8710560625814863
eval_loss = 0.28800737857818604
eval_runtime = 185.7512
eval_samples_per_second = 217.657
