eval_accuracy = 0.8877813504823151
eval_combined_score = 0.8676821221454476
eval_f1 = 0.8475828938085801
eval_loss = 0.2801870107650757
eval_runtime = 185.769
eval_samples_per_second = 217.636
