eval_accuracy = 0.9023002720751917
eval_combined_score = 0.8852684894967993
eval_f1 = 0.8682367069184068
eval_loss = 0.2600695788860321
eval_runtime = 197.5798
eval_samples_per_second = 204.626
