eval_accuracy = 0.9037101162503092
eval_combined_score = 0.8868655753032121
eval_f1 = 0.870021034356115
eval_loss = 0.2715364396572113
eval_runtime = 179.347
eval_samples_per_second = 225.429
