eval_accuracy = 0.8992332426416028
eval_combined_score = 0.8826849002194016
eval_f1 = 0.8661365577972004
eval_loss = 0.26535239815711975
eval_runtime = 175.3098
eval_samples_per_second = 230.62
