eval_accuracy = 0.8945090279495425
eval_combined_score = 0.8771134094785045
eval_f1 = 0.8597177910074664
eval_loss = 0.25821051001548767
eval_runtime = 184.8379
eval_samples_per_second = 218.732
