eval_accuracy = 0.9039821914419985
eval_combined_score = 0.8881759984037978
eval_f1 = 0.872369805365597
eval_loss = 0.2739981412887573
eval_runtime = 204.9209
eval_samples_per_second = 197.296
