eval_accuracy = 0.8772940885481079
eval_combined_score = 0.8574070744053872
eval_f1 = 0.8375200602626667
eval_loss = 0.29720255732536316
eval_runtime = 181.436
eval_samples_per_second = 222.833
