eval_accuracy = 0.9032401681919366
eval_combined_score = 0.8869289873900549
eval_f1 = 0.8706178065881731
eval_loss = 0.2779315114021301
eval_runtime = 178.6617
eval_samples_per_second = 226.294
