eval_accuracy = 0.8739302498144942
eval_combined_score = 0.8570422723340982
eval_f1 = 0.8401542948537022
eval_loss = 0.2993088960647583
eval_runtime = 188.0115
eval_samples_per_second = 215.04
