eval_accuracy = 0.9023992085085333
eval_combined_score = 0.8856209297877373
eval_f1 = 0.8688426510669414
eval_loss = 0.27290764451026917
eval_runtime = 200.0447
eval_samples_per_second = 202.105
