eval_accuracy = 0.8777145683898095
eval_combined_score = 0.85816263119497
eval_f1 = 0.8386106940001306
eval_loss = 0.2803313732147217
eval_runtime = 188.0369
eval_samples_per_second = 215.011
