eval_accuracy = 0.8579520158298294
eval_combined_score = 0.827290395818169
eval_f1 = 0.7966287758065086
eval_loss = 0.3261399567127228
eval_runtime = 182.2761
eval_samples_per_second = 221.806
