eval_accuracy = 0.9033143705169429
eval_combined_score = 0.887094703839385
eval_f1 = 0.8708750371618273
eval_loss = 0.2793496549129486
eval_runtime = 200.4983
eval_samples_per_second = 201.648
