eval_accuracy = 0.9037348503586445
eval_combined_score = 0.8879257809656139
eval_f1 = 0.8721167115725833
eval_loss = 0.2771779000759125
eval_runtime = 182.4071
eval_samples_per_second = 221.647
