eval_accuracy = 0.886643581498887
eval_combined_score = 0.8699914441783533
eval_f1 = 0.8533393068578196
eval_loss = 0.29326725006103516
eval_runtime = 181.1388
eval_samples_per_second = 223.199
