eval_accuracy = 0.9043532030670295
eval_combined_score = 0.8879471227440253
eval_f1 = 0.8715410424210212
eval_loss = 0.2717284858226776
eval_runtime = 212.4377
eval_samples_per_second = 190.315
