eval_accuracy = 0.8944100915162009
eval_combined_score = 0.8766033853208299
eval_f1 = 0.8587966791254589
eval_loss = 0.26797598600387573
eval_runtime = 185.4377
eval_samples_per_second = 218.025
