eval_accuracy = 0.9001484046500123
eval_combined_score = 0.8834636357144395
eval_f1 = 0.8667788667788667
eval_loss = 0.2678121030330658
eval_runtime = 177.0925
eval_samples_per_second = 228.299
