eval_accuracy = 0.8235294117647058
eval_combined_score = 0.848384424192212
eval_f1 = 0.8732394366197183
eval_loss = 0.3852458894252777
eval_runtime = 1.7981
eval_samples_per_second = 226.911
