eval_accuracy = 0.8161764705882353
eval_combined_score = 0.8426432091161071
eval_f1 = 0.8691099476439791
eval_loss = 0.4220283329486847
eval_runtime = 2.2291
eval_samples_per_second = 183.029
