eval_accuracy = 0.8382352941176471
eval_combined_score = 0.8580065359477125
eval_f1 = 0.8777777777777779
eval_loss = 0.8432769775390625
eval_runtime = 2.4057
eval_samples_per_second = 169.598
