eval_accuracy = 0.8529411764705882
eval_combined_score = 0.8766367011921047
eval_f1 = 0.9003322259136212
eval_loss = 0.9988536238670349
eval_runtime = 1.7447
eval_samples_per_second = 233.849
