eval_accuracy = 0.8186274509803921
eval_combined_score = 0.8373292896925306
eval_f1 = 0.8560311284046692
eval_loss = 0.967728316783905
eval_runtime = 1.7385
eval_samples_per_second = 234.683
