eval_accuracy = 0.8357843137254902
eval_combined_score = 0.8588092644465194
eval_f1 = 0.8818342151675486
eval_loss = 0.5090847611427307
eval_runtime = 1.7756
eval_samples_per_second = 229.781
