eval_accuracy = 0.8799019607843137
eval_combined_score = 0.8979269666700298
eval_f1 = 0.915951972555746
eval_loss = 0.6485795974731445
eval_runtime = 1.7865
eval_samples_per_second = 228.386
