eval_accuracy = 0.821078431372549
eval_combined_score = 0.8513820033686084
eval_f1 = 0.8816855753646677
eval_loss = 0.972365140914917
eval_runtime = 1.8769
eval_samples_per_second = 217.383
