eval_accuracy = 0.8357843137254902
eval_combined_score = 0.8613997453956288
eval_f1 = 0.8870151770657673
eval_loss = 0.49374285340309143
eval_runtime = 1.8831
eval_samples_per_second = 216.663
