eval_accuracy = 0.7205882352941176
eval_combined_score = 0.7336274509803922
eval_f1 = 0.7466666666666668
eval_loss = 1.4786376953125
eval_runtime = 1.969
eval_samples_per_second = 207.21
