eval_accuracy = 0.7475490196078431
eval_combined_score = 0.7939295485636115
eval_f1 = 0.8403100775193798
eval_loss = 0.5134273171424866
eval_runtime = 1.8692
eval_samples_per_second = 218.271
