eval_accuracy = 0.7156862745098039
eval_combined_score = 0.7323020117137764
eval_f1 = 0.7489177489177489
eval_loss = 0.531758189201355
eval_runtime = 1.8237
eval_samples_per_second = 223.725
