eval_accuracy = 0.8700980392156863
eval_combined_score = 0.8884760846342052
eval_f1 = 0.9068541300527241
eval_loss = 0.5752836465835571
eval_runtime = 2.0826
eval_samples_per_second = 195.91
