eval_accuracy = 0.8504901960784313
eval_combined_score = 0.8694864143097825
eval_f1 = 0.8884826325411335
eval_loss = 0.6084679365158081
eval_runtime = 1.9024
eval_samples_per_second = 214.467
