eval_accuracy = 0.8823529411764706
eval_combined_score = 0.8993646238983398
eval_f1 = 0.9163763066202091
eval_loss = 0.5995039343833923
eval_runtime = 2.0684
eval_samples_per_second = 197.258
