eval_accuracy = 0.7205882352941176
eval_combined_score = 0.7754726890756303
eval_f1 = 0.8303571428571428
eval_loss = 2.0065128803253174
eval_runtime = 2.0676
eval_samples_per_second = 197.326
