eval_accuracy = 0.8333333333333334
eval_combined_score = 0.852996254681648
eval_f1 = 0.8726591760299626
eval_loss = 0.72693932056427
eval_runtime = 2.0213
eval_samples_per_second = 201.85
