eval_accuracy = 0.7475490196078431
eval_combined_score = 0.7634961372129152
eval_f1 = 0.7794432548179872
eval_loss = 1.4924991130828857
eval_runtime = 1.8106
eval_samples_per_second = 225.334
