eval_accuracy = 0.8553921568627451
eval_combined_score = 0.8751114081996434
eval_f1 = 0.8948306595365418
eval_loss = 0.40761908888816833
eval_runtime = 1.8171
eval_samples_per_second = 224.539
