eval_accuracy = 0.8308823529411765
eval_combined_score = 0.8593436154949785
eval_f1 = 0.8878048780487805
eval_loss = 0.43486031889915466
eval_runtime = 1.876
eval_samples_per_second = 217.488
