eval_accuracy = 0.7892156862745098
eval_combined_score = 0.8269977802441731
eval_f1 = 0.8647798742138365
eval_loss = 1.3354692459106445
eval_runtime = 2.0796
eval_samples_per_second = 196.194
