eval_accuracy = 0.8284313725490197
eval_combined_score = 0.8572124289455196
eval_f1 = 0.8859934853420196
eval_loss = 0.5850178599357605
eval_runtime = 2.0653
eval_samples_per_second = 197.551
