eval_accuracy = 0.821078431372549
eval_combined_score = 0.8509959856699614
eval_f1 = 0.8809135399673736
eval_loss = 0.7904478311538696
eval_runtime = 2.2936
eval_samples_per_second = 177.887
