eval_accuracy = 0.8676470588235294
eval_combined_score = 0.8826871657754011
eval_f1 = 0.8977272727272727
eval_loss = 0.3342377841472626
eval_runtime = 1.7975
eval_samples_per_second = 226.986
