eval_accuracy = 0.8627450980392157
eval_combined_score = 0.881012836789392
eval_f1 = 0.8992805755395683
eval_loss = 0.3274019658565521
eval_runtime = 1.8809
eval_samples_per_second = 216.915
