eval_accuracy = 0.8259803921568627
eval_combined_score = 0.855266618842659
eval_f1 = 0.8845528455284551
eval_loss = 0.7683193683624268
eval_runtime = 2.2735
eval_samples_per_second = 179.459
