eval_accuracy = 0.8676470588235294
eval_combined_score = 0.885609243697479
eval_f1 = 0.9035714285714286
eval_loss = 0.6012083292007446
eval_runtime = 1.8859
eval_samples_per_second = 216.341
