eval_accuracy = 0.8455882352941176
eval_combined_score = 0.8705553116769096
eval_f1 = 0.8955223880597015
eval_loss = 0.747750997543335
eval_runtime = 1.7784
eval_samples_per_second = 229.417
