eval_accuracy = 0.7941176470588235
eval_combined_score = 0.8175133689839572
eval_f1 = 0.8409090909090909
eval_loss = 0.44045114517211914
eval_runtime = 1.7828
eval_samples_per_second = 228.85
