eval_accuracy = 0.7083333333333334
eval_combined_score = 0.7662789266371246
eval_f1 = 0.8242245199409158
eval_loss = 0.7008894085884094
eval_runtime = 1.8094
eval_samples_per_second = 225.484
