eval_accuracy = 0.8848039215686274
eval_combined_score = 0.9015323955669224
eval_f1 = 0.9182608695652175
eval_loss = 0.6087855696678162
eval_runtime = 1.8027
eval_samples_per_second = 226.332
