eval_accuracy = 0.7230392156862745
eval_combined_score = 0.7646070864023139
eval_f1 = 0.8061749571183533
eval_loss = 0.5486908555030823
eval_runtime = 1.569
eval_samples_per_second = 260.039
