eval_accuracy = 0.7450980392156863
eval_combined_score = 0.7875816993464053
eval_f1 = 0.8300653594771242
eval_loss = 0.5431483387947083
eval_runtime = 1.5662
eval_samples_per_second = 260.504
