eval_accuracy = 0.7254901960784313
eval_combined_score = 0.7598039215686274
eval_f1 = 0.7941176470588235
eval_loss = 0.5563742518424988
eval_runtime = 1.5573
eval_samples_per_second = 261.987
