eval_accuracy = 0.7671568627450981
eval_combined_score = 0.8012560743534849
eval_f1 = 0.8353552859618717
eval_loss = 0.48686888813972473
eval_runtime = 1.564
eval_samples_per_second = 260.877
