eval_accuracy = 0.7573529411764706
eval_combined_score = 0.7940610859728507
eval_f1 = 0.8307692307692308
eval_loss = 0.5241411328315735
eval_runtime = 1.5672
eval_samples_per_second = 260.339
