eval_accuracy = 0.7622549019607843
eval_combined_score = 0.7967796248934356
eval_f1 = 0.831304347826087
eval_loss = 0.48553919792175293
eval_runtime = 1.5546
eval_samples_per_second = 262.448
