eval_accuracy = 0.7671568627450981
eval_combined_score = 0.8012560743534849
eval_f1 = 0.8353552859618717
eval_loss = 0.4853987693786621
eval_runtime = 1.8329
eval_samples_per_second = 222.597
