eval_accuracy = 0.7696078431372549
eval_combined_score = 0.8034890426758939
eval_f1 = 0.8373702422145329
eval_loss = 0.48638176918029785
eval_runtime = 1.5741
eval_samples_per_second = 259.2
