eval_accuracy = 0.7671568627450981
eval_combined_score = 0.8006813982137357
eval_f1 = 0.8342059336823735
eval_loss = 0.49833640456199646
eval_runtime = 1.6714
eval_samples_per_second = 244.104
