eval_accuracy = 0.7622549019607843
eval_combined_score = 0.7973623387178705
eval_f1 = 0.8324697754749568
eval_loss = 0.49962159991264343
eval_runtime = 1.5557
eval_samples_per_second = 262.269
