eval_accuracy = 0.7573529411764706
eval_combined_score = 0.7934785359927103
eval_f1 = 0.8296041308089501
eval_loss = 0.5121217370033264
eval_runtime = 1.5538
eval_samples_per_second = 262.585
