eval_accuracy = 0.7573529411764706
eval_combined_score = 0.7943493837057821
eval_f1 = 0.8313458262350937
eval_loss = 0.502088189125061
eval_runtime = 1.5614
eval_samples_per_second = 261.309
