eval_accuracy = 0.7377450980392157
eval_combined_score = 0.7827211802595435
eval_f1 = 0.8276972624798712
eval_loss = 0.5582175850868225
eval_runtime = 1.5657
eval_samples_per_second = 260.588
