eval_accuracy = 0.7401960784313726
eval_combined_score = 0.7761264080100125
eval_f1 = 0.8120567375886524
eval_loss = 0.5345191359519958
eval_runtime = 1.7056
eval_samples_per_second = 239.208
