eval_accuracy = 0.7549019607843137
eval_combined_score = 0.7887984981226533
eval_f1 = 0.822695035460993
eval_loss = 0.5223933458328247
eval_runtime = 1.5607
eval_samples_per_second = 261.426
