eval_accuracy = 0.6078431372549019
eval_combined_score = 0.6322477488849616
eval_f1 = 0.6566523605150214
eval_loss = 0.6898921132087708
eval_runtime = 1.8532
eval_samples_per_second = 220.154
