eval_accuracy = 0.7549019607843137
eval_combined_score = 0.7921267483102457
eval_f1 = 0.8293515358361775
eval_loss = 0.504977822303772
eval_runtime = 1.5581
eval_samples_per_second = 261.854
