eval_accuracy = 0.7720588235294118
eval_combined_score = 0.8043070919053035
eval_f1 = 0.8365553602811951
eval_loss = 0.4893483817577362
eval_runtime = 1.5594
eval_samples_per_second = 261.635
