eval_accuracy = 0.696078431372549
eval_combined_score = 0.7323675738952298
eval_f1 = 0.7686567164179106
eval_loss = 0.5693100690841675
eval_runtime = 1.565
eval_samples_per_second = 260.696
