eval_accuracy = 0.7598039215686274
eval_combined_score = 0.7945361071257772
eval_f1 = 0.8292682926829269
eval_loss = 0.5012218356132507
eval_runtime = 1.5543
eval_samples_per_second = 262.491
