eval_accuracy = 0.7671568627450981
eval_combined_score = 0.8021033027276091
eval_f1 = 0.8370497427101201
eval_loss = 0.49572062492370605
eval_runtime = 1.6029
eval_samples_per_second = 254.538
