eval_accuracy = 0.7352941176470589
eval_combined_score = 0.771218487394958
eval_f1 = 0.8071428571428572
eval_loss = 0.5509711503982544
eval_runtime = 1.5763
eval_samples_per_second = 258.833
