eval_accuracy = 0.9392201834862385
eval_loss = 0.2545314133167267
eval_runtime = 4.6515
eval_samples_per_second = 187.466
