eval_accuracy = 0.9415137614678899
eval_loss = 0.20078657567501068
eval_runtime = 3.8912
eval_samples_per_second = 224.098
