eval_accuracy = 0.9369266055045872
eval_loss = 0.39245879650115967
eval_runtime = 4.0599
eval_samples_per_second = 214.784
