eval_accuracy = 0.9346330275229358
eval_loss = 0.3524446189403534
eval_runtime = 4.2654
eval_samples_per_second = 204.437
