eval_accuracy = 0.9357798165137615
eval_loss = 0.3676401674747467
eval_runtime = 4.0482
eval_samples_per_second = 215.406
