eval_accuracy = 0.930045871559633
eval_loss = 0.2998269200325012
eval_runtime = 3.8842
eval_samples_per_second = 224.501
