eval_accuracy = 0.9277522935779816
eval_loss = 0.2464148998260498
eval_runtime = 4.0283
eval_samples_per_second = 216.468
