eval_accuracy = 0.4852941176470588
eval_combined_score = 0.44770323859881034
eval_f1 = 0.41011235955056186
eval_loss = 0.8417196273803711
eval_runtime = 1.5273
eval_samples_per_second = 267.138
