eval_accuracy = 0.3161764705882353
eval_combined_score = 0.15808823529411764
eval_f1 = 0.0
eval_loss = 0.8179176449775696
eval_runtime = 2.2499
eval_samples_per_second = 181.343
