eval_accuracy = 0.7009803921568627
eval_combined_score = 0.7602535096878988
eval_f1 = 0.8195266272189349
eval_loss = 0.5519168376922607
eval_runtime = 1.608
eval_samples_per_second = 253.732
