eval_accuracy = 0.7181372549019608
eval_combined_score = 0.7728617308992562
eval_f1 = 0.8275862068965516
eval_loss = 0.5516228675842285
eval_runtime = 1.5093
eval_samples_per_second = 270.322
