eval_accuracy = 0.6838235294117647
eval_combined_score = 0.7480253018237863
eval_f1 = 0.8122270742358079
eval_loss = 0.8434205651283264
eval_runtime = 1.5133
eval_samples_per_second = 269.609
