eval_accuracy = 0.696078431372549
eval_combined_score = 0.7563232393549135
eval_f1 = 0.8165680473372782
eval_loss = 0.6155436038970947
eval_runtime = 1.5182
eval_samples_per_second = 268.741
