eval_accuracy = 0.6936274509803921
eval_combined_score = 0.7547665973605937
eval_f1 = 0.8159057437407953
eval_loss = 0.6101178526878357
eval_runtime = 1.517
eval_samples_per_second = 268.946
