eval_accuracy = 0.6691176470588235
eval_combined_score = 0.7251584993803031
eval_f1 = 0.7811993517017828
eval_loss = 0.6279548406600952
eval_runtime = 1.5234
eval_samples_per_second = 267.83
