eval_accuracy = 0.44362745098039214
eval_combined_score = 0.37891342337539247
eval_f1 = 0.3141993957703928
eval_loss = 0.7995439171791077
eval_runtime = 1.5301
eval_samples_per_second = 266.658
