eval_accuracy = 0.7622549019607843
eval_combined_score = 0.797937056469243
eval_f1 = 0.8336192109777015
eval_loss = 0.5526358485221863
eval_runtime = 1.5152
eval_samples_per_second = 269.276
