eval_accuracy = 0.696078431372549
eval_combined_score = 0.7543836265624074
eval_f1 = 0.8126888217522659
eval_loss = 0.586065411567688
eval_runtime = 1.5193
eval_samples_per_second = 268.546
