eval_accuracy = 0.3161764705882353
eval_combined_score = 0.15808823529411764
eval_f1 = 0.0
eval_loss = 0.7854669690132141
eval_runtime = 1.5176
eval_samples_per_second = 268.845
