eval_accuracy = 0.8877071481573089
eval_combined_score = 0.8703384500421236
eval_f1 = 0.8529697519269384
eval_loss = 0.27673178911209106
eval_runtime = 162.2685
eval_samples_per_second = 249.155
