eval_accuracy = 0.8835023497402918
eval_combined_score = 0.8648255852706163
eval_f1 = 0.8461488208009407
eval_loss = 0.2762136161327362
eval_runtime = 159.1134
eval_samples_per_second = 254.096
