eval_accuracy = 0.8792233489982686
eval_combined_score = 0.8629530666935517
eval_f1 = 0.8466827843888348
eval_loss = 0.2885890305042267
eval_runtime = 162.7451
eval_samples_per_second = 248.425
