eval_accuracy = 0.8786049962898838
eval_combined_score = 0.855753539953467
eval_f1 = 0.8329020836170502
eval_loss = 0.2829858660697937
eval_runtime = 160.9374
eval_samples_per_second = 251.216
