eval_accuracy = 0.8879792233489983
eval_combined_score = 0.8706549829624295
eval_f1 = 0.8533307425758606
eval_loss = 0.2762431204319
eval_runtime = 158.7475
eval_samples_per_second = 254.681
