eval_accuracy = 0.8819193668068266
eval_combined_score = 0.8663052766979651
eval_f1 = 0.8506911865891036
eval_loss = 0.27052628993988037
eval_runtime = 163.4102
eval_samples_per_second = 247.414
