eval_accuracy = 0.8729656195894138
eval_combined_score = 0.851087757919208
eval_f1 = 0.8292098962490023
eval_loss = 0.30298909544944763
eval_runtime = 162.4652
eval_samples_per_second = 248.853
