eval_accuracy = 0.8445213950037102
eval_combined_score = 0.825086569379174
eval_f1 = 0.8056517437546378
eval_loss = 0.3353482186794281
eval_runtime = 164.0141
eval_samples_per_second = 246.503
