eval_accuracy = 0.8902052930991837
eval_combined_score = 0.8722867940513143
eval_f1 = 0.8543682950034448
eval_loss = 0.2730383276939392
eval_runtime = 161.9969
eval_samples_per_second = 249.573
