eval_accuracy = 0.89248083106604
eval_combined_score = 0.8748212324094371
eval_f1 = 0.857161633752834
eval_loss = 0.283518522977829
eval_runtime = 161.0558
eval_samples_per_second = 251.031
