eval_accuracy = 0.8842691070986891
eval_combined_score = 0.8666497666619828
eval_f1 = 0.8490304262252766
eval_loss = 0.2777625322341919
eval_runtime = 156.5852
eval_samples_per_second = 258.198
