eval_accuracy = 0.8624041553302003
eval_combined_score = 0.8395516114223903
eval_f1 = 0.8166990675145803
eval_loss = 0.3064884543418884
eval_runtime = 157.6082
eval_samples_per_second = 256.522
