eval_accuracy = 0.8927776403660648
eval_combined_score = 0.8757240661648404
eval_f1 = 0.8586704919636162
eval_loss = 0.2673247754573822
eval_runtime = 159.3998
eval_samples_per_second = 253.639
