eval_accuracy = 0.8898590155824883
eval_combined_score = 0.8711677055715986
eval_f1 = 0.852476395560709
eval_loss = 0.2718955874443054
eval_runtime = 162.843
eval_samples_per_second = 248.276
