eval_accuracy = 0.8389809547365817
eval_combined_score = 0.8201496972913819
eval_f1 = 0.801318439846182
eval_loss = 0.36109474301338196
eval_runtime = 159.8537
eval_samples_per_second = 252.919
