eval_accuracy = 0.8865693791738808
eval_combined_score = 0.8703753096187369
eval_f1 = 0.854181240063593
eval_loss = 0.28530314564704895
eval_runtime = 164.2585
eval_samples_per_second = 246.136
