eval_accuracy = 0.8168933959930744
eval_combined_score = 0.7907182542447482
eval_f1 = 0.764543112496422
eval_loss = 0.386027991771698
eval_runtime = 160.1141
eval_samples_per_second = 252.507
