eval_accuracy = 0.888152362107346
eval_combined_score = 0.8694507932392959
eval_f1 = 0.8507492243712456
eval_loss = 0.2656008303165436
eval_runtime = 159.7739
eval_samples_per_second = 253.045
