eval_accuracy = 0.8808063319317339
eval_combined_score = 0.8608002719158487
eval_f1 = 0.8407942118999636
eval_loss = 0.28229454159736633
eval_runtime = 162.8884
eval_samples_per_second = 248.207
