eval_accuracy = 0.8549344546129112
eval_combined_score = 0.8342743585868445
eval_f1 = 0.8136142625607778
eval_loss = 0.32064783573150635
eval_runtime = 164.7461
eval_samples_per_second = 245.408
