eval_accuracy = 0.8788276032649023
eval_combined_score = 0.8576738877271554
eval_f1 = 0.8365201721894084
eval_loss = 0.2900744676589966
eval_runtime = 162.8593
eval_samples_per_second = 248.251
