eval_accuracy = 0.888968587682414
eval_combined_score = 0.8708675796164046
eval_f1 = 0.8527665715503951
eval_loss = 0.26673001050949097
eval_runtime = 161.3675
eval_samples_per_second = 250.546
