eval_accuracy = 0.8676725204056394
eval_combined_score = 0.844395307949242
eval_f1 = 0.8211180954928446
eval_loss = 0.29767483472824097
eval_runtime = 160.5924
eval_samples_per_second = 251.755
