eval_accuracy = 0.8534998763294583
eval_combined_score = 0.8307002511410857
eval_f1 = 0.8079006259527131
eval_loss = 0.3252210021018982
eval_runtime = 161.8699
eval_samples_per_second = 249.768
