eval_accuracy = 0.8900568884491714
eval_combined_score = 0.872862324147955
eval_f1 = 0.8556677598467384
eval_loss = 0.2787712812423706
eval_runtime = 160.8061
eval_samples_per_second = 251.421
