eval_accuracy = 0.8818698985901559
eval_combined_score = 0.8607037975681595
eval_f1 = 0.8395376965461633
eval_loss = 0.2783607840538025
eval_runtime = 160.204
eval_samples_per_second = 252.366
