eval_accuracy = 0.8728914172644077
eval_combined_score = 0.8558086460243268
eval_f1 = 0.838725874784246
eval_loss = 0.30477017164230347
eval_runtime = 162.6037
eval_samples_per_second = 248.641
