eval_accuracy = 0.8870640613405887
eval_combined_score = 0.8700291330527798
eval_f1 = 0.8529942047649709
eval_loss = 0.26971787214279175
eval_runtime = 157.3085
eval_samples_per_second = 257.011
