eval_accuracy = 0.8918377442493198
eval_combined_score = 0.8753205704876447
eval_f1 = 0.8588033967259695
eval_loss = 0.2808658182621002
eval_runtime = 164.3876
eval_samples_per_second = 245.943
