eval_accuracy = 0.8771456838980954
eval_combined_score = 0.8586841424926833
eval_f1 = 0.8402226010872712
eval_loss = 0.2845926284790039
eval_runtime = 159.2068
eval_samples_per_second = 253.946
