eval_accuracy = 0.8786544645065545
eval_combined_score = 0.859424952122984
eval_f1 = 0.8401954397394136
eval_loss = 0.29974883794784546
eval_runtime = 158.3015
eval_samples_per_second = 255.399
