eval_accuracy = 0.8826119218402176
eval_combined_score = 0.8668985860298541
eval_f1 = 0.8511852502194907
eval_loss = 0.2904302775859833
eval_runtime = 162.1355
eval_samples_per_second = 249.359
