eval_accuracy = 0.8313381152609448
eval_combined_score = 0.8003000595592106
eval_f1 = 0.7692620038574763
eval_loss = 0.3662932515144348
eval_runtime = 160.4011
eval_samples_per_second = 252.056
