eval_accuracy = 0.8289389067524116
eval_combined_score = 0.8108744863300703
eval_f1 = 0.7928100659077292
eval_loss = 0.3650874197483063
eval_runtime = 161.3006
eval_samples_per_second = 250.65
