eval_accuracy = 0.8893890675241157
eval_combined_score = 0.8726352363079812
eval_f1 = 0.8558814050918466
eval_loss = 0.28840968012809753
eval_runtime = 159.8652
eval_samples_per_second = 252.901
