eval_accuracy = 0.8903289636408608
eval_combined_score = 0.8739378545634747
eval_f1 = 0.8575467454860887
eval_loss = 0.26714810729026794
eval_runtime = 162.5353
eval_samples_per_second = 248.746
