eval_accuracy = 0.7874845411822904
eval_combined_score = 0.7645936414425161
eval_f1 = 0.7417027417027416
eval_loss = 0.4337218701839447
eval_runtime = 163.1772
eval_samples_per_second = 247.767
