eval_accuracy = 0.8620578778135048
eval_combined_score = 0.8427042105167744
eval_f1 = 0.8233505432200438
eval_loss = 0.31342101097106934
eval_runtime = 159.5402
eval_samples_per_second = 253.416
