eval_accuracy = 0.8696759831808063
eval_combined_score = 0.8477499614426394
eval_f1 = 0.8258239397044725
eval_loss = 0.3012196123600006
eval_runtime = 165.0154
eval_samples_per_second = 245.007
