eval_accuracy = 0.8700964630225081
eval_combined_score = 0.8534396790841299
eval_f1 = 0.8367828951457518
eval_loss = 0.31161269545555115
eval_runtime = 162.4625
eval_samples_per_second = 248.857
