eval_accuracy = 0.8838980954736582
eval_combined_score = 0.8667295105276759
eval_f1 = 0.8495609255816936
eval_loss = 0.2742954194545746
eval_runtime = 158.7823
eval_samples_per_second = 254.625
