eval_accuracy = 0.7269849121939154
eval_combined_score = 0.6978263697668863
eval_f1 = 0.6686678273398571
eval_loss = 0.5012868046760559
eval_runtime = 163.015
eval_samples_per_second = 248.014
