eval_accuracy = 0.8697749196141479
eval_combined_score = 0.8542669961437046
eval_f1 = 0.8387590726732612
eval_loss = 0.30362921953201294
eval_runtime = 160.3496
eval_samples_per_second = 252.137
