eval_accuracy = 0.8641602770220134
eval_combined_score = 0.8423650313494804
eval_f1 = 0.8205697856769473
eval_loss = 0.31052878499031067
eval_runtime = 158.9091
eval_samples_per_second = 254.422
