eval_accuracy = 0.8804353203067029
eval_combined_score = 0.8632872381022979
eval_f1 = 0.8461391558978929
eval_loss = 0.2794853150844574
eval_runtime = 161.0485
eval_samples_per_second = 251.042
