eval_accuracy = 0.8902300272075192
eval_combined_score = 0.870224699732683
eval_f1 = 0.8502193722578468
eval_loss = 0.26551926136016846
eval_runtime = 158.673
eval_samples_per_second = 254.801
