eval_accuracy = 0.8693297056641108
eval_combined_score = 0.8523674418590673
eval_f1 = 0.8354051780540238
eval_loss = 0.31169888377189636
eval_runtime = 165.0869
eval_samples_per_second = 244.901
