eval_accuracy = 0.8856294830571357
eval_combined_score = 0.8699407580449898
eval_f1 = 0.8542520330328438
eval_loss = 0.2751524746417999
eval_runtime = 164.3143
eval_samples_per_second = 246.053
