eval_accuracy = 0.8895374721741282
eval_combined_score = 0.8709603140602247
eval_f1 = 0.8523831559463212
eval_loss = 0.26959922909736633
eval_runtime = 161.2994
eval_samples_per_second = 250.652
