eval_accuracy = 0.8920108830076676
eval_combined_score = 0.875713066439434
eval_f1 = 0.8594152498712004
eval_loss = 0.27310338616371155
eval_runtime = 159.2135
eval_samples_per_second = 253.936
