eval_accuracy = 0.8808063319317339
eval_combined_score = 0.8629895113473931
eval_f1 = 0.8451726907630522
eval_loss = 0.2795034348964691
eval_runtime = 159.9176
eval_samples_per_second = 252.818
