eval_accuracy = 0.8751174870145931
eval_combined_score = 0.8558676455556413
eval_f1 = 0.8366178040966896
eval_loss = 0.29262083768844604
eval_runtime = 160.2789
eval_samples_per_second = 252.248
