eval_accuracy = 0.8914667326242889
eval_combined_score = 0.8753993277149783
eval_f1 = 0.8593319228056678
eval_loss = 0.2769823372364044
eval_runtime = 160.7238
eval_samples_per_second = 251.55
