eval_accuracy = 0.9331868936481786
eval_loss = 0.25260451436042786
eval_runtime = 24.0349
eval_samples_per_second = 227.294
