eval_accuracy = 0.9308072487644151
eval_loss = 0.2654384970664978
eval_runtime = 23.7746
eval_samples_per_second = 229.783
