eval_accuracy = 0.9337360424675087
eval_loss = 0.21891942620277405
eval_runtime = 23.9806
eval_samples_per_second = 227.81
