eval_accuracy = 0.9289767526999817
eval_loss = 0.24178947508335114
eval_runtime = 23.9843
eval_samples_per_second = 227.774
