eval_accuracy = 0.9295259015193117
eval_loss = 0.21670526266098022
eval_runtime = 23.9014
eval_samples_per_second = 228.564
