eval_accuracy = 0.9324546952224053
eval_loss = 0.27016690373420715
eval_runtime = 23.745
eval_samples_per_second = 230.07
