eval_accuracy = 0.8676551345414607
eval_loss = 0.3371729254722595
eval_runtime = 24.0697
eval_samples_per_second = 226.965
