eval_accuracy = 0.9298920007321985
eval_loss = 0.2584867775440216
eval_runtime = 24.0954
eval_samples_per_second = 226.724
