eval_accuracy = 0.9319055464030752
eval_loss = 0.24359101057052612
eval_runtime = 24.6288
eval_samples_per_second = 221.814
