eval_accuracy = 0.9344682408932821
eval_loss = 0.2227911651134491
eval_runtime = 24.2849
eval_samples_per_second = 224.955
