eval_accuracy = 0.9300750503386418
eval_loss = 0.18876855075359344
eval_runtime = 24.6046
eval_samples_per_second = 222.032
