eval_accuracy = 0.9207395204100312
eval_loss = 0.2544659376144409
eval_runtime = 24.279
eval_samples_per_second = 225.009
