eval_accuracy = 0.9306241991579718
eval_loss = 0.22248178720474243
eval_runtime = 23.9977
eval_samples_per_second = 227.647
