eval_accuracy = 0.9330038440417353
eval_loss = 0.2739402949810028
eval_runtime = 24.3779
eval_samples_per_second = 224.097
