eval_accuracy = 0.9341021416803954
eval_loss = 0.20255284011363983
eval_runtime = 24.1518
eval_samples_per_second = 226.194
