eval_accuracy = 0.9335529928610653
eval_loss = 0.2588109076023102
eval_runtime = 24.1071
eval_samples_per_second = 226.613
