eval_accuracy = 0.9353834889254988
eval_loss = 0.2068081647157669
eval_runtime = 24.0217
eval_samples_per_second = 227.419
