eval_accuracy = 0.9136005857587406
eval_loss = 0.23646049201488495
eval_runtime = 23.8909
eval_samples_per_second = 228.664
