eval_accuracy = 0.9146988833974007
eval_loss = 0.2159859985113144
eval_runtime = 24.266
eval_samples_per_second = 225.13
