eval_accuracy = 0.9320885960095185
eval_loss = 0.27189901471138
eval_runtime = 23.9262
eval_samples_per_second = 228.327
