eval_accuracy = 0.8866922936115688
eval_loss = 0.2984387278556824
eval_runtime = 23.9354
eval_samples_per_second = 228.24
