eval_accuracy = 0.9337360424675087
eval_loss = 0.21477621793746948
eval_runtime = 23.9463
eval_samples_per_second = 228.136
