eval_accuracy = 0.933369943254622
eval_loss = 0.27193939685821533
eval_runtime = 24.756
eval_samples_per_second = 220.674
