eval_accuracy = 0.9265971078162182
eval_loss = 0.2109966278076172
eval_runtime = 24.0569
eval_samples_per_second = 227.087
