eval_accuracy = 0.9320885960095185
eval_loss = 0.26709818840026855
eval_runtime = 24.1522
eval_samples_per_second = 226.191
