eval_accuracy = 0.9313563975837452
eval_loss = 0.2773129642009735
eval_runtime = 24.5189
eval_samples_per_second = 222.807
