eval_accuracy = 0.9324546952224053
eval_loss = 0.2134626805782318
eval_runtime = 23.7579
eval_samples_per_second = 229.945
