eval_accuracy = 0.9337360424675087
eval_loss = 0.22985489666461945
eval_runtime = 24.2869
eval_samples_per_second = 224.936
