eval_accuracy = 0.9330038440417353
eval_loss = 0.2504442036151886
eval_runtime = 24.4878
eval_samples_per_second = 223.091
