eval_accuracy = 0.9324546952224053
eval_loss = 0.2676437497138977
eval_runtime = 24.2088
eval_samples_per_second = 225.662
