eval_accuracy = 0.9161632802489474
eval_loss = 0.23619991540908813
eval_runtime = 23.8745
eval_samples_per_second = 228.821
