eval_accuracy = 0.9309902983708584
eval_loss = 0.1960170865058899
eval_runtime = 24.2075
eval_samples_per_second = 225.673
