eval_accuracy = 0.9322716456159619
eval_loss = 0.269612580537796
eval_runtime = 24.3583
eval_samples_per_second = 224.277
