eval_accuracy = 0.885227896760022
eval_loss = 0.3436969220638275
eval_runtime = 24.0297
eval_samples_per_second = 227.344
