eval_accuracy = 0.9309902983708584
eval_loss = 0.24556095898151398
eval_runtime = 24.5097
eval_samples_per_second = 222.891
