eval_accuracy = 0.879919458173165
eval_loss = 0.3021293580532074
eval_runtime = 24.2615
eval_samples_per_second = 225.171
