eval_accuracy = 0.9348343401061687
eval_loss = 0.226482555270195
eval_runtime = 24.4646
eval_samples_per_second = 223.302
