eval_accuracy = 0.9298920007321985
eval_loss = 0.23779986798763275
eval_runtime = 24.212
eval_samples_per_second = 225.632
