eval_accuracy = 0.933369943254622
eval_loss = 0.22430472075939178
eval_runtime = 24.0104
eval_samples_per_second = 227.526
