eval_accuracy = 0.9326377448288486
eval_loss = 0.24098798632621765
eval_runtime = 23.8113
eval_samples_per_second = 229.429
