eval_accuracy = 0.9341021416803954
eval_loss = 0.22303816676139832
eval_runtime = 24.6708
eval_samples_per_second = 221.436
