eval_accuracy = 0.9306241991579718
eval_loss = 0.271308034658432
eval_runtime = 24.3585
eval_samples_per_second = 224.275
