eval_accuracy = 0.9337360424675087
eval_loss = 0.2369905561208725
eval_runtime = 24.2942
eval_samples_per_second = 224.869
