eval_accuracy = 0.9317224967966319
eval_loss = 0.2552899718284607
eval_runtime = 23.9188
eval_samples_per_second = 228.398
