eval_accuracy = 0.9269632070291048
eval_loss = 0.22110597789287567
eval_runtime = 24.2794
eval_samples_per_second = 225.006
