eval_accuracy = 0.9214717188358045
eval_loss = 0.2107103019952774
eval_runtime = 24.1204
eval_samples_per_second = 226.489
