eval_accuracy = 0.9280615046677649
eval_loss = 0.276732861995697
eval_runtime = 23.5393
eval_samples_per_second = 232.08
