eval_accuracy = 0.9278784550613216
eval_loss = 0.22885482013225555
eval_runtime = 24.0061
eval_samples_per_second = 227.567
