eval_accuracy = 0.9313563975837452
eval_loss = 0.27841880917549133
eval_runtime = 23.7496
eval_samples_per_second = 230.024
