eval_accuracy = 0.932820794435292
eval_loss = 0.26147469878196716
eval_runtime = 24.297
eval_samples_per_second = 224.843
