eval_accuracy = 0.9331868936481786
eval_loss = 0.2760927081108093
eval_runtime = 23.9372
eval_samples_per_second = 228.222
