eval_accuracy = 0.9245835621453414
eval_loss = 0.2708145081996918
eval_runtime = 24.1718
eval_samples_per_second = 226.007
