eval_accuracy = 0.9320885960095185
eval_loss = 0.2277255803346634
eval_runtime = 23.9156
eval_samples_per_second = 228.428
