eval_accuracy = 0.932820794435292
eval_loss = 0.20506462454795837
eval_runtime = 24.3535
eval_samples_per_second = 224.321
