eval_accuracy = 0.9324546952224053
eval_loss = 0.2722034454345703
eval_runtime = 24.3762
eval_samples_per_second = 224.112
