eval_accuracy = 0.8508145707486728
eval_loss = 0.34857600927352905
eval_runtime = 24.3077
eval_samples_per_second = 224.744
