eval_accuracy = 0.8881566904631155
eval_loss = 0.27578696608543396
eval_runtime = 24.3711
eval_samples_per_second = 224.159
