eval_accuracy = 0.9256818597840014
eval_loss = 0.20216985046863556
eval_runtime = 23.9311
eval_samples_per_second = 228.28
