eval_accuracy = 0.9344682408932821
eval_loss = 0.25497615337371826
eval_runtime = 23.6669
eval_samples_per_second = 230.829
