eval_accuracy = 0.9315394471901886
eval_loss = 0.2043493241071701
eval_runtime = 24.0556
eval_samples_per_second = 227.099
