eval_accuracy = 0.8753432180120813
eval_loss = 0.2970430850982666
eval_runtime = 24.4456
eval_samples_per_second = 223.475
