eval_accuracy = 0.9220208676551346
eval_loss = 0.20977160334587097
eval_runtime = 23.6329
eval_samples_per_second = 231.161
