eval_accuracy = 0.9315394471901886
eval_loss = 0.2692891061306
eval_runtime = 23.8228
eval_samples_per_second = 229.318
