eval_accuracy = 0.932820794435292
eval_loss = 0.20775459706783295
eval_runtime = 26.4938
eval_samples_per_second = 206.199
