eval_accuracy = 0.8769906644700713
eval_loss = 0.30959048867225647
eval_runtime = 24.298
eval_samples_per_second = 224.834
