eval_accuracy = 0.9322716456159619
eval_loss = 0.20411905646324158
eval_runtime = 24.3995
eval_samples_per_second = 223.898
