eval_accuracy = 0.9282445542742083
eval_loss = 0.1884056180715561
eval_runtime = 23.8082
eval_samples_per_second = 229.458
