eval_accuracy = 0.9337360424675087
eval_loss = 0.18417145311832428
eval_runtime = 24.0996
eval_samples_per_second = 226.684
