eval_accuracy = 0.9342851912868387
eval_loss = 0.23062042891979218
eval_runtime = 24.4724
eval_samples_per_second = 223.231
