eval_accuracy = 0.9317224967966319
eval_loss = 0.2547963261604309
eval_runtime = 27.6494
eval_samples_per_second = 197.581
