eval_accuracy = 0.9170785282811642
eval_loss = 0.25250691175460815
eval_runtime = 23.9833
eval_samples_per_second = 227.784
