eval_accuracy = 0.933369943254622
eval_loss = 0.2245633453130722
eval_runtime = 24.2094
eval_samples_per_second = 225.656
