eval_accuracy = 0.9319055464030752
eval_loss = 0.270229697227478
eval_runtime = 24.0211
eval_samples_per_second = 227.425
