eval_accuracy = 0.9156141314296175
eval_loss = 0.22525537014007568
eval_runtime = 24.3259
eval_samples_per_second = 224.575
