eval_accuracy = 0.9344682408932821
eval_loss = 0.2080214023590088
eval_runtime = 24.3338
eval_samples_per_second = 224.502
