eval_accuracy = 0.9304411495515285
eval_loss = 0.20844300091266632
eval_runtime = 24.4644
eval_samples_per_second = 223.304
