eval_accuracy = 0.9320885960095185
eval_loss = 0.20679888129234314
eval_runtime = 23.9917
eval_samples_per_second = 227.704
