eval_accuracy = 0.9262310086033315
eval_loss = 0.20688359439373016
eval_runtime = 23.8925
eval_samples_per_second = 228.649
