eval_accuracy = 0.9320885960095185
eval_loss = 0.20571774244308472
eval_runtime = 24.221
eval_samples_per_second = 225.548
