eval_accuracy = 0.9322716456159619
eval_loss = 0.2670965790748596
eval_runtime = 24.1885
eval_samples_per_second = 225.851
