eval_accuracy = 0.9337360424675087
eval_loss = 0.23167389631271362
eval_runtime = 24.1818
eval_samples_per_second = 225.914
