eval_accuracy = 0.932820794435292
eval_loss = 0.2804349958896637
eval_runtime = 25.0894
eval_samples_per_second = 217.742
