eval_accuracy = 0.9256818597840014
eval_loss = 0.20055057108402252
eval_runtime = 23.7395
eval_samples_per_second = 230.122
