eval_accuracy = 0.9297089511257551
eval_loss = 0.20670798420906067
eval_runtime = 24.1944
eval_samples_per_second = 225.796
