eval_accuracy = 0.9273293062419916
eval_loss = 0.2295398712158203
eval_runtime = 24.1899
eval_samples_per_second = 225.838
