eval_accuracy = 0.9308072487644151
eval_loss = 0.28176018595695496
eval_runtime = 24.7845
eval_samples_per_second = 220.42
