epoch = 0.28
eval_combined_score = 0.7905667165072437
eval_loss = 1.0151379108428955
eval_pearson = 0.7815428748018185
eval_runtime = 6.512
eval_samples_per_second = 230.345
eval_spearmanr = 0.799590558212669
