epoch = 2.47
eval_combined_score = 0.8993381322392022
eval_loss = 0.4720175862312317
eval_pearson = 0.8987445036564355
eval_runtime = 6.362
eval_samples_per_second = 235.777
eval_spearmanr = 0.8999317608219688
