epoch = 5.86
eval_combined_score = 0.9037960641209769
eval_loss = 0.42749014496803284
eval_pearson = 0.9041911123598597
eval_runtime = 6.2535
eval_samples_per_second = 239.865
eval_spearmanr = 0.9034010158820941
