epoch = 1.83
eval_combined_score = 0.8953727322435823
eval_loss = 0.48778337240219116
eval_pearson = 0.8954634435247021
eval_runtime = 7.7278
eval_samples_per_second = 194.105
eval_spearmanr = 0.8952820209624626
