epoch = 4.42
eval_combined_score = 0.9036870130557609
eval_loss = 0.4112718403339386
eval_pearson = 0.9046452170984213
eval_runtime = 6.9797
eval_samples_per_second = 214.91
eval_spearmanr = 0.9027288090131006
