epoch = 3.89
eval_combined_score = 0.9035734456148448
eval_loss = 0.4286329746246338
eval_pearson = 0.9042240518337488
eval_runtime = 6.4146
eval_samples_per_second = 233.841
eval_spearmanr = 0.9029228393959409
