epoch = 6.78
eval_combined_score = 0.9044503407916749
eval_loss = 0.42533162236213684
eval_pearson = 0.9048905816515682
eval_runtime = 6.4466
eval_samples_per_second = 232.683
eval_spearmanr = 0.9040100999317815
