epoch = 3.97
eval_combined_score = 0.9032149913305747
eval_loss = 0.440326988697052
eval_pearson = 0.9040208233345504
eval_runtime = 6.3543
eval_samples_per_second = 236.059
eval_spearmanr = 0.9024091593265989
