epoch = 2.53
eval_combined_score = 0.8996231646324687
eval_loss = 0.5075663328170776
eval_pearson = 0.8983897528589463
eval_runtime = 6.3688
eval_samples_per_second = 235.522
eval_spearmanr = 0.9008565764059911
