epoch = 4.67
eval_combined_score = 0.9035354482216393
eval_loss = 0.42977240681648254
eval_pearson = 0.9040663310123629
eval_runtime = 6.4306
eval_samples_per_second = 233.26
eval_spearmanr = 0.9030045654309159
