epoch = 3.19
eval_combined_score = 0.8997561286773279
eval_loss = 0.47287988662719727
eval_pearson = 0.9008270721249502
eval_runtime = 6.3437
eval_samples_per_second = 236.455
eval_spearmanr = 0.8986851852297056
