epoch = 1.08
eval_combined_score = 0.8911660665064234
eval_loss = 0.4776473045349121
eval_pearson = 0.8921326351263235
eval_runtime = 7.0061
eval_samples_per_second = 214.1
eval_spearmanr = 0.8901994978865232
