epoch = 0.86
eval_combined_score = 0.8758465192843761
eval_loss = 0.547272264957428
eval_pearson = 0.8744833628023573
eval_runtime = 6.3641
eval_samples_per_second = 235.697
eval_spearmanr = 0.877209675766395
