epoch = 4.83
eval_combined_score = 0.9046641639264466
eval_loss = 0.4171816110610962
eval_pearson = 0.9059063903348324
eval_runtime = 6.3784
eval_samples_per_second = 235.167
eval_spearmanr = 0.9034219375180608
