epoch = 5.44
eval_combined_score = 0.9033116998553035
eval_loss = 0.42907780408859253
eval_pearson = 0.9035352470334687
eval_runtime = 6.3537
eval_samples_per_second = 236.082
eval_spearmanr = 0.9030881526771382
