epoch = 1.39
eval_combined_score = 0.8850965799995147
eval_loss = 0.5686655044555664
eval_pearson = 0.8857012247651439
eval_runtime = 6.3455
eval_samples_per_second = 236.386
eval_spearmanr = 0.8844919352338855
