epoch = 2.72
eval_combined_score = 0.9008219174050434
eval_loss = 0.4269779324531555
eval_pearson = 0.9020074069318815
eval_runtime = 6.5815
eval_samples_per_second = 227.913
eval_spearmanr = 0.8996364278782053
