epoch = 4.0
eval_combined_score = 0.9025470884511393
eval_loss = 0.4371222257614136
eval_pearson = 0.902975537348866
eval_runtime = 6.7303
eval_samples_per_second = 222.873
eval_spearmanr = 0.9021186395534126
