epoch = 5.14
eval_combined_score = 0.9014069230447885
eval_loss = 0.45408138632774353
eval_pearson = 0.8999629088784239
eval_runtime = 7.057
eval_samples_per_second = 212.554
eval_spearmanr = 0.9028509372111531
