epoch = 0.5
eval_combined_score = 0.858526050947021
eval_loss = 0.7444585561752319
eval_pearson = 0.8572727032655288
eval_runtime = 6.7276
eval_samples_per_second = 222.963
eval_spearmanr = 0.8597793986285132
