epoch = 5.92
eval_combined_score = 0.9033439858807197
eval_loss = 0.4293384552001953
eval_pearson = 0.9036225415198909
eval_runtime = 6.3438
eval_samples_per_second = 236.45
eval_spearmanr = 0.9030654302415486
