epoch = 0.61
eval_combined_score = 0.8679475569449068
eval_loss = 0.5896733403205872
eval_pearson = 0.8673836825526018
eval_runtime = 6.2413
eval_samples_per_second = 240.335
eval_spearmanr = 0.8685114313372118
