epoch = 4.11
eval_combined_score = 0.9025196383831955
eval_loss = 0.4460727274417877
eval_pearson = 0.9023427819197843
eval_runtime = 6.3271
eval_samples_per_second = 237.076
eval_spearmanr = 0.9026964948466065
