epoch = 0.56
eval_combined_score = 0.858098060018655
eval_loss = 0.6932255029678345
eval_pearson = 0.8589891911533293
eval_runtime = 6.5877
eval_samples_per_second = 227.697
eval_spearmanr = 0.8572069288839808
