epoch = 3.36
eval_combined_score = 0.8998348274307577
eval_loss = 0.45455193519592285
eval_pearson = 0.89896511592686
eval_runtime = 6.7183
eval_samples_per_second = 223.27
eval_spearmanr = 0.9007045389346555
