epoch = 5.56
eval_combined_score = 0.9039941674280276
eval_loss = 0.42802995443344116
eval_pearson = 0.9046041268147268
eval_runtime = 6.2935
eval_samples_per_second = 238.34
eval_spearmanr = 0.9033842080413285
