epoch = 0.06
eval_combined_score = 0.418740340394906
eval_loss = 2.1604154109954834
eval_pearson = 0.4091026814249278
eval_runtime = 6.6006
eval_samples_per_second = 227.252
eval_spearmanr = 0.4283779993648842
