epoch = 2.03
eval_combined_score = 0.8949737127113145
eval_loss = 0.5516429543495178
eval_pearson = 0.8922472052845942
eval_runtime = 6.3278
eval_samples_per_second = 237.051
eval_spearmanr = 0.8977002201380349
