epoch = 1.64
eval_combined_score = 0.892968435381553
eval_loss = 0.46703726053237915
eval_pearson = 0.8916328415778995
eval_runtime = 7.0215
eval_samples_per_second = 213.629
eval_spearmanr = 0.8943040291852066
