epoch = 4.86
eval_combined_score = 0.9051815052616408
eval_loss = 0.43682095408439636
eval_pearson = 0.9063945440721521
eval_runtime = 6.4024
eval_samples_per_second = 234.288
eval_spearmanr = 0.9039684664511294
