epoch = 0.14
eval_combined_score = 0.6844450178683852
eval_loss = 1.4434551000595093
eval_pearson = 0.6814274907482312
eval_runtime = 6.4087
eval_samples_per_second = 234.057
eval_spearmanr = 0.6874625449885391
