epoch = 0.31
eval_combined_score = 0.8193060404040564
eval_loss = 0.8010311126708984
eval_pearson = 0.814833708771651
eval_runtime = 6.3354
eval_samples_per_second = 236.764
eval_spearmanr = 0.823778372036462
