epoch = 1.72
eval_combined_score = 0.893668799396102
eval_loss = 0.47050029039382935
eval_pearson = 0.892922973445363
eval_runtime = 6.27
eval_samples_per_second = 239.234
eval_spearmanr = 0.894414625346841
