epoch = 3.06
eval_combined_score = 0.898982920441217
eval_loss = 0.4394400119781494
eval_pearson = 0.9003690941253235
eval_runtime = 6.369
eval_samples_per_second = 235.517
eval_spearmanr = 0.8975967467571103
