epoch = 3.69
eval_combined_score = 0.9026203588516684
eval_loss = 0.4480193257331848
eval_pearson = 0.9035239236226144
eval_runtime = 6.6787
eval_samples_per_second = 224.595
eval_spearmanr = 0.9017167940807224
