epoch = 2.06
eval_combined_score = 0.8946049682715494
eval_loss = 0.49175310134887695
eval_pearson = 0.891612819678972
eval_runtime = 6.4508
eval_samples_per_second = 232.528
eval_spearmanr = 0.8975971168641269
