epoch = 1.47
eval_combined_score = 0.8891928227153671
eval_loss = 0.5149849057197571
eval_pearson = 0.889297370730019
eval_runtime = 6.4039
eval_samples_per_second = 234.234
eval_spearmanr = 0.8890882747007152
