epoch = 1.03
eval_combined_score = 0.891492434099997
eval_loss = 0.4721097946166992
eval_pearson = 0.8916979425177287
eval_runtime = 7.06
eval_samples_per_second = 212.465
eval_spearmanr = 0.8912869256822654
