epoch = 3.17
eval_combined_score = 0.899393017669001
eval_loss = 0.44426751136779785
eval_pearson = 0.9008195783616666
eval_runtime = 6.3586
eval_samples_per_second = 235.899
eval_spearmanr = 0.8979664569763355
