epoch = 4.92
eval_combined_score = 0.9038815364365564
eval_loss = 0.44730207324028015
eval_pearson = 0.904057829023331
eval_runtime = 6.3377
eval_samples_per_second = 236.677
eval_spearmanr = 0.9037052438497818
