epoch = 2.61
eval_combined_score = 0.9006559482414335
eval_loss = 0.44812270998954773
eval_pearson = 0.9013976249967955
eval_runtime = 6.3662
eval_samples_per_second = 235.62
eval_spearmanr = 0.8999142714860714
