epoch = 1.11
eval_combined_score = 0.8913701197089354
eval_loss = 0.48447638750076294
eval_pearson = 0.8923073481320538
eval_runtime = 7.0655
eval_samples_per_second = 212.298
eval_spearmanr = 0.8904328912858172
