epoch = 4.58
eval_combined_score = 0.9009049226323423
eval_loss = 0.4855686128139496
eval_pearson = 0.9004512400429335
eval_runtime = 6.6207
eval_samples_per_second = 226.564
eval_spearmanr = 0.9013586052217512
