epoch = 4.81
eval_combined_score = 0.9045687613853173
eval_loss = 0.4476175010204315
eval_pearson = 0.9049670099169054
eval_runtime = 6.431
eval_samples_per_second = 233.244
eval_spearmanr = 0.9041705128537293
