epoch = 3.53
eval_combined_score = 0.9004710331079371
eval_loss = 0.4379081130027771
eval_pearson = 0.900600627175603
eval_runtime = 6.3754
eval_samples_per_second = 235.281
eval_spearmanr = 0.9003414390402711
