epoch = 4.08
eval_combined_score = 0.9029895668907966
eval_loss = 0.4257158637046814
eval_pearson = 0.9040187541237334
eval_runtime = 6.9517
eval_samples_per_second = 215.775
eval_spearmanr = 0.9019603796578596
