epoch = 4.28
eval_combined_score = 0.9023035636817329
eval_loss = 0.43057385087013245
eval_pearson = 0.9021955142985209
eval_runtime = 6.3539
eval_samples_per_second = 236.074
eval_spearmanr = 0.9024116130649449
