epoch = 1.0
eval_combined_score = 0.8906489134920208
eval_loss = 0.5544801354408264
eval_pearson = 0.8902116185219654
eval_runtime = 6.3897
eval_samples_per_second = 234.754
eval_spearmanr = 0.8910862084620762
