epoch = 2.39
eval_combined_score = 0.9000262543448797
eval_loss = 0.42174503207206726
eval_pearson = 0.9015404766043057
eval_runtime = 7.7399
eval_samples_per_second = 193.802
eval_spearmanr = 0.8985120320854537
