epoch = 6.06
eval_combined_score = 0.9038435236368724
eval_loss = 0.4255863428115845
eval_pearson = 0.9035643511789503
eval_runtime = 6.2994
eval_samples_per_second = 238.117
eval_spearmanr = 0.9041226960947945
