epoch = 1.61
eval_combined_score = 0.8933974658899421
eval_loss = 0.4807159900665283
eval_pearson = 0.8929331448923632
eval_runtime = 6.5312
eval_samples_per_second = 229.667
eval_spearmanr = 0.8938617868875209
