epoch = 0.25
eval_combined_score = 0.7613987673563887
eval_loss = 1.118087887763977
eval_pearson = 0.7584761360396983
eval_runtime = 6.3981
eval_samples_per_second = 234.445
eval_spearmanr = 0.764321398673079
