epoch = 1.22
eval_combined_score = 0.8913995512811739
eval_loss = 0.513744056224823
eval_pearson = 0.891405221290352
eval_runtime = 6.4064
eval_samples_per_second = 234.14
eval_spearmanr = 0.8913938812719957
