epoch = 6.11
eval_combined_score = 0.9040305521899916
eval_loss = 0.43124571442604065
eval_pearson = 0.904069050723985
eval_runtime = 6.2985
eval_samples_per_second = 238.153
eval_spearmanr = 0.9039920536559982
