epoch = 4.03
eval_combined_score = 0.9018717549101543
eval_loss = 0.4346928298473358
eval_pearson = 0.9016039076189961
eval_runtime = 6.3622
eval_samples_per_second = 235.766
eval_spearmanr = 0.9021396022013125
