epoch = 5.11
eval_combined_score = 0.9017852838457746
eval_loss = 0.44707804918289185
eval_pearson = 0.9007315077127815
eval_runtime = 6.7578
eval_samples_per_second = 221.966
eval_spearmanr = 0.9028390599787677
