epoch = 1.67
eval_combined_score = 0.8912354766653021
eval_loss = 0.5137301087379456
eval_pearson = 0.891043993743995
eval_runtime = 7.0258
eval_samples_per_second = 213.5
eval_spearmanr = 0.8914269595866091
