epoch = 3.5
eval_combined_score = 0.900642273485707
eval_loss = 0.4297328293323517
eval_pearson = 0.9010122360926666
eval_runtime = 6.3098
eval_samples_per_second = 237.724
eval_spearmanr = 0.9002723108787475
