epoch = 0.53
eval_combined_score = 0.8528503758921433
eval_loss = 1.0811654329299927
eval_pearson = 0.8452985964987979
eval_runtime = 7.1025
eval_samples_per_second = 211.194
eval_spearmanr = 0.8604021552854887
