epoch = 1.97
eval_combined_score = 0.8978638467473731
eval_loss = 0.49721622467041016
eval_pearson = 0.8971033374884599
eval_runtime = 6.447
eval_samples_per_second = 232.666
eval_spearmanr = 0.8986243560062862
