epoch = 1.31
eval_combined_score = 0.8813870567900793
eval_loss = 0.6350345015525818
eval_pearson = 0.8788828531374956
eval_runtime = 7.2019
eval_samples_per_second = 208.279
eval_spearmanr = 0.8838912604426631
