epoch = 4.53
eval_combined_score = 0.9031621080010733
eval_loss = 0.43798184394836426
eval_pearson = 0.9039549766318872
eval_runtime = 7.0415
eval_samples_per_second = 213.023
eval_spearmanr = 0.9023692393702595
