epoch = 3.92
eval_combined_score = 0.9043067393516726
eval_loss = 0.4175280034542084
eval_pearson = 0.9050084413283218
eval_runtime = 6.4013
eval_samples_per_second = 234.328
eval_spearmanr = 0.9036050373750235
