epoch = 1.44
eval_combined_score = 0.8882006437717029
eval_loss = 0.4810923635959625
eval_pearson = 0.8888568751167186
eval_runtime = 6.2461
eval_samples_per_second = 240.152
eval_spearmanr = 0.8875444124266871
