epoch = 5.64
eval_combined_score = 0.9037504289485336
eval_loss = 0.4291084110736847
eval_pearson = 0.9038297368466043
eval_runtime = 6.5685
eval_samples_per_second = 228.364
eval_spearmanr = 0.903671121050463
