epoch = 0.75
eval_combined_score = 0.8756116650242596
eval_loss = 0.5272724628448486
eval_pearson = 0.8755615432493188
eval_runtime = 6.3554
eval_samples_per_second = 236.02
eval_spearmanr = 0.8756617867992004
