epoch = 1.36
eval_combined_score = 0.8912594779894754
eval_loss = 0.5765965580940247
eval_pearson = 0.8919196873542633
eval_runtime = 6.4357
eval_samples_per_second = 233.075
eval_spearmanr = 0.8905992686246874
