epoch = 0.36
eval_combined_score = 0.8472223847175584
eval_loss = 0.788328230381012
eval_pearson = 0.8463333752897277
eval_runtime = 6.5985
eval_samples_per_second = 227.324
eval_spearmanr = 0.8481113941453892
