epoch = 2.86
eval_combined_score = 0.8978427454109075
eval_loss = 0.4409712851047516
eval_pearson = 0.8987558281543669
eval_runtime = 6.3043
eval_samples_per_second = 237.935
eval_spearmanr = 0.8969296626674481
