epoch = 2.44
eval_combined_score = 0.8997027907005694
eval_loss = 0.4387369453907013
eval_pearson = 0.9004326308485437
eval_runtime = 6.3551
eval_samples_per_second = 236.031
eval_spearmanr = 0.898972950552595
