epoch = 1.25
eval_combined_score = 0.8873497509303361
eval_loss = 0.6164950132369995
eval_pearson = 0.8857635261973092
eval_runtime = 6.4094
eval_samples_per_second = 234.031
eval_spearmanr = 0.888935975663363
