epoch = 0.58
eval_combined_score = 0.8676300833007775
eval_loss = 0.6563109755516052
eval_pearson = 0.8672772516428433
eval_runtime = 6.3987
eval_samples_per_second = 234.423
eval_spearmanr = 0.8679829149587118
