epoch = 2.36
eval_combined_score = 0.8988896681809975
eval_loss = 0.4478681683540344
eval_pearson = 0.8994729930304061
eval_runtime = 6.3112
eval_samples_per_second = 237.672
eval_spearmanr = 0.8983063433315889
