epoch = 5.0
eval_combined_score = 0.9037086661147622
eval_loss = 0.4378136694431305
eval_pearson = 0.9038333286768271
eval_runtime = 7.1492
eval_samples_per_second = 209.814
eval_spearmanr = 0.9035840035526973
