epoch = 3.14
eval_combined_score = 0.8979279341127078
eval_loss = 0.4573659598827362
eval_pearson = 0.8988038274520431
eval_runtime = 6.9171
eval_samples_per_second = 216.855
eval_spearmanr = 0.8970520407733725
