epoch = 2.78
eval_combined_score = 0.9013682156826439
eval_loss = 0.4534374177455902
eval_pearson = 0.9027989143115938
eval_runtime = 7.1211
eval_samples_per_second = 210.642
eval_spearmanr = 0.8999375170536942
