epoch = 4.61
eval_combined_score = 0.9026406694153027
eval_loss = 0.438734769821167
eval_pearson = 0.9026930832951604
eval_runtime = 6.3575
eval_samples_per_second = 235.94
eval_spearmanr = 0.9025882555354451
