epoch = 2.64
eval_combined_score = 0.8980679417204259
eval_loss = 0.45350104570388794
eval_pearson = 0.8964512597998914
eval_runtime = 7.1511
eval_samples_per_second = 209.759
eval_spearmanr = 0.8996846236409605
