epoch = 2.75
eval_combined_score = 0.895890526356539
eval_loss = 0.6295791864395142
eval_pearson = 0.8937683181247758
eval_runtime = 7.0609
eval_samples_per_second = 212.437
eval_spearmanr = 0.8980127345883022
