epoch = 0.78
eval_combined_score = 0.8726328422352969
eval_loss = 0.645883321762085
eval_pearson = 0.8688718473447844
eval_runtime = 6.4916
eval_samples_per_second = 231.067
eval_spearmanr = 0.8763938371258094
