epoch = 3.25
eval_combined_score = 0.8978400209117515
eval_loss = 0.4799160957336426
eval_pearson = 0.8969681982124345
eval_runtime = 6.4931
eval_samples_per_second = 231.015
eval_spearmanr = 0.8987118436110686
