epoch = 0.94
eval_combined_score = 0.8840719687488936
eval_loss = 0.5176420211791992
eval_pearson = 0.8832237581965044
eval_runtime = 6.6728
eval_samples_per_second = 224.795
eval_spearmanr = 0.8849201793012826
