epoch = 1.94
eval_combined_score = 0.8958173854339533
eval_loss = 0.5031305551528931
eval_pearson = 0.8940126628833523
eval_runtime = 6.8429
eval_samples_per_second = 219.206
eval_spearmanr = 0.8976221079845542
