epoch = 6.92
eval_combined_score = 0.9049561840102314
eval_loss = 0.42077669501304626
eval_pearson = 0.9056456415772892
eval_runtime = 6.7112
eval_samples_per_second = 223.508
eval_spearmanr = 0.9042667264431735
