epoch = 6.44
eval_combined_score = 0.9049038470472524
eval_loss = 0.4293243885040283
eval_pearson = 0.9057441172575383
eval_runtime = 6.2705
eval_samples_per_second = 239.217
eval_spearmanr = 0.9040635768369663
