epoch = 3.56
eval_combined_score = 0.9003840339906365
eval_loss = 0.4350859522819519
eval_pearson = 0.9008817253400735
eval_runtime = 6.7716
eval_samples_per_second = 221.514
eval_spearmanr = 0.8998863426411995
