epoch = 3.78
eval_combined_score = 0.9028256284271106
eval_loss = 0.4330914318561554
eval_pearson = 0.9038532901196878
eval_runtime = 6.8672
eval_samples_per_second = 218.431
eval_spearmanr = 0.9017979667345332
