epoch = 5.78
eval_combined_score = 0.9038893420606274
eval_loss = 0.4255852997303009
eval_pearson = 0.9045113711782868
eval_runtime = 6.2545
eval_samples_per_second = 239.827
eval_spearmanr = 0.903267312942968
