epoch = 5.61
eval_combined_score = 0.9028223136665197
eval_loss = 0.4276231825351715
eval_pearson = 0.9022178569847961
eval_runtime = 6.3038
eval_samples_per_second = 237.95
eval_spearmanr = 0.9034267703482433
