epoch = 0.89
eval_combined_score = 0.8785129073383797
eval_loss = 0.543179988861084
eval_pearson = 0.8780359152634666
eval_runtime = 6.9465
eval_samples_per_second = 215.936
eval_spearmanr = 0.8789898994132929
