epoch = 0.92
eval_combined_score = 0.8782235516506864
eval_loss = 0.5648897886276245
eval_pearson = 0.8761473915974286
eval_runtime = 6.8097
eval_samples_per_second = 220.273
eval_spearmanr = 0.8802997117039444
