epoch = 1.78
eval_combined_score = 0.8966681465286541
eval_loss = 0.4420071542263031
eval_pearson = 0.8981340977726392
eval_runtime = 6.5698
eval_samples_per_second = 228.317
eval_spearmanr = 0.8952021952846692
