epoch = 6.72
eval_combined_score = 0.9046664779468565
eval_loss = 0.4152662754058838
eval_pearson = 0.9052392544808243
eval_runtime = 6.496
eval_samples_per_second = 230.911
eval_spearmanr = 0.9040937014128888
