epoch = 6.94
eval_combined_score = 0.9048907215560223
eval_loss = 0.42168161273002625
eval_pearson = 0.9055618537120351
eval_runtime = 7.0665
eval_samples_per_second = 212.27
eval_spearmanr = 0.9042195894000096
