epoch = 2.92
eval_combined_score = 0.9007232270301699
eval_loss = 0.4369405210018158
eval_pearson = 0.9025402402085454
eval_runtime = 6.3695
eval_samples_per_second = 235.499
eval_spearmanr = 0.8989062138517944
