epoch = 6.03
eval_combined_score = 0.9034856235352755
eval_loss = 0.42237627506256104
eval_pearson = 0.9036425105977041
eval_runtime = 6.2823
eval_samples_per_second = 238.765
eval_spearmanr = 0.9033287364728471
