epoch = 5.67
eval_combined_score = 0.9046624352188912
eval_loss = 0.43183594942092896
eval_pearson = 0.9054335303743298
eval_runtime = 6.9409
eval_samples_per_second = 216.111
eval_spearmanr = 0.9038913400634527
