epoch = 5.83
eval_combined_score = 0.9032620752038517
eval_loss = 0.43254590034484863
eval_pearson = 0.9033647378949745
eval_runtime = 6.2644
eval_samples_per_second = 239.45
eval_spearmanr = 0.9031594125127289
