epoch = 6.33
eval_combined_score = 0.9045459108717775
eval_loss = 0.43308109045028687
eval_pearson = 0.9051154317994199
eval_runtime = 6.4165
eval_samples_per_second = 233.773
eval_spearmanr = 0.903976389944135
