epoch = 2.11
eval_combined_score = 0.8988736046394499
eval_loss = 0.44965580105781555
eval_pearson = 0.8993026630050833
eval_runtime = 6.5987
eval_samples_per_second = 227.317
eval_spearmanr = 0.8984445462738165
