epoch = 4.72
eval_combined_score = 0.9041026452489511
eval_loss = 0.43212196230888367
eval_pearson = 0.9050041013528229
eval_runtime = 7.1876
eval_samples_per_second = 208.692
eval_spearmanr = 0.9032011891450794
