epoch = 2.5
eval_combined_score = 0.9021309990772354
eval_loss = 0.4185289740562439
eval_pearson = 0.903032119000088
eval_runtime = 6.4985
eval_samples_per_second = 230.822
eval_spearmanr = 0.9012298791543828
