epoch = 6.89
eval_combined_score = 0.9049017286668559
eval_loss = 0.42132702469825745
eval_pearson = 0.9055335956570607
eval_runtime = 6.4226
eval_samples_per_second = 233.549
eval_spearmanr = 0.9042698616766511
