epoch = 5.06
eval_combined_score = 0.9037529306595176
eval_loss = 0.4352297782897949
eval_pearson = 0.9044735574348374
eval_runtime = 6.5151
eval_samples_per_second = 230.235
eval_spearmanr = 0.9030323038841976
