epoch = 6.83
eval_combined_score = 0.9048491724364425
eval_loss = 0.4198393225669861
eval_pearson = 0.9054928622441638
eval_runtime = 6.7617
eval_samples_per_second = 221.838
eval_spearmanr = 0.9042054826287211
