epoch = 5.75
eval_combined_score = 0.9038809091509046
eval_loss = 0.42585641145706177
eval_pearson = 0.9047551389904326
eval_runtime = 6.2652
eval_samples_per_second = 239.419
eval_spearmanr = 0.9030066793113765
