epoch = 5.39
eval_combined_score = 0.9040817237947115
eval_loss = 0.42505040764808655
eval_pearson = 0.9046388444335377
eval_runtime = 6.7419
eval_samples_per_second = 222.49
eval_spearmanr = 0.9035246031558853
