epoch = 3.39
eval_combined_score = 0.8986149201490747
eval_loss = 0.4847489893436432
eval_pearson = 0.8974552557410937
eval_runtime = 6.2632
eval_samples_per_second = 239.495
eval_spearmanr = 0.8997745845570558
