epoch = 2.31
eval_combined_score = 0.8988616198451255
eval_loss = 0.48656490445137024
eval_pearson = 0.8983405646559767
eval_runtime = 6.5964
eval_samples_per_second = 227.395
eval_spearmanr = 0.8993826750342743
