epoch = 6.81
eval_combined_score = 0.9046499930529974
eval_loss = 0.4218924641609192
eval_pearson = 0.905183905674123
eval_runtime = 6.6845
eval_samples_per_second = 224.399
eval_spearmanr = 0.9041160804318717
