epoch = 4.56
eval_combined_score = 0.9052127424350224
eval_loss = 0.4227841794490814
eval_pearson = 0.9068278531940757
eval_runtime = 7.1363
eval_samples_per_second = 210.192
eval_spearmanr = 0.9035976316759691
