epoch = 6.61
eval_combined_score = 0.9043518137961597
eval_loss = 0.4283694624900818
eval_pearson = 0.9049045260266031
eval_runtime = 6.6459
eval_samples_per_second = 225.702
eval_spearmanr = 0.9037991015657162
