epoch = 4.39
eval_combined_score = 0.9025126944219821
eval_loss = 0.43076276779174805
eval_pearson = 0.9032764595097768
eval_runtime = 7.0574
eval_samples_per_second = 212.542
eval_spearmanr = 0.9017489293341875
