epoch = 6.64
eval_combined_score = 0.9051138931038822
eval_loss = 0.4182107746601105
eval_pearson = 0.9061625154194529
eval_runtime = 6.9632
eval_samples_per_second = 215.418
eval_spearmanr = 0.9040652707883117
