epoch = 1.58
eval_combined_score = 0.8948522129645268
eval_loss = 0.47107401490211487
eval_pearson = 0.8958093357329028
eval_runtime = 7.0608
eval_samples_per_second = 212.441
eval_spearmanr = 0.8938950901961508
