epoch = 3.33
eval_combined_score = 0.8956016990125177
eval_loss = 0.5150185823440552
eval_pearson = 0.8926542484762771
eval_runtime = 6.8341
eval_samples_per_second = 219.488
eval_spearmanr = 0.8985491495487583
