epoch = 4.19
eval_combined_score = 0.9022101576455295
eval_loss = 0.4361189305782318
eval_pearson = 0.9022269265758072
eval_runtime = 6.3686
eval_samples_per_second = 235.532
eval_spearmanr = 0.9021933887152517
