epoch = 4.17
eval_combined_score = 0.903352451538386
eval_loss = 0.42137545347213745
eval_pearson = 0.9039850976285957
eval_runtime = 6.3763
eval_samples_per_second = 235.247
eval_spearmanr = 0.9027198054481763
