epoch = 3.28
eval_combined_score = 0.9000541069154118
eval_loss = 0.4289092719554901
eval_pearson = 0.9006519657921046
eval_runtime = 6.7443
eval_samples_per_second = 222.409
eval_spearmanr = 0.899456248038719
