epoch = 4.89
eval_combined_score = 0.9036802945250597
eval_loss = 0.44724756479263306
eval_pearson = 0.9042016401477138
eval_runtime = 6.6474
eval_samples_per_second = 225.653
eval_spearmanr = 0.9031589489024058
