epoch = 4.64
eval_combined_score = 0.9023279697882938
eval_loss = 0.45122525095939636
eval_pearson = 0.9023728159240437
eval_runtime = 6.3407
eval_samples_per_second = 236.568
eval_spearmanr = 0.9022831236525438
