epoch = 0.83
eval_combined_score = 0.8800307769324082
eval_loss = 0.5126150846481323
eval_pearson = 0.8794050198508853
eval_runtime = 6.3467
eval_samples_per_second = 236.344
eval_spearmanr = 0.8806565340139311
