epoch = 5.58
eval_combined_score = 0.9038748887030328
eval_loss = 0.4250965118408203
eval_pearson = 0.9042538344122822
eval_runtime = 6.3109
eval_samples_per_second = 237.684
eval_spearmanr = 0.9034959429937832
