epoch = 5.19
eval_combined_score = 0.9036897548336671
eval_loss = 0.43175768852233887
eval_pearson = 0.9040956308766497
eval_runtime = 6.3403
eval_samples_per_second = 236.582
eval_spearmanr = 0.9032838787906846
