epoch = 1.06
eval_combined_score = 0.8905733795622248
eval_loss = 0.47761231660842896
eval_pearson = 0.8910954161443084
eval_runtime = 7.0627
eval_samples_per_second = 212.384
eval_spearmanr = 0.8900513429801412
