epoch = 6.42
eval_combined_score = 0.904656990579698
eval_loss = 0.4311951994895935
eval_pearson = 0.9051516355710819
eval_runtime = 6.3751
eval_samples_per_second = 235.292
eval_spearmanr = 0.9041623455883139
