epoch = 2.81
eval_combined_score = 0.9010320410490704
eval_loss = 0.41947057843208313
eval_pearson = 0.9022971274395818
eval_runtime = 6.8281
eval_samples_per_second = 219.682
eval_spearmanr = 0.8997669546585589
