epoch = 5.03
eval_combined_score = 0.9038712650758556
eval_loss = 0.4330011308193207
eval_pearson = 0.9046192724681715
eval_runtime = 6.3569
eval_samples_per_second = 235.966
eval_spearmanr = 0.9031232576835397
