epoch = 2.83
eval_combined_score = 0.8999845902522183
eval_loss = 0.5015189051628113
eval_pearson = 0.9005724022575952
eval_runtime = 6.4031
eval_samples_per_second = 234.261
eval_spearmanr = 0.8993967782468414
