epoch = 1.17
eval_combined_score = 0.8853417799099078
eval_loss = 0.6875239014625549
eval_pearson = 0.8821969990569465
eval_runtime = 6.558
eval_samples_per_second = 228.727
eval_spearmanr = 0.8884865607628691
