epoch = 0.44
eval_combined_score = 0.8524380688902806
eval_loss = 0.8321940302848816
eval_pearson = 0.8516510159113911
eval_runtime = 6.4144
eval_samples_per_second = 233.848
eval_spearmanr = 0.8532251218691701
