epoch = 2.97
eval_combined_score = 0.8992731562764755
eval_loss = 0.43061697483062744
eval_pearson = 0.9007736831123412
eval_runtime = 7.0752
eval_samples_per_second = 212.008
eval_spearmanr = 0.89777262944061
