epoch = 4.14
eval_combined_score = 0.9009864712267222
eval_loss = 0.45923861861228943
eval_pearson = 0.9000799898883205
eval_runtime = 6.5103
eval_samples_per_second = 230.406
eval_spearmanr = 0.9018929525651239
