epoch = 0.69
eval_combined_score = 0.8660511069569738
eval_loss = 0.7420916557312012
eval_pearson = 0.8624002276023283
eval_runtime = 6.3419
eval_samples_per_second = 236.524
eval_spearmanr = 0.8697019863116195
