epoch = 0.39
eval_combined_score = 0.8512758370958879
eval_loss = 0.8072423338890076
eval_pearson = 0.8521125311110905
eval_runtime = 6.8158
eval_samples_per_second = 220.076
eval_spearmanr = 0.8504391430806854
