epoch = 3.31
eval_combined_score = 0.8988116225481118
eval_loss = 0.45789775252342224
eval_pearson = 0.898237230201996
eval_runtime = 6.7391
eval_samples_per_second = 222.582
eval_spearmanr = 0.8993860148942274
