epoch = 6.47
eval_combined_score = 0.9050331084134121
eval_loss = 0.4169143736362457
eval_pearson = 0.9060870351519614
eval_runtime = 6.6891
eval_samples_per_second = 224.246
eval_spearmanr = 0.9039791816748628
