epoch = 2.67
eval_combined_score = 0.8994875143816978
eval_loss = 0.5015890598297119
eval_pearson = 0.8988133247224468
eval_runtime = 7.0813
eval_samples_per_second = 211.826
eval_spearmanr = 0.9001617040409489
