epoch = 5.08
eval_combined_score = 0.9026526895795248
eval_loss = 0.44130876660346985
eval_pearson = 0.9025163156560216
eval_runtime = 6.491
eval_samples_per_second = 231.09
eval_spearmanr = 0.9027890635030279
