epoch = 6.08
eval_combined_score = 0.90418780362608
eval_loss = 0.43955445289611816
eval_pearson = 0.9039603522368663
eval_runtime = 6.2961
eval_samples_per_second = 238.244
eval_spearmanr = 0.9044152550152935
