epoch = 3.42
eval_combined_score = 0.9015000128503939
eval_loss = 0.42529311776161194
eval_pearson = 0.9024329245832774
eval_runtime = 6.2892
eval_samples_per_second = 238.504
eval_spearmanr = 0.9005671011175105
