epoch = 1.86
eval_combined_score = 0.8953943690615185
eval_loss = 0.4731788635253906
eval_pearson = 0.8934116392041457
eval_runtime = 6.414
eval_samples_per_second = 233.864
eval_spearmanr = 0.8973770989188914
