epoch = 5.69
eval_combined_score = 0.9043080104266492
eval_loss = 0.423499196767807
eval_pearson = 0.9050913020389705
eval_runtime = 7.0956
eval_samples_per_second = 211.398
eval_spearmanr = 0.9035247188143279
