epoch = 1.5
eval_combined_score = 0.882717281988443
eval_loss = 0.600328803062439
eval_pearson = 0.8806571765889653
eval_runtime = 6.6066
eval_samples_per_second = 227.046
eval_spearmanr = 0.8847773873879207
