epoch = 3.81
eval_combined_score = 0.9014404021531255
eval_loss = 0.44613611698150635
eval_pearson = 0.9019317456301132
eval_runtime = 6.4437
eval_samples_per_second = 232.784
eval_spearmanr = 0.9009490586761376
