epoch = 5.22
eval_combined_score = 0.9047822550717991
eval_loss = 0.4471230208873749
eval_pearson = 0.9055417251496931
eval_runtime = 6.3371
eval_samples_per_second = 236.703
eval_spearmanr = 0.9040227849939051
