epoch = 2.42
eval_combined_score = 0.8993811764752437
eval_loss = 0.43145573139190674
eval_pearson = 0.9005424402834507
eval_runtime = 6.9763
eval_samples_per_second = 215.014
eval_spearmanr = 0.8982199126670367
