epoch = 1.69
eval_combined_score = 0.8906813219162787
eval_loss = 0.48617538809776306
eval_pearson = 0.8892727727570268
eval_runtime = 7.0089
eval_samples_per_second = 214.015
eval_spearmanr = 0.8920898710755306
