epoch = 0.97
eval_combined_score = 0.8899047212178212
eval_loss = 0.5524790287017822
eval_pearson = 0.8905182547836872
eval_runtime = 6.4076
eval_samples_per_second = 234.095
eval_spearmanr = 0.8892911876519551
