epoch = 4.33
eval_combined_score = 0.9021844420929652
eval_loss = 0.449618399143219
eval_pearson = 0.9022631183068712
eval_runtime = 6.4012
eval_samples_per_second = 234.33
eval_spearmanr = 0.9021057658790593
