epoch = 6.17
eval_combined_score = 0.9047096623691191
eval_loss = 0.4118191599845886
eval_pearson = 0.9054359508896638
eval_runtime = 6.3132
eval_samples_per_second = 237.597
eval_spearmanr = 0.9039833738485745
