epoch = 5.33
eval_combined_score = 0.9050423589423924
eval_loss = 0.41641443967819214
eval_pearson = 0.9060327068920888
eval_runtime = 7.3665
eval_samples_per_second = 203.626
eval_spearmanr = 0.9040520109926958
