epoch = 4.25
eval_combined_score = 0.9016951890553948
eval_loss = 0.43854284286499023
eval_pearson = 0.9010395088599528
eval_runtime = 6.3837
eval_samples_per_second = 234.975
eval_spearmanr = 0.902350869250837
