epoch = 6.14
eval_combined_score = 0.9049660308120464
eval_loss = 0.4128541648387909
eval_pearson = 0.9056383351623103
eval_runtime = 6.4316
eval_samples_per_second = 233.223
eval_spearmanr = 0.9042937264617825
