epoch = 2.69
eval_combined_score = 0.8997280224983224
eval_loss = 0.4666423201560974
eval_pearson = 0.8999099588177155
eval_runtime = 6.4598
eval_samples_per_second = 232.204
eval_spearmanr = 0.8995460861789293
