epoch = 3.08
eval_combined_score = 0.8984703864531327
eval_loss = 0.44441935420036316
eval_pearson = 0.8995284675574149
eval_runtime = 6.6296
eval_samples_per_second = 226.259
eval_spearmanr = 0.8974123053488504
