epoch = 2.25
eval_combined_score = 0.9025621019794254
eval_loss = 0.42383602261543274
eval_pearson = 0.9027028071668609
eval_runtime = 6.9804
eval_samples_per_second = 214.887
eval_spearmanr = 0.9024213967919898
