epoch = 1.42
eval_combined_score = 0.8856433756503473
eval_loss = 0.5404254794120789
eval_pearson = 0.8847821901245034
eval_runtime = 6.6141
eval_samples_per_second = 226.787
eval_spearmanr = 0.8865045611761913
