epoch = 0.42
eval_combined_score = 0.8512034325848397
eval_loss = 0.6248932480812073
eval_pearson = 0.8531201499295357
eval_runtime = 6.5205
eval_samples_per_second = 230.042
eval_spearmanr = 0.8492867152401437
