epoch = 4.36
eval_combined_score = 0.9012863535285618
eval_loss = 0.45696133375167847
eval_pearson = 0.9016926466491816
eval_runtime = 6.8025
eval_samples_per_second = 220.507
eval_spearmanr = 0.900880060407942
