epoch = 4.5
eval_combined_score = 0.9039260211794262
eval_loss = 0.4159075617790222
eval_pearson = 0.9050104094245748
eval_runtime = 6.7148
eval_samples_per_second = 223.387
eval_spearmanr = 0.9028416329342775
