epoch = 6.53
eval_combined_score = 0.9053085688148943
eval_loss = 0.4151356518268585
eval_pearson = 0.9064166994885302
eval_runtime = 6.3423
eval_samples_per_second = 236.509
eval_spearmanr = 0.9042004381412585
