epoch = 3.58
eval_combined_score = 0.9012180156321796
eval_loss = 0.4341089129447937
eval_pearson = 0.9022587721420693
eval_runtime = 7.0034
eval_samples_per_second = 214.181
eval_spearmanr = 0.9001772591222899
