epoch = 4.69
eval_combined_score = 0.9026794901427322
eval_loss = 0.44019487500190735
eval_pearson = 0.9026941125975723
eval_runtime = 6.5209
eval_samples_per_second = 230.03
eval_spearmanr = 0.902664867687892
