epoch = 2.94
eval_combined_score = 0.9003616936323131
eval_loss = 0.4267128109931946
eval_pearson = 0.90245643186054
eval_runtime = 7.1174
eval_samples_per_second = 210.751
eval_spearmanr = 0.8982669554040861
