epoch = 6.19
eval_combined_score = 0.9039253210465371
eval_loss = 0.43014127016067505
eval_pearson = 0.9040300583061465
eval_runtime = 6.567
eval_samples_per_second = 228.416
eval_spearmanr = 0.9038205837869278
