epoch = 1.92
eval_combined_score = 0.8980933425131672
eval_loss = 0.4460196793079376
eval_pearson = 0.897638957186741
eval_runtime = 7.145
eval_samples_per_second = 209.937
eval_spearmanr = 0.8985477278395935
