epoch = 5.97
eval_combined_score = 0.9022611033718624
eval_loss = 0.4343418776988983
eval_pearson = 0.9011368972781498
eval_runtime = 6.2743
eval_samples_per_second = 239.069
eval_spearmanr = 0.903385309465575
