epoch = 5.53
eval_combined_score = 0.9043683333959782
eval_loss = 0.4209781587123871
eval_pearson = 0.9053291242149722
eval_runtime = 6.6791
eval_samples_per_second = 224.581
eval_spearmanr = 0.9034075425769841
