epoch = 6.0
eval_combined_score = 0.9030466633108831
eval_loss = 0.4278455376625061
eval_pearson = 0.9027204086238065
eval_runtime = 6.3028
eval_samples_per_second = 237.99
eval_spearmanr = 0.9033729179979598
