epoch = 2.28
eval_combined_score = 0.8982853163252198
eval_loss = 0.4934808611869812
eval_pearson = 0.8960627522143148
eval_runtime = 6.841
eval_samples_per_second = 219.267
eval_spearmanr = 0.900507880436125
