epoch = 6.28
eval_combined_score = 0.9042087502924374
eval_loss = 0.4256395697593689
eval_pearson = 0.9046081570192172
eval_runtime = 7.0199
eval_samples_per_second = 213.68
eval_spearmanr = 0.9038093435656577
