epoch = 3.0
eval_combined_score = 0.8963969157375045
eval_loss = 0.4633881747722626
eval_pearson = 0.8964527083591027
eval_runtime = 6.5837
eval_samples_per_second = 227.834
eval_spearmanr = 0.8963411231159063
