epoch = 2.22
eval_combined_score = 0.9013723099727833
eval_loss = 0.4669414162635803
eval_pearson = 0.901226516393245
eval_runtime = 7.0159
eval_samples_per_second = 213.799
eval_spearmanr = 0.9015181035523214
