epoch = 6.39
eval_combined_score = 0.9041981965621154
eval_loss = 0.4286021590232849
eval_pearson = 0.9044197522902434
eval_runtime = 6.8994
eval_samples_per_second = 217.41
eval_spearmanr = 0.9039766408339874
