epoch = 5.5
eval_combined_score = 0.9045886350960832
eval_loss = 0.4160081446170807
eval_pearson = 0.9056919215117347
eval_runtime = 6.4838
eval_samples_per_second = 231.346
eval_spearmanr = 0.9034853486804316
