epoch = 0.08
eval_combined_score = 0.3941033281145485
eval_loss = 2.136307716369629
eval_pearson = 0.3931089266237612
eval_runtime = 6.6251
eval_samples_per_second = 226.413
eval_spearmanr = 0.3950977296053358
