epoch = 6.56
eval_combined_score = 0.904538325561875
eval_loss = 0.4230141341686249
eval_pearson = 0.9053797364612034
eval_runtime = 6.4147
eval_samples_per_second = 233.838
eval_spearmanr = 0.9036969146625465
