epoch = 1.28
eval_combined_score = 0.890771983799244
eval_loss = 0.5444751977920532
eval_pearson = 0.8913877376338104
eval_runtime = 6.7386
eval_samples_per_second = 222.597
eval_spearmanr = 0.8901562299646778
