epoch = 3.44
eval_combined_score = 0.8973329794874861
eval_loss = 0.5088289976119995
eval_pearson = 0.8954512289866848
eval_runtime = 6.5535
eval_samples_per_second = 228.884
eval_spearmanr = 0.8992147299882874
