epoch = 6.69
eval_combined_score = 0.9045392242414895
eval_loss = 0.4185328483581543
eval_pearson = 0.9050925051514767
eval_runtime = 7.015
eval_samples_per_second = 213.827
eval_spearmanr = 0.9039859433315023
