epoch = 4.06
eval_combined_score = 0.9014103341636648
eval_loss = 0.44676005840301514
eval_pearson = 0.9013295309857645
eval_runtime = 7.1135
eval_samples_per_second = 210.868
eval_spearmanr = 0.901491137341565
