epoch = 1.14
eval_combined_score = 0.8911012736721271
eval_loss = 0.47037622332572937
eval_pearson = 0.8921434641452551
eval_runtime = 6.4252
eval_samples_per_second = 233.455
eval_spearmanr = 0.890059083198999
