epoch = 5.42
eval_combined_score = 0.9036474688886936
eval_loss = 0.43717366456985474
eval_pearson = 0.9038073737929376
eval_runtime = 6.3248
eval_samples_per_second = 237.163
eval_spearmanr = 0.9034875639844496
