epoch = 3.75
eval_combined_score = 0.9032814971413066
eval_loss = 0.4159105718135834
eval_pearson = 0.904711623596682
eval_runtime = 7.0836
eval_samples_per_second = 211.756
eval_spearmanr = 0.9018513706859311
