epoch = 2.56
eval_combined_score = 0.9011055322986504
eval_loss = 0.4328174293041229
eval_pearson = 0.9014219686648651
eval_runtime = 6.3406
eval_samples_per_second = 236.569
eval_spearmanr = 0.9007890959324357
