epoch = 0.33
eval_combined_score = 0.82965378337445
eval_loss = 0.8633674383163452
eval_pearson = 0.8273617727131661
eval_runtime = 6.3333
eval_samples_per_second = 236.842
eval_spearmanr = 0.8319457940357339
