epoch = 0.17
eval_combined_score = 0.6662056209243139
eval_loss = 1.356619119644165
eval_pearson = 0.6543710841371214
eval_runtime = 6.4073
eval_samples_per_second = 234.106
eval_spearmanr = 0.6780401577115063
