epoch = 2.89
eval_combined_score = 0.8988685213212877
eval_loss = 0.4345797598361969
eval_pearson = 0.9004164081754118
eval_runtime = 6.3288
eval_samples_per_second = 237.01
eval_spearmanr = 0.8973206344671636
