epoch = 4.44
eval_combined_score = 0.9011581721553152
eval_loss = 0.4484685957431793
eval_pearson = 0.9010554242095868
eval_runtime = 6.761
eval_samples_per_second = 221.86
eval_spearmanr = 0.9012609201010436
