epoch = 1.53
eval_combined_score = 0.884000988247984
eval_loss = 0.5011997222900391
eval_pearson = 0.8816259118496205
eval_runtime = 7.218
eval_samples_per_second = 207.813
eval_spearmanr = 0.8863760646463474
