epoch = 4.31
eval_combined_score = 0.9012266801041885
eval_loss = 0.43520498275756836
eval_pearson = 0.900652658596514
eval_runtime = 6.4064
eval_samples_per_second = 234.141
eval_spearmanr = 0.901800701611863
