epoch = 3.47
eval_combined_score = 0.9005136261453042
eval_loss = 0.45699459314346313
eval_pearson = 0.9007191531309671
eval_runtime = 6.2717
eval_samples_per_second = 239.17
eval_spearmanr = 0.9003080991596412
