epoch = 3.86
eval_combined_score = 0.9046072564739116
eval_loss = 0.4108212888240814
eval_pearson = 0.9058552337492993
eval_runtime = 6.8172
eval_samples_per_second = 220.032
eval_spearmanr = 0.903359279198524
