epoch = 5.94
eval_combined_score = 0.9030489343986796
eval_loss = 0.43447205424308777
eval_pearson = 0.9026990041622995
eval_runtime = 6.2768
eval_samples_per_second = 238.974
eval_spearmanr = 0.9033988646350597
