epoch = 0.72
eval_combined_score = 0.8670781836563586
eval_loss = 0.6804250478744507
eval_pearson = 0.8647098783915416
eval_runtime = 6.3762
eval_samples_per_second = 235.25
eval_spearmanr = 0.8694464889211756
