epoch = 2.08
eval_combined_score = 0.8997754368931669
eval_loss = 0.4257753789424896
eval_pearson = 0.90055420079746
eval_runtime = 6.3408
eval_samples_per_second = 236.562
eval_spearmanr = 0.8989966729888738
