epoch = 5.36
eval_combined_score = 0.9046475468423985
eval_loss = 0.4206215441226959
eval_pearson = 0.9053794635690158
eval_runtime = 6.9195
eval_samples_per_second = 216.777
eval_spearmanr = 0.903915630115781
