epoch = 4.97
eval_combined_score = 0.9026977819165578
eval_loss = 0.43240487575531006
eval_pearson = 0.9021830801094316
eval_runtime = 6.6896
eval_samples_per_second = 224.228
eval_spearmanr = 0.903212483723684
