epoch = 5.47
eval_combined_score = 0.9039512897936326
eval_loss = 0.42321887612342834
eval_pearson = 0.9046995798558829
eval_runtime = 6.4634
eval_samples_per_second = 232.075
eval_spearmanr = 0.9032029997313822
