epoch = 3.94
eval_combined_score = 0.9022839145035911
eval_loss = 0.4389576315879822
eval_pearson = 0.9016274041898685
eval_runtime = 6.2927
eval_samples_per_second = 238.371
eval_spearmanr = 0.9029404248173137
