epoch = 3.11
eval_combined_score = 0.8983769870038112
eval_loss = 0.47169259190559387
eval_pearson = 0.8993787540935847
eval_runtime = 7.1698
eval_samples_per_second = 209.21
eval_spearmanr = 0.8973752199140377
