epoch = 0.47
eval_combined_score = 0.8546000735403703
eval_loss = 0.6427050828933716
eval_pearson = 0.8539971538711164
eval_runtime = 6.6146
eval_samples_per_second = 226.771
eval_spearmanr = 0.8552029932096241
