epoch = 3.03
eval_combined_score = 0.898404871767007
eval_loss = 0.4305933713912964
eval_pearson = 0.8997257320057369
eval_runtime = 7.1714
eval_samples_per_second = 209.164
eval_spearmanr = 0.8970840115282771
