epoch = 0.81
eval_combined_score = 0.8781326868774766
eval_loss = 0.5498073101043701
eval_pearson = 0.8775138214810235
eval_runtime = 6.3329
eval_samples_per_second = 236.858
eval_spearmanr = 0.8787515522739298
