epoch = 4.75
eval_combined_score = 0.904406112660795
eval_loss = 0.42420494556427
eval_pearson = 0.9050820313630403
eval_runtime = 7.074
eval_samples_per_second = 212.045
eval_spearmanr = 0.9037301939585497
