epoch = 0.64
eval_combined_score = 0.8609934021075645
eval_loss = 0.6155428886413574
eval_pearson = 0.8580835860184107
eval_runtime = 6.2832
eval_samples_per_second = 238.732
eval_spearmanr = 0.8639032181967181
