epoch = 4.22
eval_combined_score = 0.9020768637639769
eval_loss = 0.4491291642189026
eval_pearson = 0.9010753221884946
eval_runtime = 6.4062
eval_samples_per_second = 234.147
eval_spearmanr = 0.9030784053394593
