epoch = 5.25
eval_combined_score = 0.9040122875062337
eval_loss = 0.4364159405231476
eval_pearson = 0.9045734434374695
eval_runtime = 6.4356
eval_samples_per_second = 233.079
eval_spearmanr = 0.903451131574998
