epoch = 5.72
eval_combined_score = 0.9046515881177801
eval_loss = 0.41587525606155396
eval_pearson = 0.9056258096291916
eval_runtime = 6.8089
eval_samples_per_second = 220.299
eval_spearmanr = 0.9036773666063688
