epoch = 6.22
eval_combined_score = 0.9036414909175171
eval_loss = 0.44002482295036316
eval_pearson = 0.9034295688439851
eval_runtime = 7.0848
eval_samples_per_second = 211.719
eval_spearmanr = 0.9038534129910492
