epoch = 3.83
eval_combined_score = 0.9030940992116815
eval_loss = 0.43907874822616577
eval_pearson = 0.9032346045578269
eval_runtime = 6.3587
eval_samples_per_second = 235.896
eval_spearmanr = 0.9029535938655361
