epoch = 4.94
eval_combined_score = 0.9019933850773321
eval_loss = 0.45449405908584595
eval_pearson = 0.9010119093705559
eval_runtime = 6.3319
eval_samples_per_second = 236.896
eval_spearmanr = 0.9029748607841084
