epoch = 6.36
eval_combined_score = 0.9040334236607717
eval_loss = 0.4395412504673004
eval_pearson = 0.9042578258201645
eval_runtime = 7.0989
eval_samples_per_second = 211.301
eval_spearmanr = 0.9038090215013788
