epoch = 1.33
eval_combined_score = 0.8897613244863254
eval_loss = 0.6259362101554871
eval_pearson = 0.8898180250926858
eval_runtime = 6.9946
eval_samples_per_second = 214.45
eval_spearmanr = 0.8897046238799649
