epoch = 6.97
eval_combined_score = 0.9048807755770851
eval_loss = 0.42175447940826416
eval_pearson = 0.9055450766109228
eval_runtime = 7.4761
eval_samples_per_second = 200.64
eval_spearmanr = 0.9042164745432476
