epoch = 5.28
eval_combined_score = 0.903981076838261
eval_loss = 0.4482113718986511
eval_pearson = 0.9043461714540976
eval_runtime = 6.3412
eval_samples_per_second = 236.548
eval_spearmanr = 0.9036159822224243
