epoch = 1.75
eval_combined_score = 0.8958636058661082
eval_loss = 0.4617791771888733
eval_pearson = 0.8962204219315643
eval_runtime = 6.2293
eval_samples_per_second = 240.796
eval_spearmanr = 0.8955067898006522
