epoch = 2.33
eval_combined_score = 0.8988303579069223
eval_loss = 0.44903653860092163
eval_pearson = 0.8997752215267624
eval_runtime = 6.4682
eval_samples_per_second = 231.905
eval_spearmanr = 0.8978854942870822
