epoch = 0.11
eval_combined_score = 0.6270355954019948
eval_loss = 2.0845062732696533
eval_pearson = 0.6250064867762586
eval_runtime = 6.5653
eval_samples_per_second = 228.473
eval_spearmanr = 0.6290647040277312
