epoch = 6.31
eval_combined_score = 0.9041488812961227
eval_loss = 0.4226745665073395
eval_pearson = 0.9045728621452859
eval_runtime = 6.3687
eval_samples_per_second = 235.527
eval_spearmanr = 0.9037249004469594
