epoch = 2.58
eval_combined_score = 0.9012763177739211
eval_loss = 0.42520037293434143
eval_pearson = 0.9013147047864869
eval_runtime = 6.3434
eval_samples_per_second = 236.466
eval_spearmanr = 0.9012379307613555
