epoch = 5.89
eval_combined_score = 0.9029061556411915
eval_loss = 0.4528322219848633
eval_pearson = 0.903037260244529
eval_runtime = 6.2235
eval_samples_per_second = 241.021
eval_spearmanr = 0.902775051037854
