epoch = 3.22
eval_combined_score = 0.9001276330361322
eval_loss = 0.44877880811691284
eval_pearson = 0.9006813222228894
eval_runtime = 6.4827
eval_samples_per_second = 231.386
eval_spearmanr = 0.899573943849375
