epoch = 3.67
eval_combined_score = 0.9014560880249469
eval_loss = 0.4344245195388794
eval_pearson = 0.9013228233381457
eval_runtime = 6.4256
eval_samples_per_second = 233.441
eval_spearmanr = 0.9015893527117482
