epoch = 5.81
eval_combined_score = 0.9039902823089401
eval_loss = 0.43282803893089294
eval_pearson = 0.9044380361827365
eval_runtime = 6.3875
eval_samples_per_second = 234.833
eval_spearmanr = 0.9035425284351437
