eval_accuracy = 0.8655410903173312
eval_loss = 0.6507813930511475
eval_runtime = 40.7123
eval_samples_per_second = 241.5
