eval_accuracy = 0.8667615947925142
eval_loss = 1.015651822090149
eval_runtime = 40.7482
eval_samples_per_second = 241.286
