eval_accuracy = 0.8678553234844626
eval_loss = 0.992555558681488
eval_runtime = 40.7137
eval_samples_per_second = 241.073
