eval_accuracy = 0.8663547599674533
eval_loss = 0.8411946892738342
eval_runtime = 40.7965
eval_samples_per_second = 241.001
