eval_accuracy = 0.8667345899133979
eval_loss = 0.892481803894043
eval_runtime = 40.6966
eval_samples_per_second = 241.175
