eval_accuracy = 0.8664564686737185
eval_loss = 0.7096846103668213
eval_runtime = 40.8007
eval_samples_per_second = 240.976
