eval_accuracy = 0.8663547599674533
eval_loss = 0.9050857424736023
eval_runtime = 40.7392
eval_samples_per_second = 241.34
