eval_accuracy = 0.8639836984207845
eval_loss = 0.8211550116539001
eval_runtime = 40.8266
eval_samples_per_second = 240.407
