eval_accuracy = 0.8542027508914927
eval_loss = 0.3965786099433899
eval_runtime = 40.681
eval_samples_per_second = 241.267
