eval_accuracy = 0.8548140601120734
eval_loss = 0.46272337436676025
eval_runtime = 40.6743
eval_samples_per_second = 241.307
