eval_accuracy = 0.8655119714722364
eval_loss = 0.6514759659767151
eval_runtime = 40.7202
eval_samples_per_second = 241.035
