eval_accuracy = 0.8670402445236882
eval_loss = 0.8937366604804993
eval_runtime = 40.7204
eval_samples_per_second = 241.034
