eval_accuracy = 0.8674735557363711
eval_loss = 1.0263965129852295
eval_runtime = 40.7327
eval_samples_per_second = 241.379
