eval_accuracy = 0.8680838079739626
eval_loss = 1.019124150276184
eval_runtime = 40.7506
eval_samples_per_second = 241.273
