eval_accuracy = 0.8558787632221319
eval_loss = 0.4149315059185028
eval_runtime = 40.7336
eval_samples_per_second = 241.373
