eval_accuracy = 0.8680590932246561
eval_loss = 0.9617294073104858
eval_runtime = 40.7396
eval_samples_per_second = 240.92
