eval_accuracy = 0.8570992676973149
eval_loss = 0.412309467792511
eval_runtime = 40.7778
eval_samples_per_second = 241.111
