eval_accuracy = 0.8669383596535915
eval_loss = 1.0153594017028809
eval_runtime = 40.6714
eval_samples_per_second = 241.324
