eval_accuracy = 0.8374936321956189
eval_loss = 0.43994438648223877
eval_runtime = 40.6899
eval_samples_per_second = 241.215
