eval_accuracy = 0.8647987773815589
eval_loss = 0.571207582950592
eval_runtime = 40.8466
eval_samples_per_second = 240.289
