eval_accuracy = 0.8642893530310749
eval_loss = 0.7044624090194702
eval_runtime = 40.6478
eval_samples_per_second = 241.465
