eval_accuracy = 0.8657445077298617
eval_loss = 0.8108475208282471
eval_runtime = 40.8167
eval_samples_per_second = 240.882
