eval_accuracy = 0.8681609780947529
eval_loss = 1.0015785694122314
eval_runtime = 40.6933
eval_samples_per_second = 241.194
