eval_accuracy = 0.8672701383238405
eval_loss = 0.8217289447784424
eval_runtime = 40.807
eval_samples_per_second = 240.939
