eval_accuracy = 0.86571574121243
eval_loss = 0.6564068794250488
eval_runtime = 40.7154
eval_samples_per_second = 241.064
