eval_accuracy = 0.869077941925624
eval_loss = 0.8370652198791504
eval_runtime = 40.6902
eval_samples_per_second = 241.213
