eval_accuracy = 0.8687957689178194
eval_loss = 0.6032325625419617
eval_runtime = 40.8136
eval_samples_per_second = 240.9
