eval_accuracy = 0.8677786818551668
eval_loss = 0.972236692905426
eval_runtime = 40.7295
eval_samples_per_second = 241.398
