eval_accuracy = 0.8613346917982679
eval_loss = 0.6689685583114624
eval_runtime = 40.751
eval_samples_per_second = 240.853
