eval_accuracy = 0.866659886086249
eval_loss = 0.6482947468757629
eval_runtime = 41.2195
eval_samples_per_second = 238.528
