eval_accuracy = 0.8579724910850739
eval_loss = 0.6754944324493408
eval_runtime = 40.7277
eval_samples_per_second = 240.991
