eval_accuracy = 0.865206316861946
eval_loss = 0.8636123538017273
eval_runtime = 40.6914
eval_samples_per_second = 241.206
