eval_accuracy = 0.8684906427990235
eval_loss = 0.8965520858764648
eval_runtime = 40.7583
eval_samples_per_second = 241.227
