eval_accuracy = 0.8667345899133979
eval_loss = 1.001137614250183
eval_runtime = 40.6849
eval_samples_per_second = 241.244
