eval_accuracy = 0.8673718470301057
eval_loss = 0.6568846106529236
eval_runtime = 40.7707
eval_samples_per_second = 241.153
