eval_accuracy = 0.8656427990235964
eval_loss = 0.8861311674118042
eval_runtime = 41.1869
eval_samples_per_second = 238.717
