eval_accuracy = 0.8669650122050447
eval_loss = 0.3921574354171753
eval_runtime = 40.7148
eval_samples_per_second = 241.484
