eval_accuracy = 0.8329943043124491
eval_loss = 0.4410816431045532
eval_runtime = 40.7551
eval_samples_per_second = 241.246
