eval_accuracy = 0.8325874694873882
eval_loss = 0.4511083960533142
eval_runtime = 40.7254
eval_samples_per_second = 241.422
