eval_accuracy = 0.8705043301069791
eval_loss = 0.9610207080841064
eval_runtime = 40.6111
eval_samples_per_second = 241.683
