eval_accuracy = 0.8626932465419039
eval_loss = 0.8820264339447021
eval_runtime = 40.7259
eval_samples_per_second = 241.419
