eval_accuracy = 0.865206316861946
eval_loss = 0.8794150948524475
eval_runtime = 40.6886
eval_samples_per_second = 241.223
