eval_accuracy = 0.8584214808787632
eval_loss = 0.6183199286460876
eval_runtime = 40.7496
eval_samples_per_second = 241.279
