eval_accuracy = 0.8668633034987795
eval_loss = 0.8996173739433289
eval_runtime = 40.7917
eval_samples_per_second = 241.03
