eval_accuracy = 0.8669650122050447
eval_loss = 0.5772415399551392
eval_runtime = 40.765
eval_samples_per_second = 241.187
