eval_accuracy = 0.8677786818551668
eval_loss = 0.9814239740371704
eval_runtime = 40.7397
eval_samples_per_second = 241.337
