eval_accuracy = 0.8689760570555273
eval_loss = 0.8799092769622803
eval_runtime = 40.6762
eval_samples_per_second = 241.296
