eval_accuracy = 0.8681855166802278
eval_loss = 0.9695203900337219
eval_runtime = 40.8093
eval_samples_per_second = 240.926
