eval_accuracy = 0.8675752644426363
eval_loss = 1.0149675607681274
eval_runtime = 40.7063
eval_samples_per_second = 241.535
