eval_accuracy = 0.8509424350483953
eval_loss = 0.42551758885383606
eval_runtime = 40.6846
eval_samples_per_second = 241.246
