eval_accuracy = 0.8647274206672091
eval_loss = 0.573824942111969
eval_runtime = 40.8525
eval_samples_per_second = 240.671
