eval_accuracy = 0.8604177279673968
eval_loss = 0.5998561978340149
eval_runtime = 40.7585
eval_samples_per_second = 240.808
