eval_accuracy = 0.858726606997559
eval_loss = 0.3947770595550537
eval_runtime = 40.7553
eval_samples_per_second = 241.245
