eval_accuracy = 0.8551197147223637
eval_loss = 0.6189864873886108
eval_runtime = 40.6734
eval_samples_per_second = 241.313
