eval_accuracy = 0.8668364747834947
eval_loss = 1.0068742036819458
eval_runtime = 40.6441
eval_samples_per_second = 241.486
