eval_accuracy = 0.8643205858421481
eval_loss = 0.8091800808906555
eval_runtime = 40.7289
eval_samples_per_second = 241.401
