eval_accuracy = 0.51777890983189
eval_loss = 1.2313636541366577
eval_runtime = 40.7697
eval_samples_per_second = 240.742
