eval_accuracy = 0.8655119714722364
eval_loss = 0.389118492603302
eval_runtime = 40.6608
eval_samples_per_second = 241.388
