eval_accuracy = 0.8407539480387163
eval_loss = 0.4796491861343384
eval_runtime = 40.6652
eval_samples_per_second = 241.361
