eval_accuracy = 0.8678803905614321
eval_loss = 0.8841673731803894
eval_runtime = 40.7574
eval_samples_per_second = 241.232
