eval_accuracy = 0.8643912379011717
eval_loss = 0.8373874425888062
eval_runtime = 40.6915
eval_samples_per_second = 241.205
