eval_accuracy = 0.8687957689178194
eval_loss = 0.8528854846954346
eval_runtime = 40.774
eval_samples_per_second = 241.134
