eval_accuracy = 0.8653376729048007
eval_loss = 0.8564791679382324
eval_runtime = 40.762
eval_samples_per_second = 241.205
