eval_accuracy = 0.8643912379011717
eval_loss = 0.6594431400299072
eval_runtime = 40.7682
eval_samples_per_second = 240.751
