epoch = 6.0
eval_accuracy = 0.8431372549019608
eval_combined_score = 0.8654282765737875
eval_f1 = 0.8877192982456141
eval_loss = 0.9844133257865906
eval_runtime = 2.0199
eval_samples_per_second = 201.986
