epoch = 1.83
eval_accuracy = 0.8480392156862745
eval_combined_score = 0.8723529411764706
eval_f1 = 0.8966666666666667
eval_loss = 0.44126883149147034
eval_runtime = 1.9036
eval_samples_per_second = 214.331
