epoch = 3.65
eval_accuracy = 0.8333333333333334
eval_combined_score = 0.8557347670250895
eval_f1 = 0.8781362007168457
eval_loss = 0.8237881660461426
eval_runtime = 1.861
eval_samples_per_second = 219.236
