epoch = 4.04
eval_accuracy = 0.8382352941176471
eval_combined_score = 0.8612229102167183
eval_f1 = 0.8842105263157894
eval_loss = 0.8418645858764648
eval_runtime = 2.1873
eval_samples_per_second = 186.531
