epoch = 3.91
eval_accuracy = 0.8382352941176471
eval_combined_score = 0.8606070087609512
eval_f1 = 0.8829787234042553
eval_loss = 0.7875730991363525
eval_runtime = 1.8101
eval_samples_per_second = 225.402
