epoch = 5.22
eval_accuracy = 0.8431372549019608
eval_combined_score = 0.8654282765737875
eval_f1 = 0.8877192982456141
eval_loss = 0.9386336207389832
eval_runtime = 1.8174
eval_samples_per_second = 224.492
