epoch = 2.22
eval_accuracy = 0.8406862745098039
eval_combined_score = 0.8644050993891532
eval_f1 = 0.8881239242685025
eval_loss = 0.5170249938964844
eval_runtime = 2.3696
eval_samples_per_second = 172.18
