epoch = 5.87
eval_accuracy = 0.8529411764705882
eval_combined_score = 0.8747464503042597
eval_f1 = 0.896551724137931
eval_loss = 0.9915258884429932
eval_runtime = 1.9527
eval_samples_per_second = 208.945
