epoch = 4.17
eval_accuracy = 0.8455882352941176
eval_combined_score = 0.868947963800905
eval_f1 = 0.8923076923076922
eval_loss = 0.8420173525810242
eval_runtime = 2.3807
eval_samples_per_second = 171.378
