epoch = 6.39
eval_accuracy = 0.8455882352941176
eval_combined_score = 0.8685772501771793
eval_f1 = 0.891566265060241
eval_loss = 1.0183128118515015
eval_runtime = 2.1968
eval_samples_per_second = 185.727
