epoch = 0.39
eval_accuracy = 0.7769607843137255
eval_combined_score = 0.8112308166050801
eval_f1 = 0.8455008488964346
eval_loss = 0.4755532443523407
eval_runtime = 1.7493
eval_samples_per_second = 233.235
