epoch = 0.13
eval_accuracy = 0.6887254901960784
eval_combined_score = 0.7516620151710319
eval_f1 = 0.8145985401459854
eval_loss = 0.5639356970787048
eval_runtime = 2.1572
eval_samples_per_second = 189.138
