epoch = 0.65
eval_accuracy = 0.7598039215686274
eval_combined_score = 0.7845712214847028
eval_f1 = 0.8093385214007782
eval_loss = 0.4927852749824524
eval_runtime = 1.9958
eval_samples_per_second = 204.43
