epoch = 4.83
eval_accuracy = 0.8480392156862745
eval_combined_score = 0.8702001633986927
eval_f1 = 0.8923611111111109
eval_loss = 0.9162613153457642
eval_runtime = 1.8965
eval_samples_per_second = 215.133
