epoch = 3.26
eval_accuracy = 0.8553921568627451
eval_combined_score = 0.8756678597364871
eval_f1 = 0.8959435626102292
eval_loss = 0.745880663394928
eval_runtime = 2.1054
eval_samples_per_second = 193.79
