epoch = 2.09
eval_accuracy = 0.8578431372549019
eval_combined_score = 0.8763853367433929
eval_f1 = 0.894927536231884
eval_loss = 0.34292691946029663
eval_runtime = 1.8892
eval_samples_per_second = 215.969
