epoch = 4.96
eval_accuracy = 0.8529411764705882
eval_combined_score = 0.8759655377302435
eval_f1 = 0.8989898989898989
eval_loss = 0.9701467752456665
eval_runtime = 2.2875
eval_samples_per_second = 178.363
