epoch = 2.35
eval_accuracy = 0.8504901960784313
eval_combined_score = 0.8720164767477672
eval_f1 = 0.893542757417103
eval_loss = 0.6372827291488647
eval_runtime = 2.0934
eval_samples_per_second = 194.897
