epoch = 2.87
eval_accuracy = 0.8578431372549019
eval_combined_score = 0.8783989205438272
eval_f1 = 0.8989547038327526
eval_loss = 0.5483434796333313
eval_runtime = 2.0856
eval_samples_per_second = 195.627
