epoch = 3.78
eval_accuracy = 0.8284313725490197
eval_combined_score = 0.8510387909676507
eval_f1 = 0.8736462093862816
eval_loss = 0.7694700360298157
eval_runtime = 1.8695
eval_samples_per_second = 218.239
