epoch = 1.57
eval_accuracy = 0.8259803921568627
eval_combined_score = 0.8473709724185423
eval_f1 = 0.8687615526802218
eval_loss = 0.38423845171928406
eval_runtime = 1.8402
eval_samples_per_second = 221.717
