epoch = 2.74
eval_accuracy = 0.8529411764705882
eval_combined_score = 0.8742057798729248
eval_f1 = 0.8954703832752613
eval_loss = 0.5766018629074097
eval_runtime = 1.8383
eval_samples_per_second = 221.943
