epoch = 4.7
eval_accuracy = 0.8504901960784313
eval_combined_score = 0.8738117084945276
eval_f1 = 0.897133220910624
eval_loss = 0.9150153994560242
eval_runtime = 1.9334
eval_samples_per_second = 211.032
