epoch = 3.52
eval_accuracy = 0.8651960784313726
eval_combined_score = 0.8849377272572807
eval_f1 = 0.9046793760831888
eval_loss = 0.8031213879585266
eval_runtime = 1.8418
eval_samples_per_second = 221.517
