epoch = 4.43
eval_accuracy = 0.8382352941176471
eval_combined_score = 0.8624166161309885
eval_f1 = 0.8865979381443299
eval_loss = 0.8656560182571411
eval_runtime = 1.8938
eval_samples_per_second = 215.444
