epoch = 5.35
eval_accuracy = 0.8357843137254902
eval_combined_score = 0.8579637132133713
eval_f1 = 0.8801431127012522
eval_loss = 0.9383947253227234
eval_runtime = 2.3369
eval_samples_per_second = 174.593
