epoch = 6.13
eval_accuracy = 0.8406862745098039
eval_combined_score = 0.8640173140313319
eval_f1 = 0.8873483535528597
eval_loss = 1.0114796161651611
eval_runtime = 1.9644
eval_samples_per_second = 207.699
