epoch = 6.65
eval_accuracy = 0.8529411764705882
eval_combined_score = 0.8743872549019608
eval_f1 = 0.8958333333333334
eval_loss = 1.0119361877441406
eval_runtime = 2.1692
eval_samples_per_second = 188.084
