epoch = 3.13
eval_accuracy = 0.8602941176470589
eval_combined_score = 0.8812619816365654
eval_f1 = 0.902229845626072
eval_loss = 0.7235034108161926
eval_runtime = 1.9013
eval_samples_per_second = 214.589
