epoch = 0.91
eval_accuracy = 0.8259803921568627
eval_combined_score = 0.8529225141833383
eval_f1 = 0.8798646362098139
eval_loss = 0.41580331325531006
eval_runtime = 1.8064
eval_samples_per_second = 225.858
