epoch = 5.61
eval_accuracy = 0.8455882352941176
eval_combined_score = 0.8680115089514067
eval_f1 = 0.8904347826086957
eval_loss = 0.9453617930412292
eval_runtime = 1.8148
eval_samples_per_second = 224.82
