epoch = 6.26
eval_accuracy = 0.8431372549019608
eval_combined_score = 0.8654282765737875
eval_f1 = 0.8877192982456141
eval_loss = 0.9926748871803284
eval_runtime = 1.8255
eval_samples_per_second = 223.501
