epoch = 1.43
eval_accuracy = 0.8406862745098039
eval_combined_score = 0.8638213981244671
eval_f1 = 0.8869565217391304
eval_loss = 0.3838720917701721
eval_runtime = 2.1791
eval_samples_per_second = 187.233
