epoch = 1.3
eval_accuracy = 0.8504901960784313
eval_combined_score = 0.8688680185567759
eval_f1 = 0.8872458410351203
eval_loss = 0.36187565326690674
eval_runtime = 1.7554
eval_samples_per_second = 232.426
