epoch = 0.26
eval_accuracy = 0.7965686274509803
eval_combined_score = 0.8245720579528437
eval_f1 = 0.852575488454707
eval_loss = 0.4701981544494629
eval_runtime = 1.8853
eval_samples_per_second = 216.41
