epoch = 0.78
eval_accuracy = 0.8112745098039216
eval_combined_score = 0.8379746889968641
eval_f1 = 0.8646748681898067
eval_loss = 0.4063725173473358
eval_runtime = 1.9875
eval_samples_per_second = 205.28
