epoch = 3.39
eval_accuracy = 0.8504901960784313
eval_combined_score = 0.8716422860884248
eval_f1 = 0.8927943760984183
eval_loss = 0.748720645904541
eval_runtime = 1.77
eval_samples_per_second = 230.507
