epoch = 6.52
eval_accuracy = 0.8504901960784313
eval_combined_score = 0.8723854793217114
eval_f1 = 0.8942807625649914
eval_loss = 1.0097357034683228
eval_runtime = 1.8715
eval_samples_per_second = 218.012
