epoch = 6.78
eval_accuracy = 0.8504901960784313
eval_combined_score = 0.8725680686782484
eval_f1 = 0.8946459412780656
eval_loss = 1.0169098377227783
eval_runtime = 1.7613
eval_samples_per_second = 231.643
