epoch = 5.09
eval_accuracy = 0.8504901960784313
eval_combined_score = 0.8734624155264822
eval_f1 = 0.896434634974533
eval_loss = 0.9432916045188904
eval_runtime = 2.1588
eval_samples_per_second = 188.993
