epoch = 3.0
eval_accuracy = 0.8700980392156863
eval_combined_score = 0.8883118062039631
eval_f1 = 0.9065255731922399
eval_loss = 0.5536546111106873
eval_runtime = 2.1764
eval_samples_per_second = 187.464
