epoch = 1.04
eval_accuracy = 0.8455882352941176
eval_combined_score = 0.868947963800905
eval_f1 = 0.8923076923076922
eval_loss = 0.37402185797691345
eval_runtime = 1.7974
eval_samples_per_second = 226.989
