epoch = 4.3
eval_accuracy = 0.8455882352941176
eval_combined_score = 0.8672385620915033
eval_f1 = 0.8888888888888888
eval_loss = 0.8310675621032715
eval_runtime = 1.8029
eval_samples_per_second = 226.297
