epoch = 6.91
eval_accuracy = 0.8553921568627451
eval_combined_score = 0.8765695619669012
eval_f1 = 0.8977469670710572
eval_loss = 1.015768051147461
eval_runtime = 2.7358
eval_samples_per_second = 149.132
