epoch = 1.96
eval_accuracy = 0.8088235294117647
eval_combined_score = 0.8279411764705882
eval_f1 = 0.8470588235294116
eval_loss = 0.4181728661060333
eval_runtime = 1.9887
eval_samples_per_second = 205.163
