epoch = 2.61
eval_accuracy = 0.8431372549019608
eval_combined_score = 0.8644257703081233
eval_f1 = 0.8857142857142857
eval_loss = 0.6182875037193298
eval_runtime = 2.3014
eval_samples_per_second = 177.287
