epoch = 5.48
eval_accuracy = 0.8455882352941176
eval_combined_score = 0.8687632428614671
eval_f1 = 0.8919382504288165
eval_loss = 0.9768266677856445
eval_runtime = 1.7921
eval_samples_per_second = 227.671
