epoch = 0.52
eval_accuracy = 0.7867647058823529
eval_combined_score = 0.8138576728680503
eval_f1 = 0.8409506398537477
eval_loss = 0.4555272161960602
eval_runtime = 1.8283
eval_samples_per_second = 223.154
