eval_loss = 0.6545374989509583
eval_matthews_correlation = 0.6504099683042353
eval_runtime = 4.5281
eval_samples_per_second = 230.341
