eval_loss = 0.9743694067001343
eval_matthews_correlation = 0.6336264552651618
eval_runtime = 4.5144
eval_samples_per_second = 231.041
