eval_loss = 0.6608766913414001
eval_matthews_correlation = 0.6257458548083874
eval_runtime = 4.5433
eval_samples_per_second = 229.567
