eval_loss = 0.8057443499565125
eval_matthews_correlation = 0.6554754646183806
eval_runtime = 4.5965
eval_samples_per_second = 226.914
