eval_loss = 1.0077579021453857
eval_matthews_correlation = 0.6381997846972579
eval_runtime = 4.4765
eval_samples_per_second = 232.996
