eval_loss = 0.7392172813415527
eval_matthews_correlation = 0.6313877474789971
eval_runtime = 4.5039
eval_samples_per_second = 231.578
