eval_loss = 0.41495969891548157
eval_matthews_correlation = 0.6331219341866674
eval_runtime = 4.5333
eval_samples_per_second = 230.075
