eval_loss = 0.656165361404419
eval_matthews_correlation = 0.5973321226133623
eval_runtime = 4.7099
eval_samples_per_second = 221.447
