eval_loss = 0.41411644220352173
eval_matthews_correlation = 0.6113966932392818
eval_runtime = 4.6167
eval_samples_per_second = 225.918
