eval_loss = 0.41631004214286804
eval_matthews_correlation = 0.6405524427991953
eval_runtime = 4.6311
eval_samples_per_second = 225.215
