eval_loss = 0.7951341271400452
eval_matthews_correlation = 0.633394441462457
eval_runtime = 4.5125
eval_samples_per_second = 231.135
