eval_loss = 0.8730487823486328
eval_matthews_correlation = 0.6414071549626057
eval_runtime = 4.6296
eval_samples_per_second = 225.287
