eval_loss = 0.6039088368415833
eval_matthews_correlation = 0.6479802060710294
eval_runtime = 4.5839
eval_samples_per_second = 227.534
