eval_loss = 0.9411561489105225
eval_matthews_correlation = 0.6087377427264596
eval_runtime = 4.5062
eval_samples_per_second = 231.458
