eval_loss = 1.0026755332946777
eval_matthews_correlation = 0.6281691768918801
eval_runtime = 4.6072
eval_samples_per_second = 226.385
