eval_loss = 0.5611450672149658
eval_matthews_correlation = 0.6660250068114778
eval_runtime = 4.5145
eval_samples_per_second = 231.032
