eval_loss = 0.8424246907234192
eval_matthews_correlation = 0.6506644630001874
eval_runtime = 4.4701
eval_samples_per_second = 233.328
