eval_loss = 1.0024398565292358
eval_matthews_correlation = 0.6281691768918801
eval_runtime = 4.4983
eval_samples_per_second = 231.866
