eval_loss = 0.9000473022460938
eval_matthews_correlation = 0.6231769752814784
eval_runtime = 4.7468
eval_samples_per_second = 219.725
