eval_loss = 0.3884967267513275
eval_matthews_correlation = 0.6307674593953669
eval_runtime = 4.5806
eval_samples_per_second = 227.698
