eval_loss = 0.48057618737220764
eval_matthews_correlation = 0.5301189677316009
eval_runtime = 4.5434
eval_samples_per_second = 229.564
