eval_loss = 0.7876033186912537
eval_matthews_correlation = 0.6481914570909114
eval_runtime = 4.5257
eval_samples_per_second = 230.463
