eval_loss = 0.5303483605384827
eval_matthews_correlation = 0.6331226125493414
eval_runtime = 4.4601
eval_samples_per_second = 233.849
