eval_loss = 0.5162022113800049
eval_matthews_correlation = 0.45980625479422976
eval_runtime = 4.6713
eval_samples_per_second = 223.276
