eval_loss = 0.6717826724052429
eval_matthews_correlation = 0.643238585646159
eval_runtime = 4.5741
eval_samples_per_second = 228.022
