eval_loss = 0.9980897307395935
eval_matthews_correlation = 0.633394441462457
eval_runtime = 4.7113
eval_samples_per_second = 221.381
