eval_loss = 0.657108724117279
eval_matthews_correlation = 0.6675982937881568
eval_runtime = 4.5141
eval_samples_per_second = 231.054
