eval_loss = 0.968612790107727
eval_matthews_correlation = 0.6257458548083874
eval_runtime = 4.5184
eval_samples_per_second = 230.832
