eval_loss = 0.844190776348114
eval_matthews_correlation = 0.6356548691438597
eval_runtime = 4.5426
eval_samples_per_second = 229.606
