eval_loss = 0.9202432632446289
eval_matthews_correlation = 0.6281549838358158
eval_runtime = 4.521
eval_samples_per_second = 230.7
