eval_loss = 0.5611814856529236
eval_matthews_correlation = 0.35103786182164654
eval_runtime = 4.6424
eval_samples_per_second = 224.669
