eval_loss = 0.4874270558357239
eval_matthews_correlation = 0.5720942826028621
eval_runtime = 4.4934
eval_samples_per_second = 232.12
