eval_loss = 0.6017826795578003
eval_matthews_correlation = 0.6576861083353279
eval_runtime = 4.4992
eval_samples_per_second = 231.82
