eval_loss = 0.4467982053756714
eval_matthews_correlation = 0.6289232607217443
eval_runtime = 4.448
eval_samples_per_second = 234.487
