eval_loss = 0.837746798992157
eval_matthews_correlation = 0.6231769752814784
eval_runtime = 4.5778
eval_samples_per_second = 227.837
