eval_loss = 0.6390717029571533
eval_matthews_correlation = 0.6387633836200423
eval_runtime = 4.5832
eval_samples_per_second = 227.572
