eval_loss = 0.830514132976532
eval_matthews_correlation = 0.6556038249192475
eval_runtime = 4.5109
eval_samples_per_second = 231.218
