eval_loss = 0.9231902956962585
eval_matthews_correlation = 0.6455219823779293
eval_runtime = 4.6082
eval_samples_per_second = 226.335
