eval_loss = 0.906972348690033
eval_matthews_correlation = 0.6306425398187112
eval_runtime = 4.52
eval_samples_per_second = 230.753
